#  time, MeanKE MeanKEDR MeanP
0 1.24924716013033330E-01 4.68467768164619505E-04 -5.53602782891480650E-18
1.47262156E-02 1.24913703513953298E-01 6.33234858383459028E-04 2.39567854088675643E-04
2.94625149E-02 1.24903800129717926E-01 6.33220170769453142E-04 2.68641691438232968E-04
4.42002660E-02 1.24894263612611606E-01 6.33239671839781683E-04 2.55329740080551633E-04
5.89398871E-02 1.24884844137536533E-01 6.33291530789336222E-04 2.26556966502412896E-04
7.36818546E-02 1.24875457852927890E-01 6.33375177832889405E-04 1.80805440045475564E-04
8.84266624E-02 1.24866076282932836E-01 6.33490477527408791E-04 1.18136187985853685E-04
1.03174810E-01 1.24856689413163940E-01 6.33637451341398871E-04 3.83552888100091057E-05
1.17925981E-01 1.24847293901629783E-01 6.33816175071179821E-04 -5.84333242911203932E-05
1.32678858E-01 1.24837889099868912E-01 6.34026735891475243E-04 -1.72177972095544606E-04
1.47433942E-01 1.24828473880142884E-01 6.34269255264121277E-04 -3.02820736418483246E-04
1.62191736E-01 1.24819047341408224E-01 6.34543874680348332E-04 -4.50298681099380743E-04
1.76952739E-01 1.24809608657319243E-01 6.34850752255724030E-04 -6.14544274363792282E-04
1.91717446E-01 1.24800157025539080E-01 6.35190061989071206E-04 -7.95485264488614459E-04
2.06486350E-01 1.24790691650860971E-01 6.35561993298864258E-04 -9.93044637483869947E-04
2.21259937E-01 1.24781211739550424E-01 6.35966750661911607E-04 -1.20714052665837641E-03
2.36038690E-01 1.24771716497468044E-01 6.36404553293894561E-04 -1.43768609969292045E-03
2.50823088E-01 1.24762205129438739E-01 6.36875634849848760E-04 -1.68458943129717702E-03
2.65613603E-01 1.24752676839019846E-01 6.37380243136426898E-04 -1.94775336493839438E-03
2.80410700E-01 1.24743130828445320E-01 6.37918639832076007E-04 -2.22707536512709676E-03
2.95214841E-01 1.24733566298579970E-01 6.38491100213967803E-04 -2.52244735993056466E-03
3.10026478E-01 1.24723982448920481E-01 6.39097912890009066E-04 -2.83375557472802806E-03
3.24844761E-01 1.24714379317801188E-01 6.39739328283537570E-04 -3.16085179209366855E-03
3.39669016E-01 1.24704756829938881E-01 6.40415599764733944E-04 -3.50357997428107698E-03
3.54499701E-01 1.24695114169630847E-01 6.41127033314093145E-04 -3.86180082307453635E-03
3.69337269E-01 1.24685450519427130E-01 6.41873952468113873E-04 -4.23536942891090430E-03
3.84182165E-01 1.24675765060097643E-01 6.42656692766188620E-04 -4.62413469183503307E-03
3.99034827E-01 1.24666056970665184E-01 6.43475601473801118E-04 -5.02793899341765025E-03
4.13895683E-01 1.24656325428403519E-01 6.44331037306914442E-04 -5.44661799007612087E-03
4.28765154E-01 1.24646569608863667E-01 6.45223370156719728E-04 -5.88000040027973712E-03
4.43643652E-01 1.24636788685898017E-01 6.46152980813889514E-04 -6.32790778622486540E-03
4.58531578E-01 1.24626981831672451E-01 6.47120260692100229E-04 -6.79015432904506253E-03
4.73429325E-01 1.24617148216694992E-01 6.48125611550630929E-04 -7.26654660002048515E-03
4.88337276E-01 1.24607287009836448E-01 6.49169445216047085E-04 -7.75688332610051465E-03
5.03255803E-01 1.24597397378350891E-01 6.50252183303205115E-04 -8.26095515265457339E-03
5.18185268E-01 1.24587478487896822E-01 6.51374256934926813E-04 -8.77854440088537795E-03
5.33126022E-01 1.24577529502557405E-01 6.52536106457633834E-04 -9.30942482434113719E-03
5.48077897E-01 1.24567549924688895E-01 6.53738144474121747E-04 -9.85334291390865813E-03
5.63039763E-01 1.24557539894237249E-01 6.54980711757920608E-04 -1.04099989606907563E-02
5.78011979E-01 1.24547498550904912E-01 6.56264248430190635E-04 -1.09791357534089352E-02
5.92994897E-01 1.24537425032808305E-01 6.57589216826836632E-04 -1.15604875832878481E-02
6.07988853E-01 1.24527318476402082E-01 6.58956087244059780E-04 -1.21537794433067888E-02
6.22994176E-01 1.24517178016500807E-01 6.60365337643022804E-04 -1.27587266826823479E-02
6.38011179E-01 1.24507002786293577E-01 6.61817453353505435E-04 -1.33750347650274659E-02
6.53040166E-01 1.24496791917399652E-01 6.63312926776800588E-04 -1.40023990305364089E-02
6.68081427E-01 1.24486544539902544E-01 6.64852257087630112E-04 -1.46405044594996869E-02
6.83135240E-01 1.24476259782408560E-01 6.66435949935501189E-04 -1.52890254440547994E-02
6.98201870E-01 1.24465936772074764E-01 6.68064517145352155E-04 -1.59476255624934095E-02
7.13281571E-01 1.24455574634679419E-01 6.69738476417199437E-04 -1.66159573620639940E-02
7.28374582E-01 1.24445172494648648E-01 6.71458351024112766E-04 -1.72936621498781251E-02
7.43481128E-01 1.24434729475122408E-01 6.73224669507749415E-04 -1.79803697905893851E-02
7.58601425E-01 1.24424244698007114E-01 6.75037965371237561E-04 -1.86756985186497283E-02
7.73735671E-01 1.24413717284019190E-01 6.76898776770170534E-04 -1.93792547576125442E-02
7.88884054E-01 1.24403146352758648E-01 6.78807646203061568E-04 -2.00906329549023835E-02
8.04046746E-01 1.24392531022763209E-01 6.80765120202209790E-04 -2.08094154304375722E-02
8.19223906E-01 1.24381870411570034E-01 6.82771749026175922E-04 -2.15351722385955097E-02
8.34415681E-01 1.24371163635791288E-01 6.84828086354103836E-04 -2.22674610491233188E-02
8.49622148E-01 1.24360409848842376E-01 6.86934682465269566E-04 -2.30058244636925785E-02
8.64842353E-01 1.24349608928268393E-01 6.89091961212802027E-04 -2.37497426271547421E-02
8.80076450E-01 1.24338759959943757E-01 6.91300461800744941E-04 -2.44987367938005046E-02
8.95324582E-01 1.24327862029138439E-01 6.93560745535188781E-04 -2.52523162206525903E-02
9.10586877E-01 1.24316914220473418E-01 6.95873376119857546E-04 -2.60099776938792389E-02
9.25863446E-01 1.24305915617954316E-01 6.98238919374957246E-04 -2.67712055784271041E-02
9.41154391E-01 1.24294865305026508E-01 7.00657942959047688E-04 -2.75354718461260535E-02
9.56459795E-01 1.24283762364659905E-01 7.03131016094938276E-04 -2.83022361282627977E-02
9.71779731E-01 1.24272605879418019E-01 7.05658709300349858E-04 -2.90709458010422507E-02
9.87114255E-01 1.24261394931546795E-01 7.08241594124171705E-04 -2.98410360999116289E-02
1.00246341E+00 1.24250128603041535E-01 7.10880242889434040E-04 -3.06119302678586648E-02
1.01782723E+00 1.24238805975728867E-01 7.13575228443536587E-04 -3.13830397390436819E-02
1.03320572E+00 1.24227426131334973E-01 7.16327123916875026E-04 -3.21537643534743553E-02
1.04859889E+00 1.24215988151563969E-01 7.19136502490257947E-04 -3.29234926140588927E-02
1.06400672E+00 1.24204491118157345E-01 7.22003937172068172E-04 -3.36916019785523518E-02
1.07942920E+00 1.24192934112959535E-01 7.24930000585776477E-04 -3.44574591898916260E-02
1.09486627E+00 1.24181316217979412E-01 7.27915264768428847E-04 -3.52204206502913994E-02
1.11031788E+00 1.24169636515442092E-01 7.30960300980930833E-04 -3.59798328325723060E-02
1.12578398E+00 1.24157894087838311E-01 7.34065679530908214E-04 -3.67350327371031293E-02
1.14126447E+00 1.24146088017968476E-01 7.37231969608805764E-04 -3.74853483886371727E-02
1.15675927E+00 1.24134217388977564E-01 7.40459739138241667E-04 -3.82300993791779009E-02
1.17226827E+00 1.24122281284389097E-01 7.43749554641293434E-04 -3.89685974525518161E-02
1.18779136E+00 1.24110278788123946E-01 7.47101981119686919E-04 -3.97001471350474852E-02
1.20332839E+00 1.24098208984516609E-01 7.50517581952710221E-04 -4.04240464092648216E-02
1.21887923E+00 1.24086070958319555E-01 7.53996918812567854E-04 -4.11395874333330483E-02
1.23444373E+00 1.24073863794699576E-01 7.57540551598159416E-04 -4.18460573024013183E-02
1.25002171E+00 1.24061586579225225E-01 7.61149038387950072E-04 -4.25427388560083442E-02
1.26561301E+00 1.24049238397832787E-01 7.64822935412757632E-04 -4.32289115273990707E-02
1.28121742E+00 1.24036818336796403E-01 7.68562797049218813E-04 -4.39038522331488545E-02
1.29683475E+00 1.24024325482672976E-01 7.72369175834719036E-04 -4.45668363074587653E-02
1.31246479E+00 1.24011758922232512E-01 7.76242622504387785E-04 -4.52171384702000634E-02
1.32810731E+00 1.23999117742380441E-01 7.80183686050997527E-04 -4.58540338381279167E-02
1.34376209E+00 1.23986401030060867E-01 7.84192913808308390E-04 -4.64767989673107937E-02
1.35942889E+00 1.23973607872141608E-01 7.88270851558511409E-04 -4.70847129308015130E-02
1.37510744E+00 1.23960737355278613E-01 7.92418043664304297E-04 -4.76770584270854586E-02
1.39079751E+00 1.23947788565769490E-01 7.96635033226039072E-04 -4.82531229150870780E-02
1.40649881E+00 1.23934760589382825E-01 8.00922362264458259E-04 -4.88121997757662227E-02
1.42221107E+00 1.23921652511166783E-01 8.05280571929272619E-04 -4.93535894939863204E-02
1.43793402E+00 1.23908463415233566E-01 8.09710202733900683E-04 -4.98766008580966910E-02
1.45366735E+00 1.23895192384529201E-01 8.14211794816580188E-04 -5.03805521765431780E-02
1.46941077E+00 1.23881838500578711E-01 8.18785888228051482E-04 -5.08647724999186437E-02
1.48516397E+00 1.23868400843200790E-01 8.23433023245806689E-04 -5.13286028546682122E-02
1.50092665E+00 1.23854878490204143E-01 8.28153740714930022E-04 -5.17713974737026919E-02
1.51669850E+00 1.23841270517063479E-01 8.32948582415637224E-04 -5.21925250286274442E-02
1.53247918E+00 1.23827575996555861E-01 8.37818091457165348E-04 -5.25913698527885609E-02
1.54826838E+00 1.23813793998380578E-01 8.42762812698123038E-04 -5.29673331536631153E-02
1.56406577E+00 1.23799923588756328E-01 8.47783293192878895E-04 -5.33198342105191542E-02
1.57987101E+00 1.23785963829968371E-01 8.52880082663864448E-04 -5.36483115510580783E-02
1.59568378E+00 1.23771913779921527E-01 8.58053733999532601E-04 -5.39522241040845535E-02
1.61150372E+00 1.23757772491622897E-01 8.63304803777471949E-04 -5.42310523219452154E-02
1.62733052E+00 1.23743539012668310E-01 8.68633852812445827E-04 -5.44842992656604450E-02
1.64316381E+00 1.23729212384680001E-01 8.74041446729049249E-04 -5.47114916469313844E-02
1.65900328E+00 1.23714791642709723E-01 8.79528156558290935E-04 -5.49121808164791253E-02
1.67484856E+00 1.23700275814622451E-01 8.85094559357906354E-04 -5.50859436937712055E-02
1.69069933E+00 1.23685663920436673E-01 8.90741238855846684E-04 -5.52323836309247668E-02
1.70655525E+00 1.23670954971632982E-01 8.96468786116513664E-04 -5.53511312017441054E-02
1.72241597E+00 1.23656147970431993E-01 9.02277800229178326E-04 -5.54418448760338883E-02
1.73828117E+00 1.23641241909026880E-01 9.08168889018378007E-04 -5.55042113432573717E-02
1.75415052E+00 1.23626235768795126E-01 9.14142669775584119E-04 -5.55379434039416503E-02
1.77002368E+00 1.23611128519460503E-01 9.20199770012692731E-04 -5.55426605621458583E-02
1.78590033E+00 1.23595919118226344E-01 9.26340828230927090E-04 -5.55188110392332221E-02
1.80178017E+00 1.23580606508902430E-01 9.32566494723456769E-04 -5.54649406485550611E-02
1.81766286E+00 1.23565189620885460E-01 9.38877432381560639E-04 -5.53820114632181740E-02
1.83354812E+00 1.23549667368266752E-01 9.45274317530060367E-04 -5.52694215106027120E-02
1.84943564E+00 1.23534038648765276E-01 9.51757840782331468E-04 -5.51271461025335183E-02
1.86532513E+00 1.23518302342694730E-01 9.58328707913152079E-04 -5.49551199239990268E-02
1.88121632E+00 1.23502457311862088E-01 9.64987640752240053E-04 -5.47533087899939666E-02
1.89710891E+00 1.23486502398448050E-01 9.71735378098053889E-04 -5.45217101159262349E-02
1.91300267E+00 1.23470436423825158E-01 9.78572676652073384E-04 -5.42603528010258060E-02
1.92889732E+00 1.23454258187367730E-01 9.85500311974141447E-04 -5.39692969870289307E-02
1.94479264E+00 1.23437966465194754E-01 9.92519079459265856E-04 -5.36486337482251843E-02
1.96068838E+00 1.23421560008892470E-01 9.99629795336629597E-04 -5.32984847050157334E-02
1.97658434E+00 1.23405037544186441E-01 1.00683329769305960E-03 -5.29189678169248098E-02
1.99248031E+00 1.23388397769595357E-01 1.01413044751343388E-03 -5.25103718106353506E-02
2.00837609E+00 1.23371639355002408E-01 1.02152212975685649E-03 -5.20727846250330501E-02
2.02427152E+00 1.23354760940245375E-01 1.02900925445154382E-03 -5.16065016304383742E-02
2.04016643E+00 1.23337761133626433E-01 1.03659275781612281E-03 -5.11117809634065237E-02
2.05606068E+00 1.23320638510406422E-01 1.04427360341141618E-03 -5.05889152404826528E-02
2.07195413E+00 1.23303391611245192E-01 1.05205278332044729E-03 -5.00382233195284173E-02
2.08784668E+00 1.23286018940618830E-01 1.05993131935934524E-03 -4.94600491655781890E-02
2.10373822E+00 1.23268518965194307E-01 1.06791026431992515E-03 -4.88547609178029973E-02
2.11962868E+00 1.23250890112170802E-01 1.07599070324574785E-03 -4.82227499294401799E-02
2.13551800E+00 1.23233130767581828E-01 1.08417375474293928E-03 -4.75644297749069425E-02
2.15140614E+00 1.23215239274568678E-01 1.09246057232752864E-03 -4.68802352296212171E-02
2.16729308E+00 1.23197213931614979E-01 1.10085234581057314E-03 -4.61706212247589912E-02
2.18317880E+00 1.23179052990760748E-01 1.10935030272303657E-03 -4.54360617824148619E-02
2.19906334E+00 1.23160754655757543E-01 1.11795570978186123E-03 -4.46770489398165549E-02
2.21494673E+00 1.23142317080230823E-01 1.12666987439911264E-03 -4.38940916596610511E-02
2.23082902E+00 1.23123738365773130E-01 1.13549414623591912E-03 -4.30877147393825752E-02
2.24671030E+00 1.23105016560035280E-01 1.14442991880308199E-03 -4.22584577174169307E-02
2.26259067E+00 1.23086149654779986E-01 1.15347863111025422E-03 -4.14068737856669519E-02
2.27847025E+00 1.23067135583896328E-01 1.16264176936563724E-03 -4.05335287095062100E-02
2.29434918E+00 1.23047972221404220E-01 1.17192086872818370E-03 -3.96389997584340181E-02
2.31022764E+00 1.23028657379423353E-01 1.18131751511445725E-03 -3.87238746554120494E-02
2.32610580E+00 1.23009188806108255E-01 1.19083334706234271E-03 -3.77887505440343482E-02
2.34198388E+00 1.22989564183575470E-01 1.20047005765371462E-03 -3.68342329783214462E-02
2.35786211E+00 1.22969781125783370E-01 1.21022939649866631E-03 -3.58609349393848795E-02
2.37374074E+00 1.22949837176404272E-01 1.22011317178354864E-03 -3.48694758809148242E-02
2.38962006E+00 1.22929720101078083E-01 1.23012271745408805E-03 -3.38546799214017799E-02
2.40550037E+00 1.22909433344826000E-01 1.24026019505325217E-03 -3.28290199198501484E-02
2.42138199E+00 1.22888976427145163E-01 1.25052777578388958E-03 -3.17871407364613556E-02
2.43726525E+00 1.22868347319739085E-01 1.26092758492430670E-03 -3.07296250502833157E-02
2.45314943E+00 1.22847544882521573E-01 1.27146115019874774E-03 -2.96571867308195423E-02
2.46903407E+00 1.22826567425328090E-01 1.28213006535652361E-03 -2.85705261840917685E-02
2.48491950E+00 1.22805412111265222E-01 1.29293644329886307E-03 -2.74702929278242032E-02
2.50080612E+00 1.22784075999550060E-01 1.30388254789506170E-03 -2.63571354351933712E-02
2.51669429E+00 1.22762556055311542E-01 1.31497071995337052E-03 -2.52317009143691734E-02
2.53258445E+00 1.22740849151219286E-01 1.32620338047384403E-03 -2.40946350022399544E-02
2.54847703E+00 1.22718952066359119E-01 1.33758303373521367E-03 -2.29465812111893271E-02
2.56437248E+00 1.22696861484175579E-01 1.34911227039649314E-03 -2.17881804114260710E-02
2.58027128E+00 1.22674573990062361E-01 1.36079377068004442E-03 -2.06200703511971069E-02
2.59617394E+00 1.22652086068841135E-01 1.37263030766342263E-03 -1.94428852175549290E-02
2.61208097E+00 1.22629394102147918E-01 1.38462475069344262E-03 -1.82572552421496996E-02
2.62799290E+00 1.22606494365779001E-01 1.39678006893303964E-03 -1.70638063410047981E-02
2.64391031E+00 1.22583383026993245E-01 1.40909933504832830E-03 -1.58631598009592138E-02
2.65983375E+00 1.22560056141745755E-01 1.42158572904553591E-03 -1.46559319960311366E-02
2.67576201E+00 1.22536512362078798E-01 1.43424131892972654E-03 -1.34428725885253394E-02
2.69169482E+00 1.22512748892263906E-01 1.44706863597192023E-03 -1.22246558426807404E-02
2.70763278E+00 1.22488761610307334E-01 1.46007098152287616E-03 -1.10018874600559882E-02
2.72357648E+00 1.22464546272757588E-01 1.47325188327010340E-03 -9.77516623585233599E-03
2.73952656E+00 1.22440098512078641E-01 1.48661499496365924E-03 -8.54508421157164008E-03
2.75548365E+00 1.22415413833703648E-01 1.50016410128748904E-03 -7.31222674503807964E-03
2.77144842E+00 1.22390487612929547E-01 1.51390312291411013E-03 -6.07717244761846100E-03
2.78742153E+00 1.22365315091695959E-01 1.52783612176760259E-03 -4.84049315425855251E-03
2.80340368E+00 1.22339891375275830E-01 1.54196730650902106E-03 -3.60275391446110774E-03
2.81939557E+00 1.22314211428886904E-01 1.55630103825562301E-03 -2.36451300883100011E-03
2.83539791E+00 1.22288270074192504E-01 1.57084183654416652E-03 -1.12632198706133849E-03
2.85141017E+00 1.22262064082857808E-01 1.58559340454582625E-03 1.11175906834363181E-04
2.86743120E+00 1.22235591152274961E-01 1.60055889462881328E-03 1.34729856209178179E-03
2.88346176E+00 1.22208845838500224E-01 1.61574291090702048E-03 2.58151451528769926E-03
2.89950257E+00 1.22181822539534329E-01 1.63115052515959121E-03 3.81329956589225366E-03
2.91555440E+00 1.22154515492265983E-01 1.64678699749386216E-03 5.04213680698338204E-03
2.93161803E+00 1.22126918768708709E-01 1.66265778381856182E-03 6.26751633911363029E-03
2.94769423E+00 1.22099026271885486E-01 1.67876854353813201E-03 7.48893511546756818E-03
2.96378380E+00 1.22070831731508442E-01 1.69512514749580595E-03 8.70589677732493128E-03
2.97988754E+00 1.22042328699490998E-01 1.71173368616757502E-03 9.91791148354496943E-03
2.99600625E+00 1.22013510545255305E-01 1.72860047810227940E-03 1.11244957332177190E-02
3.01213984E+00 1.21984372102979993E-01 1.74573127989575581E-03 1.23251044354948849E-02
3.02828661E+00 1.21954911067564092E-01 1.76313042521281430E-03 1.35190800240051253E-02
3.04444738E+00 1.21925120428570580E-01 1.78080432901330248E-03 1.47059631342251976E-02
3.06062298E+00 1.21894992972990945E-01 1.79876014005566341E-03 1.58853001988124160E-02
3.07681427E+00 1.21864521281191629E-01 1.81700527522295902E-03 1.70566437869927208E-02
3.09302210E+00 1.21833697721782486E-01 1.83554742901007126E-03 1.82195524363997913E-02
3.10924732E+00 1.21802514445942173E-01 1.85439458303598569E-03 1.93735904417162118E-02
3.12549079E+00 1.21770963381416950E-01 1.87355501557723379E-03 2.05183276466631009E-02
3.14175338E+00 1.21739036226247599E-01 1.89303731107245336E-03 2.16533392391152456E-02
3.15803594E+00 1.21706724442218167E-01 1.91285036953410428E-03 2.27782055512638082E-02
3.17433681E+00 1.21674024403085321E-01 1.93300083297228667E-03 2.38923365943854993E-02
3.19065577E+00 1.21640929428288552E-01 1.95349643933101069E-03 2.49952571490728963E-02
3.20699373E+00 1.21607430438306088E-01 1.97434664189488672E-03 2.60865728766271655E-02
3.22335157E+00 1.21573518091048091E-01 1.99556148623379745E-03 2.71658937257954827E-02
3.23973019E+00 1.21539182775448243E-01 2.01715136864767577E-03 2.82328342966422854E-02
3.25613049E+00 1.21504414604095945E-01 2.03912704311741584E-03 2.92870137452378894E-02
3.27255335E+00 1.21469203405351528E-01 2.06149962740410399E-03 3.03280555874031327E-02
3.28899969E+00 1.21433538715109604E-01 2.08428060814689524E-03 3.13555875063904893E-02
3.30547038E+00 1.21397409768293246E-01 2.10748184475989878E-03 3.23692411686877235E-02
3.32196465E+00 1.21360809204365663E-01 2.13111364280826584E-03 3.33685505105772787E-02
3.33848135E+00 1.21323730419806597E-01 2.15518560785914366E-03 3.43530369108113534E-02
3.35502138E+00 1.21286161919751265E-01 2.17970990646001311E-03 3.53223581330417979E-02
3.37158566E+00 1.21248091875828204E-01 2.20469964997554438E-03 3.62761741206462512E-02
3.38817511E+00 1.21209508118828149E-01 2.23016830571846989E-03 3.72141479162505645E-02
3.40479064E+00 1.21170398130198378E-01 2.25612968861465396E-03 3.81359458227991735E-02
3.42143317E+00 1.21130749033095189E-01 2.28259794974357928E-03 3.90412372176992539E-02
3.43810359E+00 1.21090547583336677E-01 2.30958756146949990E-03 3.99296943713317379E-02
3.45480280E+00 1.21049780160379108E-01 2.33711329882370627E-03 4.08009922715574860E-02
3.47153044E+00 1.21008435886195670E-01 2.36518852715402210E-03 4.16547434837005945E-02
3.48828490E+00 1.20966506809399521E-01 2.39382458533810060E-03 4.24905065196451992E-02
3.50506709E+00 1.20923978382169187E-01 2.42303584882672856E-03 4.33079818169965769E-02
3.52187795E+00 1.20880835652694252E-01 2.45283773813255663E-03 4.41068698506770288E-02
3.53871839E+00 1.20837063260618091E-01 2.48324580538750216E-03 4.48868725572676569E-02
3.55558932E+00 1.20792645431802417E-01 2.51427568763177949E-03 4.56476937340692113E-02
3.57249164E+00 1.20747565973413989E-01 2.54594305453130715E-03 4.63890388816535562E-02
3.58942625E+00 1.20701808269844474E-01 2.57826355052936029E-03 4.71106150522548686E-02
3.60639405E+00 1.20655355279681548E-01 2.61125273144752245E-03 4.78121307123994810E-02
3.62339488E+00 1.20608192433393588E-01 2.64492436713044399E-03 4.84932531760600000E-02
3.64042688E+00 1.20560309703298507E-01 2.67928871343906189E-03 4.91535901706661588E-02
3.65749098E+00 1.20511689061059496E-01 2.71435913419629726E-03 4.97928740761613420E-02
3.67458808E+00 1.20462312062710741E-01 2.75014976236042513E-03 5.04108354351921334E-02
3.69171909E+00 1.20412159856623013E-01 2.78667424351325584E-03 5.10072049396379582E-02
3.70888492E+00 1.20361213191633024E-01 2.82394564667700883E-03 5.15817141164547008E-02
3.72608644E+00 1.20309452426625829E-01 2.86197637247577507E-03 5.21340952900382834E-02
3.74332455E+00 1.20256857542000453E-01 2.90077805961700980E-03 5.26640815703148385E-02
3.76060011E+00 1.20203408153282801E-01 2.94036149072593803E-03 5.31714068667036646E-02
3.77787289E+00 1.20149213581557890E-01 2.98066126302084242E-03 5.36546137140555129E-02
3.79512036E+00 1.20094333472241854E-01 3.02161702005512237E-03 5.41130201096868060E-02
3.81234556E+00 1.20038748468368928E-01 3.06322064363704618E-03 5.45467371816160465E-02
3.82955141E+00 1.19982438999190297E-01 3.10547612516063427E-03 5.49558254763099496E-02
3.84673554E+00 1.19925402923021993E-01 3.14837615881438529E-03 5.53402049582455355E-02
3.86388063E+00 1.19867689391904841E-01 3.19187932338131598E-03 5.56994958862857201E-02
3.88099001E+00 1.19809280176388047E-01 3.23597339112635966E-03 5.60338739676324998E-02
3.89806690E+00 1.19750156964970655E-01 3.28065662492192048E-03 5.63434779748638107E-02
3.91511447E+00 1.19690301371417354E-01 3.32592630994551965E-03 5.66284297223729888E-02
3.93213582E+00 1.19629694931158839E-01 3.37177879250128440E-03 5.68888409960011596E-02
3.94913399E+00 1.19568319099588011E-01 3.41820951777331008E-03 5.71248142040845994E-02
3.96611198E+00 1.19506155256099963E-01 3.46521306785223943E-03 5.73364429991890523E-02
3.98307276E+00 1.19443184714384532E-01 3.51278320103769973E-03 5.75238129206783674E-02
4.00001924E+00 1.19379388738157136E-01 3.56091289327818651E-03 5.76870020799851863E-02
4.01695428E+00 1.19314748561013845E-01 3.60959438241689485E-03 5.78260818815196156E-02
4.03388070E+00 1.19249245408877033E-01 3.65881921559142037E-03 5.79411176825502736E-02
4.05078132E+00 1.19182939600296633E-01 3.70853281187176129E-03 5.80320370078528172E-02
4.06765528E+00 1.19115830158385075E-01 3.75870218623705751E-03 5.80989886300565528E-02
4.08450315E+00 1.19047910973170593E-01 3.80930779133253645E-03 5.81421020993903234E-02
4.10132788E+00 1.18979166592584298E-01 3.86033614866575616E-03 5.81534577491175306E-02
4.11813239E+00 1.18909581377658224E-01 3.91177534731839034E-03 5.81624101195561960E-02
4.13491964E+00 1.18839139488219503E-01 3.96361352838658833E-03 5.81360991586927431E-02
4.15169263E+00 1.18767824865352561E-01 4.01583895566852249E-03 5.80784170273447031E-02
4.16845434E+00 1.18695621207895868E-01 4.06844008165946867E-03 5.80070518174795671E-02
4.18520782E+00 1.18622511947738041E-01 4.12140561275105982E-03 5.79110241477621759E-02
4.20195612E+00 1.18548480224680799E-01 4.17472457550773640E-03 5.77924341114343168E-02
4.21870234E+00 1.18473508858047596E-01 4.22838638427012678E-03 5.76514505946138303E-02
4.23544961E+00 1.18397580315566617E-01 4.28238090695840651E-03 5.74883189502146535E-02
4.25214861E+00 1.18320920253199569E-01 4.33656706410830411E-03 5.73037926931190336E-02
4.26873223E+00 1.18243850367542744E-01 4.39071751483097183E-03 5.70992033403578195E-02
4.28520664E+00 1.18166360312231586E-01 4.44477367197615002E-03 5.68753967085648196E-02
4.30157887E+00 1.18088433897572814E-01 4.49873480870249722E-03 5.66330885667897521E-02
4.31785691E+00 1.18010048887616972E-01 4.55260454792794783E-03 5.63729632517183180E-02
4.33404655E+00 1.17931192255888107E-01 4.60638285533454886E-03 5.60957379809128090E-02
4.35009137E+00 1.17852159867491063E-01 4.65990905487001419E-03 5.58032048403826197E-02
4.36599793E+00 1.17772943960390106E-01 4.71313681087165513E-03 5.54963986340677173E-02
4.38177377E+00 1.17693529845618788E-01 4.76607117715663678E-03 5.51762495417754684E-02
4.39742746E+00 1.17613895761570580E-01 4.81872184967829364E-03 5.48436582882764895E-02
4.41296861E+00 1.17534012588139961E-01 4.87110319857882775E-03 5.44995056704043884E-02
4.42840790E+00 1.17453836223195204E-01 4.92323020977675219E-03 5.41438707111371459E-02
4.44375699E+00 1.17373327356633042E-01 4.97512724578293066E-03 5.37790163779183969E-02
4.45902859E+00 1.17292434722568617E-01 5.02682312788504601E-03 5.34051735654685680E-02
4.47423640E+00 1.17211098059738200E-01 5.07834936818445624E-03 5.30231342444973178E-02
4.48939504E+00 1.17129248783112747E-01 5.12974044306526659E-03 5.26337147288144444E-02
4.50451997E+00 1.17046810364639819E-01 5.18103360863842160E-03 5.22377429199769039E-02
4.51961106E+00 1.16963789771916973E-01 5.23222568456802820E-03 5.18364908725715209E-02
4.53462564E+00 1.16880432775817528E-01 5.28319012484707983E-03 5.14324347099561138E-02
4.54953378E+00 1.16796922438847942E-01 5.33380169844187031E-03 5.10278608753931065E-02
4.56434953E+00 1.16713196173861958E-01 5.38406051871077960E-03 5.06239196937301461E-02
4.57908757E+00 1.16629184088675300E-01 5.43400143446408791E-03 5.02217248020801477E-02
4.59375278E+00 1.16544869680307570E-01 5.48363347773118959E-03 4.98226823606209915E-02
4.60833496E+00 1.16460323921959666E-01 5.53291790199688608E-03 4.94286357424289502E-02
4.62284223E+00 1.16375511549541968E-01 5.58185136636912393E-03 4.90409562273176336E-02
4.63728169E+00 1.16290401474579738E-01 5.63044009897713856E-03 4.86610448265671694E-02
4.65165955E+00 1.16204966348148864E-01 5.67868560850607468E-03 4.82903428643487106E-02
4.66598131E+00 1.16119182008733945E-01 5.72658536672199323E-03 4.79303193346497583E-02
4.68025189E+00 1.16033026908663392E-01 5.77413359727070759E-03 4.75824599320906205E-02
4.69447574E+00 1.15946481560174008E-01 5.82132206977580609E-03 4.72482547261602534E-02
4.70865695E+00 1.15859528023866315E-01 5.86814076939797934E-03 4.69291879821263982E-02
4.72279937E+00 1.15772149453828146E-01 5.91457832658902685E-03 4.66267306290042635E-02
4.73690666E+00 1.15684329707922293E-01 5.96062215370830612E-03 4.63423296075575405E-02
4.75098241E+00 1.15596053026633075E-01 6.00625832985165337E-03 4.60773943077765827E-02
4.76503011E+00 1.15507303778940418E-01 6.05147136530955008E-03 4.58332846344567252E-02
4.77905329E+00 1.15418066269434225E-01 6.09624401829341779E-03 4.56113009446556528E-02
4.79305548E+00 1.15328324597741172E-01 6.14055730503070604E-03 4.54126747332713743E-02
4.80704026E+00 1.15238062559713611E-01 6.18439075403655510E-03 4.52385600253800146E-02
4.82101127E+00 1.15147263579530479E-01 6.22772285137280276E-03 4.50900259983967044E-02
4.83497223E+00 1.15055910662607883E-01 6.27053155588672487E-03 4.49680519492496877E-02
4.84892695E+00 1.14963986360582457E-01 6.31279475985735156E-03 4.48735277940595784E-02
4.86287930E+00 1.14871472741090747E-01 6.35449062576590173E-03 4.48072713256379360E-02
4.87683326E+00 1.14778351356466995E-01 6.39559781136008875E-03 4.47701009356520144E-02
4.89079290E+00 1.14684603206502672E-01 6.43609566096168054E-03 4.47677087066570903E-02
4.90476237E+00 1.14590208691387918E-01 6.47596446041995635E-03 4.47714291504723791E-02
4.91874592E+00 1.14495147553256599E-01 6.51518581965184352E-03 4.48342223390396505E-02
4.93274792E+00 1.14399398802201416E-01 6.55374318252068596E-03 4.49168181388313950E-02
4.94677281E+00 1.14302940630261293E-01 6.59162240109895711E-03 4.50281186204025963E-02
4.96082517E+00 1.14205750313192078E-01 6.62881227979754840E-03 4.51703638458381754E-02
4.97490967E+00 1.14107804100224822E-01 6.66530499342670411E-03 4.53428076666515800E-02
4.98903111E+00 1.14009077095245312E-01 6.70109629215915725E-03 4.55451200276003748E-02
5.00319442E+00 1.13909543131534702E-01 6.73618541359808157E-03 4.57769176648288659E-02
5.01740469E+00 1.13809174644296185E-01 6.77057467700959304E-03 4.60377568991829147E-02
5.03166714E+00 1.13707942542319848E-01 6.80426889282442077E-03 4.63271181050477279E-02
5.04598715E+00 1.13605816081673111E-01 6.83727481342768367E-03 4.66444175925583293E-02
5.06037027E+00 1.13502762747787936E-01 6.86960073525514411E-03 4.69890199794667091E-02
5.07482222E+00 1.13398748151162673E-01 6.90125625089555318E-03 4.73602512877942874E-02
5.08934890E+00 1.13293735939646548E-01 6.93225210721122326E-03 4.77574123285384733E-02
5.10395642E+00 1.13187687729553399E-01 6.96260011430401959E-03 4.81797921456622869E-02
5.11865103E+00 1.13080563058190475E-01 6.99231306690336653E-03 4.86266812414154204E-02
5.13343921E+00 1.12972319361139953E-01 7.02140466990567799E-03 4.90973843291716075E-02
5.14831426E+00 1.12863009973347264E-01 7.04986961528420580E-03 4.95908056870545955E-02
5.16319312E+00 1.12753252899773948E-01 7.07758917406436580E-03 5.01032523137866018E-02
5.17808406E+00 1.12642997579559395E-01 7.10455999601409312E-03 5.06337085856643637E-02
5.19299525E+00 1.12532192973338857E-01 7.13081651030916201E-03 5.11813375249094565E-02
5.20793277E+00 1.12420802230896955E-01 7.15639068589706863E-03 5.17453699986157936E-02
5.22290077E+00 1.12308802042917683E-01 7.18131216563551271E-03 5.23250550015206331E-02
5.23790692E+00 1.12196141764668675E-01 7.20561597018424746E-03 5.29198616271841227E-02
5.25295557E+00 1.12082794606549283E-01 7.22933547737511506E-03 5.35292298386475518E-02
5.26802767E+00 1.11968909545352130E-01 7.25247644530650510E-03 5.41517406850052854E-02
5.28308558E+00 1.11854777656037227E-01 7.27501992203808106E-03 5.47851991053800516E-02
5.29813633E+00 1.11740353188162750E-01 7.29699943949872320E-03 5.54292175935931913E-02
5.31318663E+00 1.11625592071145058E-01 7.31846255328512298E-03 5.60835261656336959E-02
5.32824280E+00 1.11510452084429834E-01 7.33945599670296836E-03 5.67479390907354511E-02
5.34331076E+00 1.11394893076960239E-01 7.36002534075843977E-03 5.74223285509192910E-02
5.35839604E+00 1.11278877190241210E-01 7.38021466102600603E-03 5.81066140356531133E-02
5.37350371E+00 1.11162369057941218E-01 7.40006621286300962E-03 5.88007524960431766E-02
5.38863843E+00 1.11045335971648618E-01 7.41962011101875672E-03 5.95047292055764093E-02
5.40380440E+00 1.10927748005093668E-01 7.43891400744579618E-03 6.02185493880035075E-02
5.41900540E+00 1.10809578087326013E-01 7.45798281312248009E-03 6.09422306673888664E-02
5.43424476E+00 1.10690802016996229E-01 7.47685855800157059E-03 6.16757963788925473E-02
5.44952541E+00 1.10571398414821165E-01 7.49557039714851547E-03 6.24192698626017811E-02
5.46484989E+00 1.10451348614212561E-01 7.51414467565182827E-03 6.31726697360468353E-02
5.48022037E+00 1.10330636491641224E-01 7.53260499565714444E-03 6.39360060309377559E-02
5.49563871E+00 1.10209248240603408E-01 7.55097231156336233E-03 6.47092771343946438E-02
5.51110647E+00 1.10087172095683195E-01 7.56926513635646468E-03 6.54924675005688905E-02
5.52662496E+00 1.09964398017352763E-01 7.58749992120850807E-03 6.62855461369011856E-02
5.54219530E+00 1.09840917349335099E-01 7.60569158567232870E-03 6.70884658322077193E-02
5.55781846E+00 1.09716722458064880E-01 7.62385409057327653E-03 6.79011630152208390E-02
5.57347316E+00 1.09591982466990145E-01 7.64198055247090457E-03 6.87224185404622795E-02
5.58913373E+00 1.09466902698927102E-01 7.66005482089654292E-03 6.95507175967831209E-02
5.60480107E+00 1.09341477696811740E-01 7.67808396799123365E-03 7.03858713214819548E-02
5.62047601E+00 1.09215702457796146E-01 7.69608110763469154E-03 7.12276985784263544E-02
5.63615899E+00 1.09089574728427702E-01 7.71405890664996017E-03 7.20759943748015830E-02
5.65184272E+00 1.08963154262753242E-01 7.73202324188560376E-03 7.29301284899439989E-02
5.66752827E+00 1.08836433317183595E-01 7.74998642981768529E-03 7.37898940369418471E-02
5.68321663E+00 1.08709404362666351E-01 7.76796362709349097E-03 7.46550773160609693E-02
5.69890867E+00 1.08582060380112380E-01 7.78597062449242362E-03 7.55254527377080126E-02
5.71460476E+00 1.08454398038488498E-01 7.80402313473707934E-03 7.64007596494995361E-02
5.73030559E+00 1.08326410632987369E-01 7.82213714801524053E-03 7.72807495991849752E-02
5.74601182E+00 1.08198091455622397E-01 7.84032867116591162E-03 7.81651647907587177E-02
5.76172402E+00 1.08069433718332122E-01 7.85861386630191949E-03 7.90537388586575046E-02
5.77744276E+00 1.07940430479004382E-01 7.87700948241152298E-03 7.99461980165760838E-02
5.79316853E+00 1.07811074576522017E-01 7.89553309995425466E-03 8.08422625403334427E-02
5.80890182E+00 1.07681358581274644E-01 7.91420286057677343E-03 8.17416481297400660E-02
5.82464309E+00 1.07551274765544991E-01 7.93303673528500571E-03 8.26440668383625621E-02
5.84039279E+00 1.07420815095865096E-01 7.95205171408791371E-03 8.35492276285450530E-02
5.85615135E+00 1.07289971246822963E-01 7.97126329776514167E-03 8.44568368281424231E-02
5.87191918E+00 1.07158734633291300E-01 7.99068542567227778E-03 8.53665987019389533E-02
5.88769671E+00 1.07027096458192444E-01 8.01033062748288290E-03 8.62782161686462823E-02
5.90348433E+00 1.06895047775165203E-01 8.03020997624066465E-03 8.71913915219613700E-02
5.91928243E+00 1.06762579567607790E-01 8.05033259526138738E-03 8.81058269409420725E-02
5.93509138E+00 1.06629682845241353E-01 8.07070483681194759E-03 8.90212247418695896E-02
5.95091154E+00 1.06496348755119388E-01 8.09132945426722754E-03 8.99372874357465130E-02
5.96674321E+00 1.06362568698642357E-01 8.11220507726930808E-03 9.08537177083237057E-02
5.98258672E+00 1.06228334444354700E-01 8.13332613782801958E-03 9.17702183916972586E-02
5.99843811E+00 1.06093673847519263E-01 8.15467887747168933E-03 9.26862543064754657E-02
6.01429575E+00 1.05958596062956101E-01 8.17624707940665767E-03 9.36014194948584372E-02
6.03015991E+00 1.05823094275075344E-01 8.19801422606066151E-03 9.45154220628599412E-02
6.04603081E+00 1.05687162360062106E-01 8.21996130699742533E-03 9.54279733300211763E-02
6.06190868E+00 1.05550794968601411E-01 8.24206562656225154E-03 9.63387860872915863E-02
6.07779365E+00 1.05413987605050580E-01 8.26430030499919303E-03 9.72475739218170571E-02
6.09368587E+00 1.05276736697073436E-01 8.28663432990889813E-03 9.81540509053993870E-02
6.10958540E+00 1.05139039654400329E-01 8.30903320762994141E-03 9.90579315382551506E-02
6.12549228E+00 1.05000894915556753E-01 8.33145980211929225E-03 9.99589309849309021E-02
6.14140650E+00 1.04862301980049838E-01 8.35387493064098860E-03 1.00856765489440434E-01
6.15732801E+00 1.04723261425046871E-01 8.37623766534719046E-03 1.01751152849653317E-01
6.17325673E+00 1.04583774908978341E-01 8.39850556248896568E-03 1.02641812909317412E-01
6.18919254E+00 1.04443845166060464E-01 8.42063493353608153E-03 1.03528468068832757E-01
6.20513527E+00 1.04303475993125297E-01 8.44258107600581557E-03 1.04410843782676385E-01
6.22108473E+00 1.04162672224685920E-01 8.46429856177184463E-03 1.05288669073628174E-01
6.23704071E+00 1.04021439692624978E-01 8.48574196487974705E-03 1.06161677193888498E-01
6.25300294E+00 1.03879785173985772E-01 8.50686712916787213E-03 1.07029606464153548E-01
6.26897114E+00 1.03737716334628055E-01 8.52763252781811934E-03 1.07892201178127492E-01
6.28494500E+00 1.03595241674656016E-01 8.54800013998457953E-03 1.08749212409728957E-01
6.30092417E+00 1.03452370475709043E-01 8.56793575839265992E-03 1.09600398665903986E-01
6.31690827E+00 1.03309112745777781E-01 8.58740929261364583E-03 1.10445526571717009E-01
6.33289687E+00 1.03165479159893617E-01 8.60639549682642481E-03 1.11284371710359098E-01
6.34888953E+00 1.03021481000911713E-01 8.62487473939659195E-03 1.12116719400222165E-01
6.36488575E+00 1.02877130104121473E-01 8.64283325379649678E-03 1.12942365372985160E-01
6.38088498E+00 1.02732438803298479E-01 8.66026296294975483E-03 1.13761116485804920E-01
6.39688664E+00 1.02587419872409963E-01 8.67716139694343393E-03 1.14572791507300070E-01
6.41289011E+00 1.02442086460577411E-01 8.69353195797823580E-03 1.15377221956656256E-01
6.42889470E+00 1.02296452025780971E-01 8.70938408578710542E-03 1.16174253039641948E-01
6.44489970E+00 1.02150530273139264E-01 8.72473268999999010E-03 1.16963744573082493E-01
6.46090434E+00 1.02004335097101009E-01 8.73959709634551836E-03 1.17745571777398736E-01
6.47690781E+00 1.01857880523678529E-01 8.75400023830236705E-03 1.18519626048634544E-01
6.49290927E+00 1.01711180651370067E-01 8.76796823525588000E-03 1.19285815669332246E-01
6.50890783E+00 1.01564249592642791E-01 8.78152987180541404E-03 1.20044066423944523E-01
6.52490260E+00 1.01417101416754404E-01 8.79471563980670917E-03 1.20794322077184102E-01
6.54089264E+00 1.01269750092042116E-01 8.80755666799814402E-03 1.21536544688351580E-01
6.55687701E+00 1.01122209425068957E-01 8.82008411049245954E-03 1.22270714772268488E-01
6.57285476E+00 1.00974492996196416E-01 8.83232904788130470E-03 1.22996831274525029E-01
6.58882494E+00 1.00826614094031930E-01 8.84432239170559326E-03 1.23714911421918025E-01
6.60478661E+00 1.00678585650893729E-01 8.85609442203946079E-03 1.24424990528886364E-01
6.62073884E+00 1.00530420178056842E-01 8.86767423228802115E-03 1.25127121868590346E-01
6.63668073E+00 1.00382129699670905E-01 8.87908951989728294E-03 1.25821376642102273E-01
6.65261141E+00 1.00233725686024705E-01 8.89036670740266967E-03 1.26507843946896764E-01
6.66853003E+00 1.00085218987499808E-01 8.90153102591454207E-03 1.27186630557407282E-01
6.68443581E+00 9.99366197709589676E-02 8.91260623667626886E-03 1.27857860478562901E-01
6.70032801E+00 9.97879374586580770E-02 8.92361410452392062E-03 1.28521674538216668E-01
6.71620594E+00 9.96391806669813668E-02 8.93457411175575637E-03 1.29178230255312748E-01
6.73206898E+00 9.94903571423901012E-02 8.94550353336167649E-03 1.29827701878645008E-01
6.74791659E+00 9.93414736925221781E-02 8.95641759948758928E-03 1.30470280417959883E-01
6.76374830E+00 9.91925361112055703E-02 8.96732955217487311E-03 1.31106173437552515E-01
6.77956372E+00 9.90435490987559286E-02 8.97825053418036326E-03 1.31735604373846849E-01
6.79536256E+00 9.88945161809985790E-02 8.98918944668249988E-03 1.32358811734839099E-01
6.81114463E+00 9.87454396279537489E-02 9.00015306637326484E-03 1.32976048924702855E-01
6.82690986E+00 9.85963203671225974E-02 9.01114643086770896E-03 1.33587584588800629E-01
6.84265828E+00 9.84471578875193987E-02 9.02217329595412718E-03 1.34193702659414549E-01
6.85839007E+00 9.82979501379648707E-02 9.03323652734733251E-03 1.34794701975104902E-01
6.87410553E+00 9.81486934247203235E-02 9.04433839418217200E-03 1.35390895798696315E-01
6.88980404E+00 9.79993928862591956E-02 9.05548022055038468E-03 1.35982570318723045E-01
6.90548306E+00 9.78500712037777692E-02 9.06666178001370483E-03 1.36569951386127375E-01
6.92114295E+00 9.77007237466124695E-02 9.07788344733701652E-03 1.37153377066368043E-01
6.93678419E+00 9.75513442013057619E-02 9.08914591051640346E-03 1.37733197756385511E-01
6.95240742E+00 9.74019245315777826E-02 9.10044959870409328E-03 1.38309774960165000E-01
6.96801345E+00 9.72524549359218282E-02 9.11179473687925498E-03 1.38883480439781021E-01
6.98360326E+00 9.71029238011246465E-02 9.12318150574137690E-03 1.39454696109964527E-01
6.99917799E+00 9.69533176535059271E-02 9.13461006380677024E-03 1.40023814136454178E-01
7.01473898E+00 9.68036211094897292E-02 9.14608044403672840E-03 1.40591237283779397E-01
7.03028774E+00 9.66538168209194609E-02 9.15759255153887099E-03 1.41157379385574516E-01
7.04582598E+00 9.65038854090771031E-02 9.16914619201829664E-03 1.41722665272244447E-01
7.06135560E+00 9.63538053914477360E-02 9.18074108800475894E-03 1.42287529990511058E-01
7.07687872E+00 9.62035531119396631E-02 9.19237691010706646E-03 1.42852417754609468E-01
7.09239763E+00 9.60531026804004873E-02 9.20405327478669884E-03 1.43417780966023284E-01
7.10791488E+00 9.59024259186598838E-02 9.21576992047202885E-03 1.43984079500056206E-01
7.12343319E+00 9.57514923048424366E-02 9.22752729752025248E-03 1.44551780122087609E-01
7.13895555E+00 9.56002689106723313E-02 9.23932703196445222E-03 1.45121355955670467E-01
7.15448514E+00 9.54487203330850048E-02 9.25117163932306745E-03 1.45693286154355672E-01
7.17002540E+00 9.52968086222298894E-02 9.26306384685979083E-03 1.46268055748626280E-01
7.18558001E+00 9.51444932054892195E-02 9.27500636654348710E-03 1.46846155650603188E-01
7.20115291E+00 9.49917308047716624E-02 9.28700254898215047E-03 1.47428083079385347E-01
7.21674830E+00 9.48384753382315038E-02 9.29905761089989090E-03 1.48014342676162813E-01
7.23237064E+00 9.46846777948054941E-02 9.31117946991267056E-03 1.48605448077311353E-01
7.24802471E+00 9.45302860788821558E-02 9.32337873436975620E-03 1.49201923186969704E-01
7.26371556E+00 9.43752448393769400E-02 9.33566828594646278E-03 1.49804302896313996E-01
7.27944856E+00 9.42194953018580111E-02 9.34806277925453316E-03 1.50413133682372996E-01
7.29522940E+00 9.40629751061038410E-02 9.36057892865930358E-03 1.51028974122074944E-01
7.31106410E+00 9.39056181485828090E-02 9.37323675346409327E-03 1.51652395308192078E-01
7.32695901E+00 9.37473544330745256E-02 9.38606047913537710E-03 1.52283981493434362E-01
7.34292082E+00 9.35881099373533920E-02 9.39907846280942615E-03 1.52924330709264145E-01
7.35895658E+00 9.34278065136567998E-02 9.41232266871288963E-03 1.53574055225492778E-01
7.37507365E+00 9.32663618440438824E-02 9.42582870404495322E-03 1.54233782080366394E-01
7.39126435E+00 9.31038439875867124E-02 9.43962825212044977E-03 1.54903539650217914E-01
7.40748404E+00 9.29406947367864139E-02 9.45373279377408927E-03 1.55581820418335154E-01
7.42361742E+00 9.27780739092983753E-02 9.46810487330762562E-03 1.56264088734397066E-01
7.43972042E+00 9.26154170118184406E-02 9.48278642380036459E-03 1.56952555353822104E-01
7.45585236E+00 9.24521184110033700E-02 9.49787845427890742E-03 1.57649823925578747E-01
7.47199606E+00 9.22883443140000009E-02 9.51344111002536998E-03 1.58355444705449849E-01
7.48808161E+00 9.21248004089531003E-02 9.52947805845076254E-03 1.59066577083065236E-01
7.50417278E+00 9.19608324958813145E-02 9.54606657135981078E-03 1.59785897907444990E-01
7.52033808E+00 9.17957299340812077E-02 9.56334125850887354E-03 1.60516539516720569E-01
7.53651728E+00 9.16300961437473138E-02 9.58135330981953713E-03 1.61256144768054832E-01
7.55263042E+00 9.14647440448563137E-02 9.60008854466134001E-03 1.62001178316317079E-01
7.56873107E+00 9.12991163881663736E-02 9.61962471694888244E-03 1.62753858901085041E-01
7.58488742E+00 9.11324972707352465E-02 9.64011010826807194E-03 1.63517328058629674E-01
7.60098258E+00 9.09660812014025794E-02 9.66154276569088089E-03 1.64286406982160765E-01
7.61706201E+00 9.07993883041412903E-02 9.68398531716693593E-03 1.65062985933797396E-01
7.63317101E+00 9.06319329859681111E-02 9.70757081347586870E-03 1.65849146985256518E-01
7.64934642E+00 9.04633112805877659E-02 9.73243223525869366E-03 1.66646734280643721E-01
7.66552414E+00 9.02941720554994998E-02 9.75859285275480250E-03 1.67452787164249717E-01
7.68165736E+00 9.01249904354857884E-02 9.78603130667485450E-03 1.68264891965166696E-01
7.69783025E+00 8.99548641114951975E-02 9.81487888166615065E-03 1.69086914631786767E-01
7.71410283E+00 8.97831325832339072E-02 9.84531786929371613E-03 1.69921870189599644E-01
7.73042028E+00 8.96103355140942942E-02 9.87737247339775734E-03 1.70767391390042267E-01
7.74677749E+00 8.94365058507788635E-02 9.91105765496526347E-03 1.71622729887013298E-01
7.76312857E+00 8.92621090504613912E-02 9.94634032389663837E-03 1.72485533178111966E-01
7.77947681E+00 8.90870869499746920E-02 9.98321479623263085E-03 1.73355697940969278E-01
7.79587333E+00 8.89108635523981478E-02 1.00217781797666845E-02 1.74235624648997139E-01
7.81228855E+00 8.87337262861803006E-02 1.00620264841724868E-02 1.75123669726788694E-01
7.82873118E+00 8.85555515063688459E-02 1.01039483242694583E-02 1.76020033771478096E-01
7.84521056E+00 8.83762059203194172E-02 1.01475548174463047E-02 1.76924947654513165E-01
7.86173686E+00 8.81955450982050831E-02 1.01928593727313634E-02 1.77838694854868917E-01
7.87829300E+00 8.80137226315983595E-02 1.02398187143735355E-02 1.78760083726308888E-01
7.89478344E+00 8.78317649242301018E-02 1.02881912093939678E-02 1.79683594391777751E-01
7.91121654E+00 8.76495637625377827E-02 1.03378507164191558E-02 1.80609059932870158E-01
7.92758450E+00 8.74671904930305610E-02 1.03887205990424204E-02 1.81535540678356894E-01
7.94387443E+00 8.72847769777421456E-02 1.04406813423801783E-02 1.82461838877850918E-01
7.96009308E+00 8.71022379305069205E-02 1.04936312358046343E-02 1.83387801188848981E-01
7.97624912E+00 8.69194670268808312E-02 1.05474812125601492E-02 1.84313410140538259E-01
7.99235314E+00 8.67363364019144156E-02 1.06021372326800690E-02 1.85238775746047996E-01
8.00841771E+00 8.65526960667823142E-02 1.06574892134797192E-02 1.86164126161234844E-01
8.02445741E+00 8.63683732102428908E-02 1.07134050710889998E-02 1.87089809160731757E-01
8.04048892E+00 8.61831711854625926E-02 1.07697389517733572E-02 1.88016296440698810E-01
8.05653112E+00 8.59968679642111183E-02 1.08263359806066162E-02 1.88944190808429308E-01
8.07258872E+00 8.58094076157444458E-02 1.08829911456007830E-02 1.89873310744959140E-01
8.08865954E+00 8.56208194991138066E-02 1.09394417910043621E-02 1.90803069902896888E-01
8.10476377E+00 8.54308749995071059E-02 1.09954453432977561E-02 1.91734108796164954E-01
8.12092370E+00 8.52393219472858121E-02 1.10507766778380114E-02 1.92667208768252607E-01
8.13713508E+00 8.50462264362834008E-02 1.11051420968438543E-02 1.93601684804921070E-01
8.15338909E+00 8.48517171136921183E-02 1.11581890927165278E-02 1.94536564509473736E-01
8.16971362E+00 8.46554889125927523E-02 1.12096119235224351E-02 1.95472891950314004E-01
8.18614005E+00 8.44571951142962102E-02 1.12591397964409336E-02 1.96411937394271680E-01
8.20270376E+00 8.42564409111707796E-02 1.13065196504841640E-02 1.97355188703207340E-01
8.21916924E+00 8.40561324907536517E-02 1.13510714787122043E-02 1.98289332210344504E-01
8.23554061E+00 8.38562906908404126E-02 1.13923438866657713E-02 1.99213921837625180E-01
8.25184267E+00 8.36566819419523461E-02 1.14302200760332956E-02 2.00129853684788556E-01
8.26810006E+00 8.34570706563742548E-02 1.14646527547751492E-02 2.01038177991053418E-01
8.28433738E+00 8.32572181557431623E-02 1.14956330707278540E-02 2.01939944613013567E-01
8.30057923E+00 8.30568822043543237E-02 1.15231669528773166E-02 2.02836189878020767E-01
8.31671764E+00 8.28574572034629087E-02 1.15471728504174028E-02 2.03720942543455935E-01
8.33274824E+00 8.26590620406030679E-02 1.15676235217472435E-02 2.04593639630230889E-01
8.34863538E+00 8.24622001297763974E-02 1.15845980575393602E-02 2.05452201000866808E-01
8.36441439E+00 8.22664926811412650E-02 1.15982048972894502E-02 2.06298295844025148E-01
8.38011915E+00 8.20715801184736110E-02 1.16085772761410546E-02 2.07133199938125068E-01
8.39578242E+00 8.18771010246374525E-02 1.16158222162867676E-02 2.07959165314495209E-01
8.41143609E+00 8.16827046936009910E-02 1.16200394442974655E-02 2.08777342317514131E-01
8.42711134E+00 8.14880477943600440E-02 1.16213246533128610E-02 2.09589108638859906E-01
8.44283893E+00 8.12927922310877626E-02 1.16197539916393314E-02 2.10395762370394063E-01
8.45864927E+00 8.10966038663809008E-02 1.16153711220243951E-02 2.11198527682024795E-01
8.47450476E+00 8.08999863291149784E-02 1.16082337120159505E-02 2.11995656684253186E-01
8.49035530E+00 8.07036074452899543E-02 1.15984076615152313E-02 2.12783721721685387E-01
8.50623802E+00 8.05070510514321463E-02 1.15858978649679301E-02 2.13564477543339154E-01
8.52218909E+00 8.03099137545816993E-02 1.15707114978741196E-02 2.14339344108643526E-01
8.53824400E+00 8.01118022883816755E-02 1.15528508048666385E-02 2.15109658175135277E-01
8.55443786E+00 7.99123307040632141E-02 1.15323295848281000E-02 2.15876640868579356E-01
8.57079974E+00 7.97111904133002425E-02 1.15091874611230292E-02 2.16641141242672669E-01
8.58731705E+00 7.95085865028839628E-02 1.14835381630375519E-02 2.17402076283081586E-01
8.60403769E+00 7.93039841785692229E-02 1.14554011642762858E-02 2.18160941575001682E-01
8.62092137E+00 7.90979300601563073E-02 1.14249152250836504E-02 2.18915399219763357E-01
8.63766461E+00 7.88941634513347367E-02 1.13927100170567331E-02 2.19652096979299272E-01
8.65427073E+00 7.86926640149303025E-02 1.13589619839198023E-02 2.20370764600299168E-01
8.67074378E+00 7.84933991460019381E-02 1.13238571008038372E-02 2.21071523435316525E-01
8.68708851E+00 7.82963233696571670E-02 1.12876222610017538E-02 2.21754632721624434E-01
8.70331046E+00 7.81013786650640585E-02 1.12505134965084526E-02 2.22420391543159485E-01
8.71941592E+00 7.79084953215070375E-02 1.12127831136352770E-02 2.23069143543746073E-01
8.73541194E+00 7.77175928764191337E-02 1.11746365367956790E-02 2.23701262787593447E-01
8.75130641E+00 7.75285808359718748E-02 1.11362011273932870E-02 2.24317141939498699E-01
8.76710802E+00 7.73413588382194650E-02 1.10975235867570524E-02 2.24917193486750155E-01
8.78282638E+00 7.71558160964087997E-02 1.10586048813922748E-02 2.25501853394573432E-01
8.79847203E+00 7.69718303946658328E-02 1.10194550954598076E-02 2.26071580491284868E-01
8.81405659E+00 7.67892668286683927E-02 1.09801263511407933E-02 2.26626855743741473E-01
8.82956326E+00 7.66083207058712023E-02 1.09407761366501158E-02 2.27167207680402605E-01
8.84499161E+00 7.64289922552020690E-02 1.09015462338913922E-02 2.27692716372840137E-01
8.86031737E+00 7.62515547727474208E-02 1.08625972126481420E-02 2.28202758435175956E-01
8.87553622E+00 7.60760462407861632E-02 1.08239910539355277E-02 2.28697379045488730E-01
8.89064534E+00 7.59024852381071230E-02 1.07857200088922345E-02 2.29176732277134448E-01
8.90565420E+00 7.57307550216729380E-02 1.07477125345766551E-02 2.29641076678777201E-01
8.92057314E+00 7.55607202595954958E-02 1.07098838381767172E-02 2.30091523907220624E-01
8.93541347E+00 7.53922385752232721E-02 1.06721652738163992E-02 2.30528379413641793E-01
8.95018737E+00 7.52251595017758845E-02 1.06345159237065615E-02 2.30952228565075357E-01
8.96490792E+00 7.50593240281074298E-02 1.05969210586422755E-02 2.31363646877940310E-01
8.97958906E+00 7.48945647747344817E-02 1.05593806992368977E-02 2.31763212160511350E-01
8.99424556E+00 7.47307065354609751E-02 1.05218912440780271E-02 2.32151501024924795E-01
9.00889306E+00 7.45675671385621214E-02 1.04844264426103076E-02 2.32529096322717510E-01
9.02352207E+00 7.44052452708883622E-02 1.04469821444187292E-02 2.32895983077488294E-01
9.03814266E+00 7.42436231495094828E-02 1.04094869030075358E-02 2.33252605160400889E-01
9.05277338E+00 7.40824926439661025E-02 1.03718273009340192E-02 2.33599593133491851E-01
9.06743367E+00 7.39216394221006018E-02 1.03338871797933607E-02 2.33937555029961219E-01
9.08214386E+00 7.37608432314467571E-02 1.02955655134400696E-02 2.34267081879983352E-01
9.09683384E+00 7.36008686614659374E-02 1.02569951715712881E-02 2.34586916178561367E-01
9.11148418E+00 7.34419194244537166E-02 1.02182681520936753E-02 2.34896856669065957E-01
9.12611065E+00 7.32838163028464301E-02 1.01794132215570765E-02 2.35197522920622210E-01
9.14072921E+00 7.31263798525197545E-02 1.01404664886586750E-02 2.35489551053989471E-01
9.15535594E+00 7.29694320106756833E-02 1.01014681196128966E-02 2.35773547603147504E-01
9.17000688E+00 7.28127976534731075E-02 1.00624467321200218E-02 2.36050094956089751E-01
9.18469804E+00 7.26563058119630428E-02 1.00234105347972290E-02 2.36319749223324410E-01
9.19944525E+00 7.24997903498575680E-02 9.98435179657497507E-03 2.36583041916022779E-01
9.21424383E+00 7.23433044745576126E-02 9.94531135983595799E-03 2.36840159021803831E-01
9.22910917E+00 7.21866896970830840E-02 9.90631867236189435E-03 2.37091588890271987E-01
9.24405920E+00 7.20297622354472283E-02 9.86742603756473116E-03 2.37337873769206564E-01
9.25911128E+00 7.18723452586095407E-02 9.82871884505774791E-03 2.37579527181289163E-01
9.27428212E+00 7.17142696128820756E-02 9.79029968733094273E-03 2.37817037174300777E-01
9.28958760E+00 7.15553750888503898E-02 9.75226414098174024E-03 2.38050867564134405E-01
9.30498881E+00 7.13960682237706062E-02 9.71479006682620175E-03 2.38280730566497678E-01
9.32043864E+00 7.12368324786563645E-02 9.67804790497416544E-03 2.38506222716404620E-01
9.33594792E+00 7.10775515565732346E-02 9.64206571266532433E-03 2.38727732124814546E-01
9.35153045E+00 7.09180803820444045E-02 9.60684690952476154E-03 2.38945731141240625E-01
9.36719940E+00 7.07582817452927226E-02 9.57241470085507321E-03 2.39160662223037251E-01
9.38296728E+00 7.05980255031669196E-02 9.53881159872727036E-03 2.39372945061733594E-01
9.39884322E+00 7.04372155221600765E-02 9.50608731940825492E-03 2.39582942559431855E-01
9.41483761E+00 7.02757422390823394E-02 9.47427111075976359E-03 2.39791013829976113E-01
9.43096070E+00 7.01134964811765959E-02 9.44336391280830613E-03 2.39997503188327133E-01
9.44722236E+00 6.99503724172556712E-02 9.41334901980072150E-03 2.40202734737415269E-01
9.46363204E+00 6.97862620457492533E-02 9.38421549454208394E-03 2.40407302326776456E-01
9.48017726E+00 6.96212842111625652E-02 9.35601509367704406E-03 2.40610698421023672E-01
9.49686437E+00 6.94553665225288164E-02 9.32880809978542565E-03 2.40813424146910149E-01
9.51370043E+00 6.92884282454983152E-02 9.30266742238730453E-03 2.41015701169987301E-01
9.53069211E+00 6.91203917584601868E-02 9.27765520246665726E-03 2.41217749930019987E-01
9.54784570E+00 6.89511823933212642E-02 9.25379726400830244E-03 2.41419761420678142E-01
9.56512698E+00 6.87811222660277555E-02 9.23112565671525831E-03 2.41621493251253427E-01
9.58253710E+00 6.86101827250589491E-02 9.20961238256825555E-03 2.41823007408244056E-01
9.60007956E+00 6.84383119621579938E-02 9.18923572283805376E-03 2.42024412188237559E-01
9.61775779E+00 6.82654589635733750E-02 9.16999695938696714E-03 2.42225800941965941E-01
9.63557199E+00 6.80916046186951091E-02 9.15191000880912625E-03 2.42427217492150876E-01
9.65348298E+00 6.79171121814166473E-02 9.13501635000615007E-03 2.42628298733637254E-01
9.67149630E+00 6.77419082473633555E-02 9.11929671455289324E-03 2.42829057482504079E-01
9.68961758E+00 6.75659196251083977E-02 9.10472217645049396E-03 2.43029538942140078E-01
9.70785253E+00 6.73890727276757751E-02 9.09126307343417935E-03 2.43229769378832283E-01
9.72620703E+00 6.72112932133694246E-02 9.07888750003802390E-03 2.43429757702141980E-01
9.74468719E+00 6.70325055273274933E-02 9.06755890264295504E-03 2.43629495143516117E-01
9.76329935E+00 6.68526322853907479E-02 9.05724122090897053E-03 2.43828957075567010E-01
9.78205020E+00 6.66715936903671536E-02 9.04790371943718467E-03 2.44028105837594239E-01
9.80094673E+00 6.64893071974454325E-02 9.03951245989911487E-03 2.44226892979405141E-01
9.81999630E+00 6.63056873678886799E-02 9.03201512615140097E-03 2.44425258788508432E-01
9.83916315E+00 6.61210636668409096E-02 9.02535906251954005E-03 2.44622745007353787E-01
9.85842650E+00 6.59356205385173422E-02 9.01947863894255950E-03 2.44818973558611680E-01
9.87779192E+00 6.57492897814232480E-02 9.01432514931995062E-03 2.45013811179423030E-01
9.89726543E+00 6.55620002037145960E-02 9.00986909678890349E-03 2.45207159202740554E-01
9.91685346E+00 6.53736778421644127E-02 9.00606114114129754E-03 2.45398933019388171E-01
9.93655518E+00 6.51843195154995642E-02 9.00282623915073070E-03 2.45588998268889358E-01
9.95630938E+00 6.49945010511447374E-02 9.00010654160776635E-03 2.45776728218718710E-01
9.97612639E+00 6.48041133103672562E-02 8.99783632514669814E-03 2.45962026861913735E-01
9.99589656E+00 6.46141988283689683E-02 8.99601616802563585E-03 2.46143930540145883E-01
1.00156271E+01 6.44246813675198315E-02 8.99457353573806725E-03 2.46322307581962996E-01
1.00353417E+01 6.42353276740138951E-02 8.99343239633887404E-03 2.46497299414308868E-01
1.00550677E+01 6.40458730782745705E-02 8.99252002742416227E-03 2.46669101072023750E-01
1.00748352E+01 6.38560266770390461E-02 8.99177718861465802E-03 2.46837936434869232E-01
1.00946766E+01 6.36654769383840774E-02 8.99114172660051870E-03 2.47004046224793272E-01
1.01145517E+01 6.34746096382394209E-02 8.99054785238287239E-03 2.47167162227972054E-01
1.01343811E+01 6.32841882504754233E-02 8.98990141786720071E-03 2.47326700798811389E-01
1.01541921E+01 6.30939553285783244E-02 8.98909025756840924E-03 2.47482798824686906E-01
1.01740144E+01 6.29036301030613670E-02 8.98807973093542108E-03 2.47635720388723057E-01
1.01938801E+01 6.27129143484243673E-02 8.98685701558466117E-03 2.47785729254587306E-01
1.02138224E+01 6.25214983410355835E-02 8.98536565595339787E-03 2.47933098902638011E-01
1.02338752E+01 6.23290667258592501E-02 8.98350719307546355E-03 2.48078107138361786E-01
1.02540346E+01 6.21356702139286982E-02 8.98120296453036246E-03 2.48220795834725338E-01
1.02742069E+01 6.19422179259673869E-02 8.97842084855623307E-03 2.48360651481002725E-01
1.02943740E+01 6.17488964138841814E-02 8.97508157610092498E-03 2.48497540216607887E-01
1.03145705E+01 6.15553904478145925E-02 8.97107225276289402E-03 2.48631699419469554E-01
1.03347896E+01 6.13617803791921129E-02 8.96629672907200970E-03 2.48763177489246645E-01
1.03550223E+01 6.11681692730301207E-02 8.96070595677279404E-03 2.48891971154520136E-01
1.03752661E+01 6.09745985722901923E-02 8.95431355649509153E-03 2.49018108254913606E-01
1.03955614E+01 6.07807019414866034E-02 8.94709886776274242E-03 2.49141832822059928E-01
1.04159469E+01 6.05861320464384373E-02 8.93897653026941297E-03 2.49263404002197098E-01
1.04364589E+01 6.03905673334114643E-02 8.92981667766076792E-03 2.49383035186953789E-01
1.04569493E+01 6.01954393445796113E-02 8.91961430934374265E-03 2.49500046526187264E-01
1.04773669E+01 6.00012555673596001E-02 8.90835046824605195E-03 2.49614073313280949E-01
1.04977541E+01 5.98076337659353072E-02 8.89597628912208033E-03 2.49725295601482877E-01
1.05181532E+01 5.96141955466535436E-02 8.88241433835105544E-03 2.49833943007174208E-01
1.05386058E+01 5.94205732690545677E-02 8.86754621804446315E-03 2.49940208380247081E-01
1.05591520E+01 5.92264170026680081E-02 8.85125142720948749E-03 2.50044249040242472E-01
1.05798299E+01 5.90314015486484225E-02 8.83343319817674229E-03 2.50146175485270517E-01
1.06006716E+01 5.88352606706108172E-02 8.81400814905935678E-03 2.50246040046084806E-01
1.06214313E+01 5.86403385133076535E-02 8.79315099828012828E-03 2.50342826749933689E-01
1.06421495E+01 5.84462782710573683E-02 8.77078792943562432E-03 2.50436409289521988E-01
1.06628670E+01 5.82527298256558315E-02 8.74682823563756491E-03 2.50526937713921205E-01
1.06836235E+01 5.80593551667792016E-02 8.72118611004138629E-03 2.50614481092164776E-01
1.07044574E+01 5.78658343462872954E-02 8.69379833913322235E-03 2.50699090294807359E-01
1.07254050E+01 5.76718713204861372E-02 8.66462070672280316E-03 2.50780773143446212E-01
1.07465000E+01 5.74771995566976876E-02 8.63361246767001093E-03 2.50859496489629685E-01
1.07677728E+01 5.72815875827892632E-02 8.60072602602994334E-03 2.50935185155864271E-01
1.07890052E+01 5.70870794910138604E-02 8.56625409611321345E-03 2.51007112773207308E-01
1.08102205E+01 5.68934891787681446E-02 8.53022518658044099E-03 2.51075037168541626E-01
1.08314532E+01 5.67005352147116337E-02 8.49261537626770473E-03 2.51139001497643288E-01
1.08527361E+01 5.65079553889772865E-02 8.45341512841135331E-03 2.51175129584409129E-01
1.08740998E+01 5.63155104939157963E-02 8.41262895758951301E-03 2.51285448568862035E-01
1.08955727E+01 5.61229876427735558E-02 8.37026499155276577E-03 2.51293387982399696E-01
1.09171802E+01 5.59302029875307985E-02 8.32633182779460822E-03 2.51361420069675878E-01
1.09389448E+01 5.57370038082391425E-02 8.28084613091181927E-03 2.51377822219469416E-01
1.09606818E+01 5.55450628013765338E-02 8.23420886341765836E-03 2.51458454695973999E-01
1.09823704E+01 5.53545821056304690E-02 8.18662927873114142E-03 2.51463566631071112E-01
1.10041082E+01 5.51647302423463742E-02 8.13805202159532948E-03 2.51480066511319045E-01
1.10259875E+01 5.49747374270492112E-02 8.08838033283459240E-03 2.51543898522428533E-01
1.10477677E+01 5.47867146438827043E-02 8.03814777553921861E-03 2.51544075382838683E-01
1.10694191E+01 5.46009173676361703E-02 7.98762597495775509E-03 2.51546714064793953E-01
1.10910710E+01 5.44162488277001657E-02 7.93669380341678263E-03 2.51554017854858425E-01
1.11128450E+01 5.42316864984483463E-02 7.88516236466373435E-03 2.51563317605040637E-01
1.11345357E+01 5.40489928622531410E-02 7.83348001962909726E-03 2.51569439385029070E-01
1.11561266E+01 5.38682995792830535E-02 7.78186178440992259E-03 2.51568162691352459E-01
1.11776263E+01 5.36895232889669435E-02 7.73038722154284659E-03 2.51556299274412920E-01
1.11990442E+01 5.35125797209876908E-02 7.67910719266090558E-03 2.51503026504481531E-01
1.12203902E+01 5.33373775569406586E-02 7.62805573789727964E-03 2.51506652835090549E-01
1.12416646E+01 5.31639068380489674E-02 7.57727978592324242E-03 2.51498837175915757E-01
1.12627789E+01 5.29928695223898863E-02 7.52700450690292795E-03 2.51428728033690541E-01
1.12837428E+01 5.28241626868201711E-02 7.47729483910801636E-03 2.51425459539127705E-01
1.13045663E+01 5.26576826261285560E-02 7.42815795458982072E-03 2.51361724077554138E-01
1.13252601E+01 5.24933200281563206E-02 7.37958338433277253E-03 2.51350702949685478E-01
1.13458365E+01 5.23309561966303141E-02 7.33155077200386106E-03 2.51256028050237168E-01
1.13663095E+01 5.21704605091336329E-02 7.28403840630171672E-03 2.51248494321470284E-01
1.13866952E+01 5.20116892197046710E-02 7.23702522276336094E-03 2.51154553251392132E-01
1.14070117E+01 5.18544853177881626E-02 7.19048446494393884E-03 2.51134940310532906E-01
1.14272793E+01 5.16986789714451445E-02 7.14438043480675623E-03 2.51025262802090754E-01
1.14475203E+01 5.15440885620395139E-02 7.09867110959646642E-03 2.51004513872788049E-01
1.14677591E+01 5.13905221156898753E-02 7.05331139095564941E-03 2.50884920986311488E-01
1.14879538E+01 5.12382868536572431E-02 7.00837848921194440E-03 2.50838942157764200E-01
1.15080212E+01 5.10879926178464880E-02 6.96404932577138983E-03 2.50752125120011160E-01
1.15279829E+01 5.09394534895978926E-02 6.92032149911040676E-03 2.50671075457167880E-01
1.15478625E+01 5.07924759503093556E-02 6.87714694879311764E-03 2.50584550786776883E-01
1.15676847E+01 5.06468599754082080E-02 6.83447459425869965E-03 2.50495065159255681E-01
1.15874758E+01 5.05024005381844721E-02 6.79225282759941557E-03 2.50401890435835550E-01
1.16072630E+01 5.03588892863682039E-02 6.75043000741872099E-03 2.50305043965011631E-01
1.16270747E+01 5.02161159767397641E-02 6.70895106356940007E-03 2.50204370425776645E-01
1.16469398E+01 5.00738695009421766E-02 6.66775641328848194E-03 2.50099721377876949E-01
1.16667609E+01 4.99328402698979920E-02 6.62699807566059090E-03 2.49991645064063489E-01
1.16864985E+01 4.97932923439401709E-02 6.58677366195180389E-03 2.49880426803048200E-01
1.17061818E+01 4.96550019665183903E-02 6.54704999392911359E-03 2.49765923238057824E-01
1.17258408E+01 4.95177464001768583E-02 6.50777546391274886E-03 2.49647983144108437E-01
1.17455058E+01 4.93813044648319863E-02 6.46889963223468839E-03 2.49526450306741837E-01
1.17652077E+01 4.92454569375935167E-02 6.43036871941152395E-03 2.49401146184337813E-01
1.17849778E+01 4.91099866712286434E-02 6.39212387478447532E-03 2.49271871117405952E-01
1.18048372E+01 4.89747515993283131E-02 6.35411912973983962E-03 2.49138479069728386E-01
1.18246261E+01 4.88408325368916499E-02 6.31659251132570855E-03 2.49002106322110589E-01
1.18443780E+01 4.87079863389136905E-02 6.27953643115063999E-03 2.48862587488845349E-01
1.18641268E+01 4.85759743447255338E-02 6.24288455131305486E-03 2.48719694680080011E-01
1.18839068E+01 4.84445618262755451E-02 6.20657555917789820E-03 2.48573224591074782E-01
1.19037523E+01 4.83135176047623030E-02 6.17055117114580914E-03 2.48422951768852041E-01
1.19236982E+01 4.81826135197248942E-02 6.13475565038194663E-03 2.48268628748182563E-01
1.19437422E+01 4.80518674057740444E-02 6.09919030310525270E-03 2.48110291655547793E-01
1.19637458E+01 4.79221765152024540E-02 6.06406322709209314E-03 2.47949114400736803E-01
1.19837475E+01 4.77932792656617367E-02 6.02935908254764990E-03 2.47784866843900081E-01
1.20037860E+01 4.76649194228164486E-02 5.99500758030086477E-03 2.47617269317801092E-01
1.20239002E+01 4.75368451609837622E-02 5.96093926323220096E-03 2.47446060368949561E-01
1.20441293E+01 4.74088084352778938E-02 5.92708754785162967E-03 2.47270958887318176E-01
1.20645130E+01 4.72805644553025983E-02 5.89339038859967163E-03 2.47091665899340812E-01
1.20849077E+01 4.71530146156167659E-02 5.86003681295490467E-03 2.46909540681606476E-01
1.21053126E+01 4.70261546893873533E-02 5.82706796864350743E-03 2.46724714552889635E-01
1.21257720E+01 4.68997034445454292E-02 5.79442522928581318E-03 2.46536860763876625E-01
1.21463301E+01 4.67733842700978619E-02 5.76204076619479897E-03 2.46345663689783695E-01
1.21670319E+01 4.66469246282597075E-02 5.72984978525673330E-03 2.46150800944939380E-01
1.21879223E+01 4.65200559292404878E-02 5.69779039131994031E-03 2.45951936192306042E-01
1.22088479E+01 4.63937100023273721E-02 5.66605302502735161E-03 2.45750672925623997E-01
1.22298073E+01 4.62678858273216712E-02 5.63467962824014488E-03 2.45547185478019098E-01
1.22508509E+01 4.61422754815263084E-02 5.60360896203190503E-03 2.45341093095527124E-01
1.22720293E+01 4.60165755779605862E-02 5.57276996811246692E-03 2.45132034353108375E-01
1.22933934E+01 4.58904872294559618E-02 5.54209635252591454E-03 2.44919650895716878E-01
1.23149770E+01 4.57638193865947188E-02 5.51154920670794257E-03 2.44703761082071147E-01
1.23365742E+01 4.56377767525781783E-02 5.48137679300643357E-03 2.44486648353552410E-01
1.23582412E+01 4.55120221618405263E-02 5.45156918825652221E-03 2.44267945018141197E-01
1.23800345E+01 4.53862232872745477E-02 5.42205922957677069E-03 2.44047222975216166E-01
1.24020113E+01 4.52600483615901925E-02 5.39278230100248990E-03 2.43824221933919422E-01
1.24242288E+01 4.51331780278383457E-02 5.36367742933596681E-03 2.43598340794428103E-01
1.24465758E+01 4.50062506777772348E-02 5.33486823425552165E-03 2.43371106839561119E-01
1.24689797E+01 4.48796740446344503E-02 5.30646361434254383E-03 2.43143529850739309E-01
1.24915022E+01 4.47530928822483867E-02 5.27841839091762639E-03 2.42915197299345714E-01
1.25142061E+01 4.46261564338211736E-02 5.25066500433396793E-03 2.42685720371875746E-01
1.25371539E+01 4.44985199143617186E-02 5.22314199605240087E-03 2.42454761646385769E-01
1.25603271E+01 4.43702937300528011E-02 5.19587414718649006E-03 2.42222852293617952E-01
1.25835489E+01 4.42424537881104252E-02 5.16905255189706054E-03 2.41992154476888932E-01
1.26068853E+01 4.41146311837367147E-02 5.14264982764518069E-03 2.41762290882298614E-01
1.26304028E+01 4.39864613090067344E-02 5.11659480057799140E-03 2.41532895854571744E-01
1.26541683E+01 4.38575857129064953E-02 5.09081757455724041E-03 2.41303702474895299E-01
1.26782045E+01 4.37278900381748437E-02 5.06529066614870051E-03 2.41074932707561917E-01
1.27022896E+01 4.35985692302461592E-02 5.04020801962665969E-03 2.40849221663923696E-01
1.27264919E+01 4.34692503279757864E-02 5.01553433804766829E-03 2.40626252484397202E-01
1.27508801E+01 4.33395641581818328E-02 4.99119299943843932E-03 2.40405745254268804E-01
1.27755233E+01 4.32091482362107621E-02 4.96711385294572143E-03 2.40187557684113984E-01
1.28004264E+01 4.30779819960078192E-02 4.94328401538148086E-03 2.39972201037319394E-01
1.28253897E+01 4.29471134325219925E-02 4.91986180354983278E-03 2.39762014929389533E-01
1.28504818E+01 4.28161759743767439E-02 4.89681003896123238E-03 2.39556774943446821E-01
1.28757718E+01 4.26848077668039033E-02 4.87405921916212945E-03 2.39356341155690100E-01
1.29013281E+01 4.25526557496638674E-02 4.85154319134667878E-03 2.39160730534208110E-01
1.29269987E+01 4.24205053467764104E-02 4.82935938402154902E-03 2.38971793236207680E-01
1.29525093E+01 4.22897517530683720E-02 4.80770765653572296E-03 2.38792060679947932E-01
1.29779088E+01 4.21601214807761915E-02 4.78655449542414891E-03 2.38621237511552647E-01
1.30032202E+01 4.20314797263474163E-02 4.76584860049092569E-03 2.38459335481857271E-01
1.30284695E+01 4.19036786677505491E-02 4.74554055949120632E-03 2.38306438784350594E-01
1.30536848E+01 4.17765632844269361E-02 4.72558151695341797E-03 2.38162629531363523E-01
1.30788904E+01 4.16500004956234585E-02 4.70592776832909083E-03 2.38028035084215300E-01
1.31039882E+01 4.15244695245538045E-02 4.68661788896216659E-03 2.37903482365690616E-01
1.31289822E+01 4.13999411559792460E-02 4.66763496587090532E-03 2.37788788701772780E-01
1.31539000E+01 4.12762622896890585E-02 4.64893807284267983E-03 2.37684418821971499E-01
1.31787658E+01 4.11533023801114659E-02 4.63048912455177059E-03 2.37590123403160103E-01
1.32036002E+01 4.10309519360795988E-02 4.61225487137936936E-03 2.37505976645802835E-01
1.32284203E+01 4.09091200759474152E-02 4.59420529701704862E-03 2.37432060280266533E-01
1.32532406E+01 4.07877310996785508E-02 4.57631305872418636E-03 2.37368475790928596E-01
1.32780470E+01 4.06668505337152708E-02 4.55856966743242980E-03 2.37315409229617996E-01
1.33027845E+01 4.05467405577106185E-02 4.54099494108741245E-03 2.37273087581164249E-01
1.33274714E+01 4.04273078914094558E-02 4.52356818014783713E-03 2.37241446059637928E-01
1.33521227E+01 4.03084759282953259E-02 4.50626308634581498E-03 2.37229637898234591E-01
1.33767513E+01 4.01901810493453110E-02 4.48905405597377176E-03 2.37197751177523203E-01
1.34013683E+01 4.00723683519905588E-02 4.47191564724641003E-03 2.37199569665649090E-01
1.34259494E+01 3.99551541351862299E-02 4.45484356001221628E-03 2.37230114170603301E-01
1.34504755E+01 3.98386285956944183E-02 4.43783433009467976E-03 2.37231484664859771E-01
1.34749584E+01 3.97227336592059221E-02 4.42086701747944257E-03 2.37281131068750151E-01
1.34994200E+01 3.96073676577815351E-02 4.40391380582195926E-03 2.37311303842657112E-01
1.35238366E+01 3.94926425180521512E-02 4.38697395780328955E-03 2.37366172438956857E-01
1.35481610E+01 3.93787789103430610E-02 4.37006595775994971E-03 2.37427151529981784E-01
1.35724078E+01 3.92657086452830734E-02 4.35317470930582373E-03 2.37498627126971923E-01
1.35965958E+01 3.91533436154916092E-02 4.33627613092284637E-03 2.37579351873973998E-01
1.36207484E+01 3.90415770726332545E-02 4.31934247567846395E-03 2.37669430601418569E-01
1.36448929E+01 3.89302855318278823E-02 4.30234240599742038E-03 2.37768736171994233E-01
1.36690606E+01 3.88193310843735762E-02 4.28524131344697797E-03 2.37877233521025994E-01
1.36931618E+01 3.87091283753074888E-02 4.26807676358545267E-03 2.37994440083710512E-01
1.37171794E+01 3.85997562283543275E-02 4.25085703414305668E-03 2.38119941711362665E-01
1.37411382E+01 3.84911028045128931E-02 4.23355919662041572E-03 2.38253539517152835E-01
1.37650658E+01 3.83830459786848668E-02 4.21615567502277300E-03 2.38395127366048620E-01
1.37889921E+01 3.82754556833089371E-02 4.19861829257929618E-03 2.38544655112198967E-01
1.38129485E+01 3.81681962095136162E-02 4.18091834273233605E-03 2.38702121811520951E-01
1.38368241E+01 3.80617677124598583E-02 4.16311743160623429E-03 2.38866704052189377E-01
1.38606330E+01 3.79561080494107556E-02 4.14521779024444419E-03 2.39038117456086163E-01
1.38844045E+01 3.78510891741810490E-02 4.12719892834361151E-03 2.39216282001781938E-01
1.39081697E+01 3.77465771810470974E-02 4.10903788917631532E-03 2.39401201975070643E-01
1.39319609E+01 3.76424348466585026E-02 4.09071110013022824E-03 2.39592935792603295E-01
1.39557901E+01 3.75386168711746640E-02 4.07220905327716244E-03 2.39791428794925626E-01
1.39795480E+01 3.74356009083844990E-02 4.05360587368017253E-03 2.39995685489442501E-01
1.40032652E+01 3.73332549265868938E-02 4.03490243221858551E-03 2.40205633767382742E-01
1.40269735E+01 3.72314428757381799E-02 4.01608302176425461E-03 2.40421345752220184E-01
1.40507057E+01 3.71300273153430810E-02 3.99713217658373855E-03 2.40642965624870392E-01
1.40744949E+01 3.70288719295316926E-02 3.97803458990123905E-03 2.40870683865280349E-01
1.40982825E+01 3.69282296772172752E-02 3.95883691238353534E-03 2.41103903360634697E-01
1.41220285E+01 3.68282691937787607E-02 3.93958570754151648E-03 2.41342093650812606E-01
1.41457651E+01 3.67288543416119523E-02 3.92027651332567135E-03 2.41585390396794969E-01
1.41695251E+01 3.66298492268290615E-02 3.90089503378807925E-03 2.41834032754484674E-01
1.41933412E+01 3.65311207155673209E-02 3.88142739435994120E-03 2.42088313013672923E-01
1.42172259E+01 3.64326203030253884E-02 3.86187431650725482E-03 2.42348363694143087E-01
1.42410705E+01 3.63347960952705648E-02 3.84232322271067187E-03 2.42613070627685362E-01
1.42649073E+01 3.62375140182871341E-02 3.82278230254553836E-03 2.42882652438063312E-01
1.42887683E+01 3.61406415067476589E-02 3.80324071470988963E-03 2.43157455589818161E-01
1.43126855E+01 3.60440499454731944E-02 3.78368752272492627E-03 2.43437885105617535E-01
1.43366898E+01 3.59476169408543753E-02 3.76411216700334433E-03 2.43724379306058309E-01
1.43606949E+01 3.58516894704462505E-02 3.74458336924268255E-03 2.44016074267829702E-01
1.43846948E+01 3.57562880295056243E-02 3.72512974737004236E-03 2.44312912325818810E-01
1.44087209E+01 3.56612852733199440E-02 3.70574316089550704E-03 2.44615329898864947E-01
1.44328041E+01 3.55665587512792522E-02 3.68641052564436288E-03 2.44923833902881471E-01
1.44569740E+01 3.54719930628367569E-02 3.66711921622593813E-03 2.45238964698132694E-01
1.44811998E+01 3.53777089782226425E-02 3.64789596410097436E-03 2.45560544542708953E-01
1.45054251E+01 3.52839241056109101E-02 3.62879037904763769E-03 2.45888011203439311E-01
1.45296801E+01 3.51905179754806868E-02 3.60979621210822093E-03 2.46221875735459977E-01
1.45539943E+01 3.50973756244213828E-02 3.59089585829041333E-03 2.46562731371711974E-01
1.45783960E+01 3.50043895594871340E-02 3.57207273827121145E-03 2.46911204075490553E-01
1.46028924E+01 3.49115333644112597E-02 3.55332437456043395E-03 2.47267668226771709E-01
1.46273932E+01 3.48191476373981568E-02 3.53471305106487594E-03 2.47631115805186874E-01
1.46519275E+01 3.47271198497216410E-02 3.51623667369808067E-03 2.48002108968651880E-01
1.46765234E+01 3.46353432042038611E-02 3.49787925745475604E-03 2.48381293239422263E-01
1.47012075E+01 3.45437183890568641E-02 3.47962573690743229E-03 2.48769342166528573E-01
1.47260047E+01 3.44521550782098326E-02 3.46146191305252366E-03 2.49166931858885637E-01
1.47508668E+01 3.43608321457338009E-02 3.44341749477426002E-03 2.49573614802047844E-01
1.47757662E+01 3.42698497375978975E-02 3.42551659960079607E-03 2.49989161781896341E-01
1.48007296E+01 3.41791093022618397E-02 3.40774764872094895E-03 2.50414191533965158E-01
1.48257823E+01 3.40885195199213120E-02 3.39009426212695747E-03 2.50849357132833517E-01
1.48509479E+01 3.39979975194048684E-02 3.37254205573231033E-03 2.51295306913748018E-01
1.48762477E+01 3.39074697500171066E-02 3.35507858352998914E-03 2.51752665847793433E-01
1.49016097E+01 3.38171961223502418E-02 3.33774507351245918E-03 2.52220390722919852E-01
1.49270389E+01 3.37271584610709385E-02 3.32054724755841829E-03 2.52698665168611059E-01
1.49525596E+01 3.36372717856190731E-02 3.30347135263563867E-03 2.53188037207781103E-01
1.49762798E+01 3.35541472589773668E-02 3.28755873051281766E-03 2.53652571439359542E-01
1.50000000E+01 3.34714261966595344E-02 3.27199489206729099E-03 2.54124240279429703E-01
