#  time, MeanKE MeanKEDR MeanP
0 1.24699045417061311E-01 4.67622748076602565E-04 -1.14385921606686266E-17
2.94524311E-02 1.24673887648808726E-01 6.31998764411675169E-04 9.40614860281919259E-04
5.89832912E-02 1.24652938841724958E-01 6.32047646482006439E-04 9.59888925771718070E-04
8.85234524E-02 1.24633343507676020E-01 6.32232467868972881E-04 8.50164549840868081E-04
1.18076222E-01 1.24614128363281437E-01 6.32546567538667427E-04 6.83842006267581224E-04
1.47645332E-01 1.24594964083616797E-01 6.32988379497623232E-04 4.53676443146704470E-04
1.77234625E-01 1.24575736692335612E-01 6.33558220594277540E-04 1.59718242710311855E-04
2.06847931E-01 1.24556404002604149E-01 6.34257198884637325E-04 -1.97858003331768891E-04
2.36484463E-01 1.24536950728809159E-01 6.35086718613721898E-04 -6.18214790019964446E-04
2.66132184E-01 1.24517376954634440E-01 6.36048038578603155E-04 -1.10049500949624705E-03
2.95795023E-01 1.24497674975196149E-01 6.37142913797509171E-04 -1.64378544734166223E-03
3.25476838E-01 1.24477837940254438E-01 6.38373357236807649E-04 -2.24711085206329847E-03
3.55181404E-01 1.24457859256448783E-01 6.39741585285183803E-04 -2.90940879264876048E-03
3.84912399E-01 1.24437732389354266E-01 6.41250007200767544E-04 -3.62952166177790778E-03
4.14673393E-01 1.24417450799523141E-01 6.42901215708281508E-04 -4.40619172500022246E-03
4.44467836E-01 1.24397007923368136E-01 6.44697977944546589E-04 -5.23805563922465859E-03
4.74299047E-01 1.24376397169214073E-01 6.46643226442824258E-04 -6.12363858347902967E-03
5.04170205E-01 1.24355611918624570E-01 6.48740050023851678E-04 -7.06134809834983810E-03
5.34084335E-01 1.24334645529716542E-01 6.50991684531181916E-04 -8.04946770849257129E-03
5.64044306E-01 1.24313491341344284E-01 6.53401503383073358E-04 -9.08615040207011448E-03
5.94052814E-01 1.24292142677782089E-01 6.55973007934781320E-04 -1.01694120475362623E-02
6.24112382E-01 1.24270592853767584E-01 6.58709817646504266E-04 -1.12971248352197410E-02
6.54225349E-01 1.24248835179843517E-01 6.61615660005774806E-04 -1.24670108441153459E-02
6.84393864E-01 1.24226862967980953E-01 6.64694360084895674E-04 -1.36766358426923165E-02
7.14611184E-01 1.24204675894706212E-01 6.67948984694182336E-04 -1.49230471638361374E-02
7.44875094E-01 1.24182270351922877E-01 6.71382861345336300E-04 -1.62032801291729298E-02
7.75187922E-01 1.24159639340284608E-01 6.74999847564380353E-04 -1.75143963668452224E-02
8.05551796E-01 1.24136775887950523E-01 6.78803925163609743E-04 -1.88532967517360366E-02
8.35968640E-01 1.24113673048365292E-01 6.82799129484239946E-04 -2.02167134692325216E-02
8.66440173E-01 1.24090323904133867E-01 6.86989538566048249E-04 -2.16012072663769837E-02
8.96967903E-01 1.24066721572973881E-01 6.91379262306669761E-04 -2.30031658101512125E-02
9.27553127E-01 1.24042859214235426E-01 6.95972431662108507E-04 -2.44188032571700797E-02
9.58196928E-01 1.24018730035430000E-01 7.00773187946689699E-04 -2.58441611836735322E-02
9.88900173E-01 1.23994327298523263E-01 7.05785672288027988E-04 -2.72751110322371482E-02
1.01966352E+00 1.23969644325831935E-01 7.11014015283645707E-04 -2.87073582229196503E-02
1.05048740E+00 1.23944674505409178E-01 7.16462326904132411E-04 -3.01364480711711832E-02
1.08137206E+00 1.23919411295785140E-01 7.22134686708595839E-04 -3.15577736226776845E-02
1.11231752E+00 1.23893848229936987E-01 7.28035134479178368E-04 -3.29665854851062118E-02
1.14332359E+00 1.23867978918348762E-01 7.34167661418164141E-04 -3.43580037264952162E-02
1.17438989E+00 1.23841797051017791E-01 7.40536202065066149E-04 -3.57270319477998310E-02
1.20551586E+00 1.23815296398255684E-01 7.47144627086689475E-04 -3.70685736474664490E-02
1.23670072E+00 1.23788470810130072E-01 7.53996737084281464E-04 -3.83774508969593475E-02
1.26794353E+00 1.23761314214395929E-01 7.61096257555154781E-04 -3.96484252154227640E-02
1.29924318E+00 1.23733820612765194E-01 7.68446835141559309E-04 -4.08762205093807993E-02
1.33059839E+00 1.23705984075369271E-01 7.76052035296247102E-04 -4.20555479725918460E-02
1.36200772E+00 1.23677798733278776E-01 7.83915341492220723E-04 -4.31811328262068084E-02
1.39346961E+00 1.23649258768952774E-01 7.92040156103741085E-04 -4.42477427144641056E-02
1.42498233E+00 1.23620358404505054E-01 8.00429803085974745E-04 -4.52502175064040529E-02
1.45654407E+00 1.23591091887691976E-01 8.09087532578443478E-04 -4.61835002055272226E-02
1.48815290E+00 1.23561453475534003E-01 8.18016527550251282E-04 -4.70426686277523320E-02
1.51980680E+00 1.23531437415520778E-01 8.27219912591238928E-04 -4.78229674748628236E-02
1.55150368E+00 1.23501037924341833E-01 8.36700764933321771E-04 -4.85198404020238463E-02
1.58324139E+00 1.23470249164136403E-01 8.46462127762443828E-04 -4.91289616526948691E-02
1.61501772E+00 1.23439065216247076E-01 8.56507025857599215E-04 -4.96462794889376835E-02
1.64683047E+00 1.23407480052559582E-01 8.66838483557681619E-04 -5.00679810392591906E-02
1.67867741E+00 1.23375487504168810E-01 8.77459545059941981E-04 -5.03906561201648631E-02
1.71055632E+00 1.23343081228063603E-01 8.88373296999345283E-04 -5.06111727262675837E-02
1.74246504E+00 1.23310254671147382E-01 8.99582893259003231E-04 -5.07267902117291558E-02
1.77440143E+00 1.23277001032143022E-01 9.11091581957314094E-04 -5.07346436342262438E-02
1.80636343E+00 1.23243313221078621E-01 9.22902734460315341E-04 -5.06349650103260981E-02
1.83834907E+00 1.23209183818200022E-01 9.35019876520320125E-04 -5.04225667501909183E-02
1.87035650E+00 1.23174605027268638E-01 9.47446721132909689E-04 -5.00992794685522422E-02
1.90238399E+00 1.23139568631377497E-01 9.60187203283585861E-04 -4.96633196171842387E-02
1.93442997E+00 1.23104065943871438E-01 9.73245516357840786E-04 -4.91145916310948283E-02
1.96649301E+00 1.23068087758564010E-01 9.86626150127942409E-04 -4.84532919892001548E-02
1.99857191E+00 1.23031624298002434E-01 1.00033393024858710E-03 -4.76800416260718049E-02
2.03066563E+00 1.22994665159980893E-01 1.01437405919065950E-03 -4.67958797434022133E-02
2.06277339E+00 1.22957199262291372E-01 1.02875215856937721E-03 -4.58022512160410344E-02
2.09489462E+00 1.22919214785686792E-01 1.04347431284786173E-03 -4.47009908257784763E-02
2.12702902E+00 1.22880699115000491E-01 1.05854711442510607E-03 -4.34943046875577721E-02
2.15917654E+00 1.22841638778346487E-01 1.07397771014754108E-03 -4.21847492288248832E-02
2.19133743E+00 1.22802019384288946E-01 1.08977384931584361E-03 -4.07752081143806649E-02
2.22351220E+00 1.22761825556855553E-01 1.10594393329314662E-03 -3.92688675275191593E-02
2.25570169E+00 1.22721040868226328E-01 1.12249706685691635E-03 -3.76691902298135414E-02
2.28790702E+00 1.22679647768913311E-01 1.13944311147387372E-03 -3.59798888188883892E-02
2.32012963E+00 1.22637627515214134E-01 1.15679274071286476E-03 -3.42048985954611501E-02
2.35237129E+00 1.22594960093696928E-01 1.17455749804164992E-03 -3.23483504315572948E-02
2.38463407E+00 1.22551624142443222E-01 1.19274985727634074E-03 -3.04145440032415129E-02
2.41692036E+00 1.22507596868761087E-01 1.21138328596482594E-03 -2.84079217230489081E-02
2.44923288E+00 1.22462853963044002E-01 1.23047231199057338E-03 -2.63330436630116842E-02
2.48157464E+00 1.22417369508437554E-01 1.25003259369329081E-03 -2.41945637239454232E-02
2.51394898E+00 1.22371115885957990E-01 1.27008099384099847E-03 -2.19972072554995637E-02
2.54635643E+00 1.22324068226573282E-01 1.29063397588109513E-03 -1.97459628083580425E-02
2.57878732E+00 1.22276215719118023E-01 1.31170307862053651E-03 -1.74466057763452316E-02
2.61124504E+00 1.22227527533475697E-01 1.33330670566400252E-03 -1.51040921842450424E-02
2.64373334E+00 1.22177970784297249E-01 1.35546595736556500E-03 -1.27233515755685901E-02
2.67625625E+00 1.22127510422656557E-01 1.37820350427769744E-03 -1.03092734136564137E-02
2.70881809E+00 1.22076109113807410E-01 1.40154369747010825E-03 -7.86670155918021280E-03
2.74142349E+00 1.22023727106321589E-01 1.42551268884211972E-03 -5.40042324009554382E-03
2.77407731E+00 1.21970322093848046E-01 1.45013856198346965E-03 -2.91515984783983139E-03
2.80678471E+00 1.21915849069895152E-01 1.47545147248963966E-03 -4.15570688304650777E-04
2.83955105E+00 1.21860260175747262E-01 1.50148379510853594E-03 2.09381082193650907E-03
2.87238194E+00 1.21803504542018937E-01 1.52827027448334879E-03 4.60845732513259863E-03
2.90528318E+00 1.21745528123074237E-01 1.55584817707068025E-03 7.12398881133705000E-03
2.93826076E+00 1.21686273525583075E-01 1.58425744511208060E-03 9.63609042469669441E-03
2.97130382E+00 1.21625684510983781E-01 1.61352731688194778E-03 1.21422499433669080E-02
3.00441071E+00 1.21563730426613434E-01 1.64369407109945295E-03 1.46320692649364384E-02
3.03758768E+00 1.21500351781979279E-01 1.67480361924120312E-03 1.71042221492205826E-02
3.07084116E+00 1.21435481414331387E-01 1.70690619310547909E-03 1.95548262485619011E-02
3.10417773E+00 1.21369046760672991E-01 1.74005561029517996E-03 2.19801097119667714E-02
3.13760413E+00 1.21300970506351358E-01 1.77430966930126302E-03 2.43764078911634166E-02
3.17112719E+00 1.21231170665420107E-01 1.80973052412929472E-03 2.67401618588410071E-02
3.20475386E+00 1.21159560467472310E-01 1.84638500942445913E-03 2.90679162775963618E-02
3.23849114E+00 1.21086048178720526E-01 1.88434487605265797E-03 3.13563170255218016E-02
3.27234614E+00 1.21010536901712262E-01 1.92368691589387959E-03 3.36021089583214555E-02
3.30630942E+00 1.20932962822127579E-01 1.96447673904058670E-03 3.58010570892463922E-02
3.34037635E+00 1.20853249245202507E-01 2.00678366667843928E-03 3.79494454376170451E-02
3.37455441E+00 1.20771287129312038E-01 2.05069357185107964E-03 4.00444987144956896E-02
3.40885113E+00 1.20686961627833100E-01 2.09629991933386536E-03 4.20835410326539996E-02
3.44327408E+00 1.20600151984960019E-01 2.14370118296801750E-03 4.40640017439720560E-02
3.47783082E+00 1.20510731402396931E-01 2.19300102458054071E-03 4.59834178542078004E-02
3.51252891E+00 1.20418566910726776E-01 2.24430833904715708E-03 4.78394333550415038E-02
3.54737336E+00 1.20323526334173384E-01 2.29773382356944023E-03 4.96296653158132331E-02
3.58236460E+00 1.20225484871754648E-01 2.35338525571948546E-03 5.13516340168959223E-02
3.61750581E+00 1.20124305639339596E-01 2.41137382529582264E-03 5.30031662383431343E-02
3.65279359E+00 1.20019866700594752E-01 2.47180251599670451E-03 5.45819327636142618E-02
3.68823295E+00 1.19912017890420802E-01 2.53478016571929586E-03 5.60861858205616362E-02
3.72382682E+00 1.19800610810875091E-01 2.60041136103359317E-03 5.75142142115411814E-02
3.75957006E+00 1.19685520123687397E-01 2.66878075574818402E-03 5.88641403358624513E-02
3.79522342E+00 1.19567413601530462E-01 2.73959071875261740E-03 6.01258170780206921E-02
3.83071296E+00 1.19446479390440716E-01 2.81264057975879039E-03 6.12972124843936053E-02
3.86606943E+00 1.19322562912212909E-01 2.88793572312621896E-03 6.23811261269146961E-02
3.90131883E+00 1.19195518590964819E-01 2.96550954512327753E-03 6.33791887978860241E-02
3.93648269E+00 1.19065212088621822E-01 3.04537539609872577E-03 6.42929860555481181E-02
3.97157848E+00 1.18931521429175485E-01 3.12752612610353196E-03 6.51239166226645350E-02
4.00650252E+00 1.18794808148046036E-01 3.21171389480031646E-03 6.58705434595362044E-02
4.04118918E+00 1.18655330641674731E-01 3.29766261859659694E-03 6.65335439708848037E-02
4.07566824E+00 1.18512979896480700E-01 3.38527826855150463E-03 6.71160282389348800E-02
4.10996447E+00 1.18367660156763602E-01 3.47451021838391565E-03 6.76205906856062883E-02
4.14409829E+00 1.18219288792909272E-01 3.56530020831181916E-03 6.80495811564126307E-02
4.17808650E+00 1.18067794867545928E-01 3.65758604153589885E-03 6.84052129166933254E-02
4.21194302E+00 1.17913116928343151E-01 3.75130518815751596E-03 6.86896147046809624E-02
4.24567958E+00 1.17755200274497984E-01 3.84639817641283920E-03 6.89048752482993715E-02
4.27930650E+00 1.17593993869536909E-01 3.94281169223366194E-03 6.90530701608344649E-02
4.31283335E+00 1.17429447059585274E-01 4.04050138142041364E-03 6.91300414785912531E-02
4.34626965E+00 1.17261506253167419E-01 4.13943437904011873E-03 6.91719910003756738E-02
4.37962543E+00 1.17090111681156669E-01 4.23959149958923632E-03 6.91079060424693997E-02
4.41291183E+00 1.16915194416345083E-01 4.34096873576275254E-03 6.90219702582511169E-02
4.44614148E+00 1.16736673626950407E-01 4.44357735341507128E-03 6.88678487394980970E-02
4.47918410E+00 1.16555272008905614E-01 4.54709573744502271E-03 6.86640166306501099E-02
4.51187062E+00 1.16372010517837299E-01 4.65098713655279477E-03 6.84141382581670010E-02
4.54425906E+00 1.16186664449571264E-01 4.75520619004694920E-03 6.81233249008306452E-02
4.57614856E+00 1.16000533550449370E-01 4.85921893060694068E-03 6.77984904087087364E-02
4.60759390E+00 1.15813462958010260E-01 4.96287409411835714E-03 6.74457164431819384E-02
4.63865406E+00 1.15625242755617752E-01 5.06618472114509031E-03 6.70706044687303937E-02
4.66939126E+00 1.15435619326298797E-01 5.16912673123033975E-03 6.66787958487037730E-02
4.69986986E+00 1.15244303587111296E-01 5.27162922642459078E-03 6.62761044380209413E-02
4.73015544E+00 1.15050978111502972E-01 5.37356827381406821E-03 6.58686351289137217E-02
4.76031389E+00 1.14855303517478441E-01 5.47476660170739381E-03 6.54629154089322318E-02
4.79041059E+00 1.14656923998928822E-01 5.57500219855563625E-03 6.50660362740849985E-02
4.82034827E+00 1.14456582381650629E-01 5.67363871338174165E-03 6.46877837196337679E-02
4.85011554E+00 1.14254473781118610E-01 5.77016201252060403E-03 6.43372860792924411E-02
4.87975339E+00 1.14050397331423414E-01 5.86433894433205719E-03 6.40239775260713351E-02
4.90929783E+00 1.13844199410371313E-01 5.95608646433366112E-03 6.37559462509627861E-02
4.93878116E+00 1.13635716630824737E-01 6.04544799542968206E-03 6.35434926626906316E-02
4.96823308E+00 1.13424774697142558E-01 6.13259001441969747E-03 6.33968649482481300E-02
4.99768169E+00 1.13211185713551571E-01 6.21777042862747559E-03 6.33352997535576306E-02
5.02715419E+00 1.12994746675502869E-01 6.30128856489479017E-03 6.33410261266120211E-02
5.05667743E+00 1.12775240009302696E-01 6.38343464941667268E-03 6.34416147634775801E-02
5.08627807E+00 1.12552436368047987E-01 6.46445360302629057E-03 6.36944139450619368E-02
5.11598256E+00 1.12326100683725491E-01 6.54452403771566514E-03 6.40226481459674479E-02
5.14581683E+00 1.12096001787600388E-01 6.62374387971128350E-03 6.44953336791311005E-02
5.17580598E+00 1.11861923611677044E-01 6.70212158888266497E-03 6.51080108329682578E-02
5.20597382E+00 1.11623676175364783E-01 6.77957745422202475E-03 6.58639795616576262E-02
5.23634261E+00 1.11381105806412459E-01 6.85594713789184143E-03 6.67734657297897188E-02
5.26693303E+00 1.11134103850506344E-01 6.93097047313481068E-03 6.78404563998684373E-02
5.29776437E+00 1.10882612087739987E-01 7.00425570032675842E-03 6.90672847627581271E-02
5.32874122E+00 1.10627566361802529E-01 7.07505298995939925E-03 7.04494461199542121E-02
5.35971843E+00 1.10370388280495238E-01 7.14232397354826534E-03 7.19726928739949923E-02
5.39072066E+00 1.10111137812316420E-01 7.20520160405961792E-03 7.36291352857127296E-02
5.42176931E+00 1.09849911926551275E-01 7.26293063075806895E-03 7.54059563173913733E-02
5.45287383E+00 1.09586907019384158E-01 7.31487858315174860E-03 7.72890428658871004E-02
5.48390853E+00 1.09323452242817434E-01 7.36053710550622908E-03 7.92542174283098477E-02
5.51490346E+00 1.09059535223565526E-01 7.39986078196195555E-03 8.12841909066947255E-02
5.54573451E+00 1.08796409767591071E-01 7.43305846904894225E-03 8.33520397974760047E-02
5.57644124E+00 1.08533888933813077E-01 7.46070616206321972E-03 8.54411250204904910E-02
5.60707776E+00 1.08271603552004173E-01 7.48363364081324790E-03 8.75373855643281767E-02
5.63769920E+00 1.08009118742781782E-01 7.50278500914290051E-03 8.96286119485694976E-02
5.66836211E+00 1.07745934961845369E-01 7.51914150392812147E-03 9.17043764190733218E-02
5.69912482E+00 1.07481490454510123E-01 7.53365530687368987E-03 9.37561354927060470E-02
5.72959753E+00 1.07219017920579668E-01 7.54707577232033907E-03 9.57490577287199024E-02
5.75980769E+00 1.06958167116285946E-01 7.56005782093817792E-03 9.76778731961314012E-02
5.78981291E+00 1.06698321506852059E-01 7.57317379284258227E-03 9.95419405267317925E-02
5.81967064E+00 1.06438858989581081E-01 7.58692491259501094E-03 1.01342797893032993E-01
5.84943850E+00 1.06179150939304218E-01 7.60180031232803033E-03 1.03083643559109803E-01
5.87917479E+00 1.05918560649458260E-01 7.61823059656987264E-03 1.04768980905982162E-01
5.90893905E+00 1.05656439715315617E-01 7.63652575228638501E-03 1.06403532681473637E-01
5.93879279E+00 1.05392121926602356E-01 7.65688529295928053E-03 1.07996649963295832E-01
5.96880028E+00 1.05124915518833101E-01 7.67946357732716793E-03 1.09552495091426103E-01
5.99902941E+00 1.04854094382964905E-01 7.70443778228272792E-03 1.11080784115191178E-01
6.02955270E+00 1.04578889541294295E-01 7.73202818813672598E-03 1.12590063159875464E-01
6.06044836E+00 1.04298478923754559E-01 7.76246799725605757E-03 1.14089623024207845E-01
6.09180150E+00 1.04011972699891292E-01 7.79596650899071989E-03 1.15589211084916196E-01
6.12370539E+00 1.03718396498836254E-01 7.83268964387905109E-03 1.17098939990564671E-01
6.15605719E+00 1.03418576655360958E-01 7.87259901548711082E-03 1.18620083145925842E-01
6.18831526E+00 1.03117473194020134E-01 7.91513627604512396E-03 1.20133993308247408E-01
6.22053870E+00 1.02814570437533906E-01 7.96001063067392975E-03 1.21646600812627403E-01
6.25279462E+00 1.02509282923158918E-01 8.00727137930162987E-03 1.23163601825076505E-01
6.28516101E+00 1.02200922752417725E-01 8.05697697753705692E-03 1.24690173187237976E-01
6.31772986E+00 1.01888666715853365E-01 8.10905430771028876E-03 1.26230816128102052E-01
6.35028705E+00 1.01574644741503808E-01 8.16282350482327307E-03 1.27775163725881657E-01
6.38303846E+00 1.01256975035361144E-01 8.21751310505733183E-03 1.29329482080463354E-01
6.41549643E+00 1.00940517241551286E-01 8.27161183780978325E-03 1.30868865221440006E-01
6.44770331E+00 1.00625041912116589E-01 8.32365592987622561E-03 1.32389940442396131E-01
6.47973157E+00 1.00310009477655213E-01 8.37265490273113484E-03 1.33890885966244322E-01
6.51166534E+00 9.99947411331175984E-02 8.41796930417557272E-03 1.35370324503105738E-01
6.54360180E+00 9.96783984603121093E-02 8.45945962521061842E-03 1.36826992103487394E-01
6.57565256E+00 9.93599625416302368E-02 8.49749927356791349E-03 1.38259731065352665E-01
6.60794538E+00 9.90382098053502608E-02 8.53283088609931191E-03 1.39667482565335010E-01
6.64059115E+00 9.87120382557537118E-02 8.56631224722480267E-03 1.41047936137015190E-01
6.67333735E+00 9.83839584140608903E-02 8.59844635290565353E-03 1.42384404496243511E-01
6.70612646E+00 9.80545409761902353E-02 8.62922405445121915E-03 1.43668915762618976E-01
6.73902532E+00 9.77231043821726875E-02 8.65812647989842692E-03 1.44899341661390429E-01
6.77210317E+00 9.73889386621130809E-02 8.68408752642415432E-03 1.46074359661487851E-01
6.80543335E+00 9.70512921830508496E-02 8.70582924181895548E-03 1.47193252103975991E-01
6.83904219E+00 9.67098888506727622E-02 8.72246376795793657E-03 1.48254392191366852E-01
6.87256420E+00 9.63684499533815353E-02 8.73394748027826046E-03 1.49246240566733662E-01
6.90597091E+00 9.60272888700634958E-02 8.74099176405407526E-03 1.50169584897689695E-01
6.93935305E+00 9.56854871991226902E-02 8.74469064915677635E-03 1.51029684204882636E-01
6.97281077E+00 9.53420140872371369E-02 8.74598293622089532E-03 1.51832476913597608E-01
7.00645466E+00 9.49957309890351320E-02 8.74540926258930360E-03 1.52584326270247317E-01
7.04032685E+00 9.46462204034722587E-02 8.74309078302441291E-03 1.53290471389303212E-01
7.07391205E+00 9.42988697662111713E-02 8.73897210825593830E-03 1.53946793904376766E-01
7.10732138E+00 9.39526318833522056E-02 8.73268986894747655E-03 1.54561862491883084E-01
7.14065680E+00 9.36065226875178180E-02 8.72440597735810001E-03 1.55144537262428134E-01
7.17400776E+00 9.32596534165565094E-02 8.71477197570007939E-03 1.55703875259349200E-01
7.20744580E+00 9.29112957758004426E-02 8.70459800980495461E-03 1.56248001792893554E-01
7.24079428E+00 9.25632999828601283E-02 8.69449495503235754E-03 1.56781325827312024E-01
7.27381771E+00 9.22181409825549164E-02 8.68461542238618475E-03 1.57307255447445060E-01
7.30687762E+00 9.18720377541913796E-02 8.67471410472939880E-03 1.57836735595045824E-01
7.34031782E+00 9.15213523818454722E-02 8.66485821159469066E-03 1.58381408465386897E-01
7.37364386E+00 9.11712589635389203E-02 8.65558671051607116E-03 1.58941797910986976E-01
7.40626648E+00 9.08280195714617350E-02 8.64702159267101075E-03 1.59514055737781379E-01
7.43858717E+00 9.04875039239470824E-02 8.63840210815419902E-03 1.60106398313734577E-01
7.47096846E+00 9.01459587873822410E-02 8.62900610895101991E-03 1.60729067633773426E-01
7.50348203E+00 8.98026826133484779E-02 8.61833265385156776E-03 1.61388630110259695E-01
7.53571661E+00 8.94620824161291572E-02 8.60631037869055704E-03 1.62081957675252131E-01
7.56785272E+00 8.91223011212762956E-02 8.59271633113172645E-03 1.62813406497314322E-01
7.60006576E+00 8.87814957892923834E-02 8.57762678655633187E-03 1.63588613384571868E-01
7.63205257E+00 8.84428717396103237E-02 8.56167272955356273E-03 1.64403832246463683E-01
7.66367938E+00 8.81078367239538779E-02 8.54562775350830098E-03 1.65256106333786817E-01
7.69522045E+00 8.77734517059322455E-02 8.53018318538794652E-03 1.66151519376550316E-01
7.72694563E+00 8.74367905687563896E-02 8.51603157967825534E-03 1.67098804332574097E-01
7.75859981E+00 8.71004915175109251E-02 8.50401488457254613E-03 1.68094094501328950E-01
7.78964914E+00 8.67701900284455069E-02 8.49481229134243024E-03 1.69121946235146037E-01
7.82007997E+00 8.64460203877343014E-02 8.48856285082468139E-03 1.70177568749000058E-01
7.85020270E+00 8.61246634281064571E-02 8.48518900549734799E-03 1.71267411829361393E-01
7.88029659E+00 8.58031210485060425E-02 8.48454027841328076E-03 1.72399824971690568E-01
7.91060238E+00 8.54788002262019952E-02 8.48635120792245491E-03 1.73583003473957304E-01
7.94029047E+00 8.51606020684897991E-02 8.49046429649315086E-03 1.74786676687095549E-01
7.96969475E+00 8.48449884014105676E-02 8.49628239159541838E-03 1.76016117287000062E-01
7.99911534E+00 8.45287444495792795E-02 8.50375659236839339E-03 1.77279256825225828E-01
8.02827987E+00 8.42147969124207446E-02 8.51293942969956127E-03 1.78563395416877657E-01
8.05687745E+00 8.39065077106015828E-02 8.52364288308439522E-03 1.79850805467992508E-01
8.08520338E+00 8.36007031450551330E-02 8.53561796346425511E-03 1.81147318287576770E-01
8.11353000E+00 8.32944339158064873E-02 8.54881483576673366E-03 1.82460951741778926E-01
8.14211544E+00 8.29848910353090802E-02 8.56304412257405563E-03 1.83800676497592991E-01
8.17120950E+00 8.26693468383247615E-02 8.57777368861683230E-03 1.85175611618524805E-01
8.20105631E+00 8.23451274261426530E-02 8.59214936243445429E-03 1.86594963780761736E-01
8.23118208E+00 8.20173818912593861E-02 8.60525503753396294E-03 1.88036658332752321E-01
8.26136854E+00 8.16885387402100233E-02 8.61602309452247361E-03 1.89487464068470168E-01
8.29188017E+00 8.13557986506291964E-02 8.62344404237480253E-03 1.90955338499729760E-01
8.32296894E+00 8.10165170634171011E-02 8.62629019143045482E-03 1.92449673359734286E-01
8.35487519E+00 8.06682045612562015E-02 8.62287324300540885E-03 1.93979879325861776E-01
8.38734172E+00 8.03138434592247930E-02 8.61210721836513579E-03 1.95533364390737652E-01
8.41979754E+00 7.99598763322094674E-02 8.59434101054717611E-03 1.97082590752779369E-01
8.45291700E+00 7.95991532249187006E-02 8.56991409620994245E-03 1.98652923876400600E-01
8.48636869E+00 7.92354679779836424E-02 8.54064758023166323E-03 2.00228629240013195E-01
8.51946836E+00 7.88764116997508619E-02 8.50846596549105841E-03 2.01777650450919138E-01
8.55295972E+00 7.85140601781597752E-02 8.47312677142827118E-03 2.03327124311478313E-01
8.58658599E+00 7.81513250930745001E-02 8.43521459691306923E-03 2.04865051788292452E-01
8.62049216E+00 7.77867189652038660E-02 8.39496199117211947E-03 2.06395271474389380E-01
8.65442462E+00 7.74229700719767377E-02 8.35388068752689235E-03 2.07905052986816441E-01
8.68907430E+00 7.70526166474033991E-02 8.31227461968343274E-03 2.09419944232332927E-01
8.72473441E+00 7.66724928014712037E-02 8.27052479689985472E-03 2.10949734308455705E-01
8.76001210E+00 7.62973065450368720E-02 8.23132127751443655E-03 2.12438436654641100E-01
8.79539285E+00 7.59217258073983936E-02 8.19540150068104843E-03 2.13899498614631922E-01
8.83086514E+00 7.55457010819853558E-02 8.16346112579985524E-03 2.15329689916666400E-01
8.86663944E+00 7.51668595532072742E-02 8.13469574786344039E-03 2.16734664200316063E-01
8.90292397E+00 7.47828825410317422E-02 8.10871787549309955E-03 2.18119612958798864E-01
8.93992237E+00 7.43915076137195291E-02 8.08671347252921079E-03 2.19488656308444524E-01
8.97731534E+00 7.39960199158975207E-02 8.06948562075109760E-03 2.20826978214017727E-01
9.01547188E+00 7.35924882628686550E-02 8.05436622109694141E-03 2.22141411982179904E-01
9.05267065E+00 7.31991071646518193E-02 8.04026502588687728E-03 2.23375664528660867E-01
9.08914193E+00 7.28134958167021840E-02 8.02826233702192554E-03 2.24535416832704421E-01
9.12489986E+00 7.24355648841223387E-02 8.02091938325196797E-03 2.25621754980215306E-01
9.16079926E+00 7.20563655044833273E-02 8.01671370802574390E-03 2.26659030805835021E-01
9.19657826E+00 7.16787849093359075E-02 8.01259533048572468E-03 2.27640753323031131E-01
9.23136067E+00 7.13121362335033676E-02 8.00664388365455136E-03 2.28547107988488818E-01
9.26591602E+00 7.09484329052910562E-02 7.99821204242208775E-03 2.29398378095857197E-01
9.30092869E+00 7.05806171026334417E-02 7.98797057694757527E-03 2.30210408476353712E-01
9.33604400E+00 7.02125232903474533E-02 7.97690596358821905E-03 2.30975241710815654E-01
9.37067600E+00 6.98503487334145440E-02 7.96563994591882769E-03 2.31682436420243776E-01
9.40538407E+00 6.94883295502209813E-02 7.95352865447274300E-03 2.32345183902565283E-01
9.44071383E+00 6.91208980635446002E-02 7.93997552211475784E-03 2.32975641119008120E-01
9.47544930E+00 6.87607423903663501E-02 7.92572209990858624E-03 2.33557149801013941E-01
9.50993392E+00 6.84043312687880184E-02 7.91047284995992882E-03 2.34098702075262344E-01
9.54454119E+00 6.80478645444340391E-02 7.89476862532535566E-03 2.34609299760315471E-01
9.57963907E+00 6.76876459043851270E-02 7.87919513563778082E-03 2.35097141048753677E-01
9.61560008E+00 6.73199861722626330E-02 7.86373382831977337E-03 2.35570016653771031E-01
9.65281102E+00 6.69411084835795228E-02 7.84756022081751527E-03 2.36035402693889312E-01
9.69086910E+00 6.65552753147535398E-02 7.82998671389243360E-03 2.36491543102216040E-01
9.72883721E+00 6.61720727000711662E-02 7.81087127556493854E-03 2.36930755645718250E-01
9.76679540E+00 6.57907994167335197E-02 7.78959554802333923E-03 2.37355853927128491E-01
9.80498582E+00 6.54092019218247556E-02 7.76579624778316914E-03 2.37771108351917088E-01
9.84304928E+00 6.50310477990598268E-02 7.73967609232437213E-03 2.38174040003437726E-01
9.88089762E+00 6.46573792706114092E-02 7.71088621024912033E-03 2.38564062989205294E-01
9.91879189E+00 6.42858185389590109E-02 7.67851235309233594E-03 2.38943341366011502E-01
9.95697742E+00 6.39142039811547852E-02 7.64174056102720923E-03 2.39312147197327657E-01
9.99568817E+00 6.35405314911132030E-02 7.60029401461270217E-03 2.39668667137773267E-01
1.00339763E+01 6.31740583336184852E-02 7.55617898959555154E-03 2.39999776874403520E-01
1.00721204E+01 6.28121452558785542E-02 7.51040792741235717E-03 2.40300453933482844E-01
1.01105028E+01 6.24512550706807293E-02 7.46394395572701728E-03 2.40566348115869383E-01
1.01486076E+01 6.20962421656858152E-02 7.41846561057762401E-03 2.40787388018983944E-01
1.01865771E+01 6.17457236239567706E-02 7.37414960038420154E-03 2.40957574002725411E-01
1.02248615E+01 6.13955586997857530E-02 7.33023395960555584E-03 2.41071064686644104E-01
1.02639069E+01 6.10418016436253680E-02 7.28523846537148471E-03 2.41108544202351366E-01
1.03035751E+01 6.06858599693968215E-02 7.23782057958807096E-03 2.41113083046574250E-01
1.03429886E+01 6.03355957444457677E-02 7.18806736664507045E-03 2.40977558250983381E-01
1.03820008E+01 5.99921871992647390E-02 7.13674012223903999E-03 2.40765006086010452E-01
1.04211108E+01 5.96511888405107382E-02 7.08490610216209408E-03 2.40469743070586245E-01
1.04607941E+01 5.93085098621152426E-02 7.03354899048715121E-03 2.40066181574641851E-01
1.05015262E+01 5.89602019542463315E-02 6.98249086441662600E-03 2.39544619027684202E-01
1.05432789E+01 5.86066949851231228E-02 6.93051155922029885E-03 2.38895841475562282E-01
1.05852273E+01 5.82550144852831964E-02 6.87638735099137342E-03 2.38126744279411773E-01
1.06275715E+01 5.79034652046374332E-02 6.81862014353450466E-03 2.37232057277641933E-01
1.06704859E+01 5.75506006248619612E-02 6.75806042158773237E-03 2.36208174870729232E-01
1.07138957E+01 5.71970126917569766E-02 6.69733610741619998E-03 2.35057644426212992E-01
1.07575008E+01 5.68450519249864561E-02 6.63853946124621022E-03 2.33790568295262624E-01
1.08015936E+01 5.64922640364333428E-02 6.58128491946151448E-03 2.32400827621425332E-01
1.08464837E+01 5.61361480557656736E-02 6.52428089825141024E-03 2.30879464724100592E-01
1.08922609E+01 5.57760149920410453E-02 6.46684765129159570E-03 2.29223139917509616E-01
1.09382372E+01 5.54172393118395543E-02 6.41021776191716061E-03 2.27459264632392105E-01
1.09834289E+01 5.50673159047146976E-02 6.35670038970747101E-03 2.25633391609630890E-01
1.10281628E+01 5.47235490895008336E-02 6.30660879928145266E-03 2.23740383404575000E-01
1.10727601E+01 5.43834160445707399E-02 6.25901706763977352E-03 2.21771315844752986E-01
1.11175370E+01 5.40445410853313407E-02 6.21250493495527616E-03 2.19714871732260231E-01
1.11628093E+01 5.37046490838912483E-02 6.16600170740472676E-03 2.17557598792875839E-01
1.12089009E+01 5.33615061859079032E-02 6.11904497138847890E-03 2.15284064916515555E-01
1.12561524E+01 5.30128488142547136E-02 6.07137200628694255E-03 2.12876879525828400E-01
1.13035807E+01 5.26661196735184120E-02 6.02370513032234219E-03 2.10388695348715266E-01
1.13513547E+01 5.23201855694827508E-02 5.97529599674633070E-03 2.07817797810342264E-01
1.13993634E+01 5.19759347775629876E-02 5.92552452997525611E-03 2.05179056519188996E-01
1.14477365E+01 5.16324990492905145E-02 5.87390392439458581E-03 2.02478288555591274E-01
1.14968107E+01 5.12875771335716824E-02 5.82031298456991454E-03 1.99713425583244480E-01
1.15461971E+01 5.09439423037539169E-02 5.76585121188371522E-03 1.96928693400745425E-01
1.15952650E+01 5.06058839790449813E-02 5.71210579762838119E-03 1.94187320444552752E-01
1.16439579E+01 5.02736257364585770E-02 5.65977716380063316E-03 1.91521266455875083E-01
1.16925994E+01 4.99448361724961001E-02 5.60852630914740122E-03 1.88942054314070712E-01
1.17415315E+01 4.96171574139859309E-02 5.55747478144366560E-03 1.86464087930705569E-01
1.17911038E+01 4.92882908166363612E-02 5.50559173045774963E-03 1.84107570052703062E-01
1.18409717E+01 4.89605659214911795E-02 5.45275350515594601E-03 1.81932063249218984E-01
1.18903466E+01 4.86391063738653706E-02 5.39982741305454310E-03 1.80010992835413719E-01
1.19395187E+01 4.83219602014135080E-02 5.34699418278601277E-03 1.78359650355252336E-01
1.19887746E+01 4.80072933201117907E-02 5.29423978431524129E-03 1.76996717680841381E-01
1.20383923E+01 4.76934134029384157E-02 5.24124331042181806E-03 1.75946390855178186E-01
1.20886394E+01 4.73787799408256147E-02 5.18747536008034443E-03 1.75237044003283937E-01
1.21397733E+01 4.70619980666213342E-02 5.13239717366095142E-03 1.74901333674463394E-01
1.21908669E+01 4.67489314828771901E-02 5.07677376283162656E-03 1.74964520369231102E-01
1.22414176E+01 4.64426268452862792E-02 5.02126016626725565E-03 1.75460722314836337E-01
1.22919902E+01 4.61396531412474192E-02 4.96554156682569268E-03 1.76327103024980919E-01
1.23431065E+01 4.58369736906572567E-02 4.90923895393562647E-03 1.77593637020357853E-01
1.23952679E+01 4.55317897762795576E-02 4.85202412000114956E-03 1.79259825217475605E-01
1.24483870E+01 4.52247812327756654E-02 4.79412881563510192E-03 1.81316734459926437E-01
1.25012670E+01 4.49228303711940100E-02 4.73672579964112220E-03 1.83690997017186275E-01
1.25541226E+01 4.46245841218597464E-02 4.67951111943961957E-03 1.86329851699985782E-01
1.26074632E+01 4.43271226308221758E-02 4.62175456889493599E-03 1.89197320652067347E-01
1.26617796E+01 4.40277586188456208E-02 4.56298139721995812E-03 1.92260954785270166E-01
1.27159396E+01 4.37326843324863240E-02 4.50461801802329136E-03 1.95397327396189341E-01
1.27694456E+01 4.34444310445307111E-02 4.44779465064660748E-03 1.98506608654135192E-01
1.28229000E+01 4.31596326365218871E-02 4.39241485121613390E-03 2.01558370554814376E-01
1.28768838E+01 4.28752002297788301E-02 4.33805405324348692E-03 2.04530705794783052E-01
1.29303929E+01 4.25963660123186705E-02 4.28544434215321485E-03 2.07327037328817160E-01
1.29828841E+01 4.23257723617089451E-02 4.23493056646737955E-03 2.09890360234437912E-01
1.30345560E+01 4.20621962545863065E-02 4.18630719881632560E-03 2.12218497103745324E-01
1.30856085E+01 4.18044500906288030E-02 4.13949944169800330E-03 2.14315532862428437E-01
1.31362416E+01 4.15513818413943067E-02 4.09450181063748288E-03 2.16192833375054849E-01
1.31866560E+01 4.13018937926484392E-02 4.05117989547749708E-03 2.17864454099166965E-01
1.32370537E+01 4.10549505461309666E-02 4.00911710439064064E-03 2.19346706002430364E-01
1.32868562E+01 4.08133361109000448E-02 3.96827706193850736E-03 2.20637275427452845E-01
1.33360742E+01 4.05769265285180689E-02 3.92827751488825181E-03 2.21757684697175245E-01
1.33848933E+01 4.03447787824782189E-02 3.88879326935973784E-03 2.22733506382503582E-01
1.34334979E+01 4.01159828007380259E-02 3.84977381073461867E-03 2.23588311031646891E-01
1.34820714E+01 3.98896556642833466E-02 3.81136666251684917E-03 2.24344206390245049E-01
1.35307976E+01 3.96649441894932342E-02 3.77367201649620072E-03 2.25022181930260301E-01
1.35796307E+01 3.94420709257292113E-02 3.73673672880612011E-03 2.25639472222923076E-01
1.36280704E+01 3.92232894834499274E-02 3.70073855872777311E-03 2.26208416095006304E-01
1.36762853E+01 3.90077907473894148E-02 3.66538570162637176E-03 2.26749174815470050E-01
1.37244412E+01 3.87948077029884320E-02 3.63041349480554016E-03 2.27279874351512562E-01
1.37727012E+01 3.85836068112207844E-02 3.59566822417311301E-03 2.27817303111923469E-01
1.38212263E+01 3.83734823369995953E-02 3.56108796953173538E-03 2.28377265929709944E-01
1.38699362E+01 3.81647726607493576E-02 3.52683153228104760E-03 2.28972156458868675E-01
1.39185613E+01 3.79585884456030559E-02 3.49322754905098459E-03 2.29610645944042790E-01
1.39672593E+01 3.77542029083990510E-02 3.46034520619522071E-03 2.30304427232625897E-01
1.40157323E+01 3.75528001503599371E-02 3.42842915159199220E-03 2.31057861586891428E-01
1.40638830E+01 3.73546999828892404E-02 3.39752424346445071E-03 2.31874898381585093E-01
1.41118787E+01 3.71591428249761074E-02 3.36743456366351114E-03 2.32761633440036919E-01
1.41598839E+01 3.69654134764701506E-02 3.33791224762602879E-03 2.33723780893255739E-01
1.42080606E+01 3.67728407172486227E-02 3.30867318306928655E-03 2.34766607514156039E-01
1.42565668E+01 3.65807977828922354E-02 3.27940187571703571E-03 2.35894829543501328E-01
1.43051075E+01 3.63904542382854010E-02 3.25003277264400599E-03 2.37101977427208260E-01
1.43534117E+01 3.62028488413684429E-02 3.22059105205602493E-03 2.38378218034189210E-01
1.44016500E+01 3.60172957390103438E-02 3.19096938112783468E-03 2.39722256357589730E-01
1.44499902E+01 3.58331492168128263E-02 3.16110411981827865E-03 2.41133290071173317E-01
1.44985957E+01 3.56498004535686919E-02 3.13097029949283142E-03 2.42610647521509043E-01
1.45476261E+01 3.54666773059640270E-02 3.10057837506517043E-03 2.44153443667958825E-01
1.45968406E+01 3.52847000873137973E-02 3.07016661184720662E-03 2.45748182542556259E-01
1.46459790E+01 3.51048224429151776E-02 3.03997092759338569E-03 2.47378784960256892E-01
1.46951914E+01 3.49264817683479153E-02 3.00992808783036346E-03 2.49041399807716501E-01
1.47446251E+01 3.47491444488629564E-02 2.97989333800803991E-03 2.50733015175758023E-01
1.47944237E+01 3.45723080356330620E-02 2.94973483954196706E-03 2.52450965408722861E-01
1.48443199E+01 3.43969238641953223E-02 2.91958635721265881E-03 2.54178894961805957E-01
1.48942831E+01 3.42230857318810075E-02 2.88952467531779309E-03 2.55908033340246532E-01
1.49443145E+01 3.40507734577780372E-02 2.85959623060510343E-03 2.57631089694071558E-01
1.49721572E+01 3.39556242441366243E-02 2.84118086565219707E-03 2.58597274537760435E-01
1.50000000E+01 3.38610138656747148E-02 2.82463913548697135E-03 2.59545929205114045E-01
