#  time, MeanKE MeanKEDR MeanP
0 1.24924716013033330E-01 4.68467768164619505E-04 -5.53602782891480650E-18
1.47262156E-02 1.24913614447055982E-01 6.96530111890610493E-04 2.40680660743509988E-04
2.94624748E-02 1.24903621907993312E-01 6.96510834803361215E-04 2.71453040641436076E-04
4.42001464E-02 1.24893995858283299E-01 6.96530217849381872E-04 2.59432570044870227E-04
5.89396498E-02 1.24884486169798040E-01 6.96586080813342578E-04 2.31934262692908027E-04
7.36814628E-02 1.24875008739038451E-01 6.96677747220001841E-04 1.87477443401855862E-04
8.84260820E-02 1.24865534873374331E-01 6.96805059503523413E-04 1.26091550515748137E-04
1.03174009E-01 1.24856054366781960E-01 6.96968048161863345E-04 4.76056279868672695E-05
1.17924902E-01 1.24846563728296167E-01 6.97166810006269672E-04 -4.78838319857388634E-05
1.32677463E-01 1.24837062153177719E-01 6.97401458429805564E-04 -1.60324141965974856E-04
1.47432198E-01 1.24827548370084973E-01 6.97672146188685056E-04 -2.89656699746377493E-04
1.62189610E-01 1.24818021344772087E-01 6.97979050820187624E-04 -4.35818054331784928E-04
1.76950202E-01 1.24808480126706714E-01 6.98322370210336589E-04 -5.98740202093371609E-04
1.91714474E-01 1.24798923797290670E-01 6.98702321648328570E-04 -7.78350458945795782E-04
2.06482920E-01 1.24789351452150671E-01 6.99119141216087976E-04 -9.74571416894192593E-04
2.21256031E-01 1.24779762194818358E-01 6.99573083303743019E-04 -1.18732085316737850E-03
2.36034294E-01 1.24770155134318522E-01 7.00064420177545993E-04 -1.41651161544661865E-03
2.50818190E-01 1.24760529384078014E-01 7.00593441574335913E-04 -1.66205149294415240E-03
2.65608194E-01 1.24750884061354511E-01 7.01160454312265476E-04 -1.92384307655466599E-03
2.80404775E-01 1.24741218286802458E-01 7.01765781913796217E-04 -2.20178360881548079E-03
2.95208396E-01 1.24731531184166036E-01 7.02409764239530577E-04 -2.49576482573149504E-03
3.10019511E-01 1.24721821880016376E-01 7.03092757131111058E-04 -2.80567278927959692E-03
3.24837129E-01 1.24712090449758131E-01 7.03815069692114163E-04 -3.13135615275193227E-03
3.39660711E-01 1.24702336674424596E-01 7.04577023949037808E-04 -3.47266149240261449E-03
3.54490720E-01 1.24692559676991749E-01 7.05378997192530476E-04 -3.82944945842258718E-03
3.69327611E-01 1.24682758582167083E-01 7.06221387692348643E-04 -4.20157512524973846E-03
3.84171830E-01 1.24672932516247933E-01 7.07104607909646190E-04 -4.58888739476292790E-03
3.99023818E-01 1.24663080606981891E-01 7.08029084132532531E-04 -4.99122868157312986E-03
4.13884004E-01 1.24653201983447079E-01 7.08995256115420346E-04 -5.40843470709570333E-03
4.28752810E-01 1.24643295775921190E-01 7.10003576721200485E-04 -5.84033428797986649E-03
4.43630649E-01 1.24633361115762301E-01 7.11054511564981483E-04 -6.28674911915325270E-03
4.58517925E-01 1.24623397135293357E-01 7.12148538658637456E-04 -6.74749355180131755E-03
4.73415030E-01 1.24613402967702902E-01 7.13286148056035897E-04 -7.22237436634291536E-03
4.88322349E-01 1.24603377746944174E-01 7.14467841498294103E-04 -7.71119054152060932E-03
5.03240256E-01 1.24593320607646510E-01 7.15694132059299269E-04 -8.21373301907428813E-03
5.18169113E-01 1.24583230685042762E-01 7.16965543789852846E-04 -8.72978446427110158E-03
5.33109273E-01 1.24573107114925322E-01 7.18282611356142135E-04 -9.25911902349957003E-03
5.48060365E-01 1.24562949518763719E-01 7.19645823016265042E-04 -9.80147631650603833E-03
5.63021457E-01 1.24552757896498251E-01 7.21055614845532954E-04 -1.03565640394025649E-02
5.77992913E-01 1.24542531366650333E-01 7.22512520196550573E-04 -1.09241255362090648E-02
5.92975083E-01 1.24532269047997773E-01 7.24017098476620823E-04 -1.15038956966315286E-02
6.07968308E-01 1.24521970059474504E-01 7.25569918042837624E-04 -1.20956001567920409E-02
6.22972915E-01 1.24511633520124995E-01 7.27171555825102938E-04 -1.26989549647167754E-02
6.37989223E-01 1.24501258549096466E-01 7.28822596947301983E-04 -1.33136663377265829E-02
6.53017534E-01 1.24490844265657236E-01 7.30523634346746096E-04 -1.39394304235301320E-02
6.68058142E-01 1.24480389789192361E-01 7.32275268392445534E-04 -1.45759330643399909E-02
6.83111326E-01 1.24469894239215964E-01 7.34078106502488782E-04 -1.52228495647955316E-02
6.98177354E-01 1.24459356735391366E-01 7.35932762761156009E-04 -1.58798444675393932E-02
7.13256479E-01 1.24448776397522276E-01 7.37839857535592565E-04 -1.65465713342700209E-02
7.28348942E-01 1.24438152345567696E-01 7.39800017091099787E-04 -1.72226725338711500E-02
7.43454971E-01 1.24427483699629485E-01 7.41813873204698348E-04 -1.79077790431380647E-02
7.58574781E-01 1.24416769579953262E-01 7.43882062776483519E-04 -1.86015102553629234E-02
7.73708571E-01 1.24406009106924023E-01 7.46005227440511625E-04 -1.93034738022838104E-02
7.88856530E-01 1.24395201401032593E-01 7.48184013177142257E-04 -2.00132653879895456E-02
8.04018830E-01 1.24384345582886316E-01 7.50419069928492358E-04 -2.07304686390247898E-02
8.19195632E-01 1.24373440773149990E-01 7.52711051218345304E-04 -2.14546549682161115E-02
8.34387082E-01 1.24362486092532337E-01 7.55060613776787530E-04 -2.21853834562434245E-02
8.49592970E-01 1.24351480908746495E-01 7.57468370887143770E-04 -2.29221842765999564E-02
8.64812629E-01 1.24340424917140036E-01 7.59934863633694052E-04 -2.36645528451940833E-02
8.80046216E-01 1.24329317209941628E-01 7.62460731942017373E-04 -2.44120120547792092E-02
8.95293871E-01 1.24318156879402134E-01 7.65046637979539985E-04 -2.51640727955783627E-02
9.10555724E-01 1.24306943017660099E-01 7.67693245822100045E-04 -2.59202335508084587E-02
9.25831887E-01 1.24295674716675408E-01 7.70401221117290153E-04 -2.66799804333475929E-02
9.41122463E-01 1.24284351068197546E-01 7.73171230753178841E-04 -2.74427872118521744E-02
9.56427535E-01 1.24272971163742363E-01 7.76003942532633149E-04 -2.82081153644890524E-02
9.71747177E-01 1.24261534094572856E-01 7.78900024854026836E-04 -2.89754141608633033E-02
9.87081447E-01 1.24250038951689179E-01 7.81860146399031568E-04 -2.97441207758153241E-02
1.00243039E+00 1.24238484825825710E-01 7.84884975828431422E-04 -3.05136604351926091E-02
1.01779403E+00 1.24226870807445031E-01 7.87975181486983648E-04 -3.12834465920054164E-02
1.03317239E+00 1.24215195986737290E-01 7.91131431118347441E-04 -3.20528811415570006E-02
1.04856548E+00 1.24203459453620615E-01 7.94354391591168608E-04 -3.28213546688219046E-02
1.06397327E+00 1.24191660297742021E-01 7.97644728637812543E-04 -3.35882467367187576E-02
1.07939574E+00 1.24179797608464759E-01 8.01003106606692117E-04 -3.43529262099495358E-02
1.09483287E+00 1.24167870474861039E-01 8.04430188230132728E-04 -3.51147516215622665E-02
1.11028459E+00 1.24155877985692151E-01 8.07926634408928429E-04 -3.58730715790348265E-02
1.12575083E+00 1.24143819229371413E-01 8.11493104015316587E-04 -3.66272252135867935E-02
1.14123153E+00 1.24131693293932102E-01 8.15130253716050295E-04 -3.73765426716415397E-02
1.15672659E+00 1.24119499266961392E-01 8.18838737816780446E-04 -3.81203456491297776E-02
1.17223590E+00 1.24107236235537641E-01 8.22619208129423546E-04 -3.88579479731394062E-02
1.18775935E+00 1.24094903286147820E-01 8.26472313863447464E-04 -3.95886562226239191E-02
1.20329680E+00 1.24082499504588106E-01 8.30398701542273588E-04 -4.03117703986635642E-02
1.21884812E+00 1.24070023975861699E-01 8.34399014945409810E-04 -4.10265846353641064E-02
1.23441316E+00 1.24057475784054058E-01 8.38473895077115785E-04 -4.17323879563167022E-02
1.24999173E+00 1.24044854012207745E-01 8.42623980161942305E-04 -4.24284650732602228E-02
1.26558368E+00 1.24032157742183943E-01 8.46849905667642223E-04 -4.31140972286103083E-02
1.28118881E+00 1.24019386054515596E-01 8.51152304355772557E-04 -4.37885630768340903E-02
1.29680692E+00 1.24006538028253330E-01 8.55531806360319315E-04 -4.44511396094211947E-02
1.31243781E+00 1.23993612740808390E-01 8.59989039294899930E-04 -4.51011031147525235E-02
1.32808125E+00 1.23980609267780942E-01 8.64524628388947843E-04 -4.57377301785597545E-02
1.34373701E+00 1.23967526682789903E-01 8.69139196653606161E-04 -4.63602987161188668E-02
1.35940486E+00 1.23954364057275793E-01 8.73833365078086218E-04 -4.69680890413019872E-02
1.37508455E+00 1.23941120460315926E-01 8.78607752857327260E-04 -4.75603849616263522E-02
1.39077582E+00 1.23927794958406612E-01 8.83462977651966117E-04 -4.81364749060119376E-02
1.40647840E+00 1.23914386615231853E-01 8.88399655881597951E-04 -4.86956530741430790E-02
1.42219203E+00 1.23900894491432448E-01 8.93418403052260069E-04 -4.92372206098942514E-02
1.43791642E+00 1.23887317644319594E-01 8.98519834119207699E-04 -4.97604867919846164E-02
1.45365128E+00 1.23873655127603524E-01 9.03704563885643223E-04 -5.02647702414643904E-02
1.46939631E+00 1.23859905991073119E-01 9.08973207438125690E-04 -5.07494001371247491E-02
1.48515123E+00 1.23846069280257334E-01 9.14326380618908814E-04 -5.12137174416584587E-02
1.50091571E+00 1.23832144036056691E-01 9.19764700535592532E-04 -5.16570761275188667E-02
1.51668945E+00 1.23818129294363088E-01 9.25288786107558194E-04 -5.20788444025093999E-02
1.53247212E+00 1.23804024085628336E-01 9.30899258649122091E-04 -5.24784059286840660E-02
1.54826341E+00 1.23789827434429289E-01 9.36596742488276092E-04 -5.28551610316849232E-02
1.56406299E+00 1.23775538358994880E-01 9.42381865620387275E-04 -5.32085278928624214E-02
1.57987052E+00 1.23761155870714484E-01 9.48255260395376438E-04 -5.35379437238655415E-02
1.59568569E+00 1.23746678973618976E-01 9.54217564237303407E-04 -5.38428659163197806E-02
1.61150815E+00 1.23732106663853675E-01 9.60269420394749425E-04 -5.41227731604317849E-02
1.62733756E+00 1.23717437929102003E-01 9.66411478720855519E-04 -5.43771665309336696E-02
1.64317360E+00 1.23702671748024698E-01 9.72644396481372737E-04 -5.46055705277821435E-02
1.65901592E+00 1.23687807089637752E-01 9.78968839189899194E-04 -5.48075340689820056E-02
1.67486419E+00 1.23672842912703959E-01 9.85385481468976530E-04 -5.49826314243805764E-02
1.69071807E+00 1.23657778165084956E-01 9.91895007936204661E-04 -5.51304630867656131E-02
1.70657722E+00 1.23642611783062836E-01 9.98498114115007381E-04 -5.52506565676508313E-02
1.72244132E+00 1.23627342690646069E-01 1.00519550736917593E-03 -5.53428670852085733E-02
1.73831003E+00 1.23611969798843535E-01 1.01198790786124104E-03 -5.54067779451518500E-02
1.75418303E+00 1.23596492004912129E-01 1.01887604953425468E-03 -5.54420989122393071E-02
1.77005999E+00 1.23580908191560007E-01 1.02586068111775049E-03 -5.54484901210539269E-02
1.78594059E+00 1.23565217226115270E-01 1.03294256715222451E-03 -5.54261998903893618E-02
1.80182453E+00 1.23549417959704755E-01 1.04012248904964267E-03 -5.53740890535235272E-02
1.81771148E+00 1.23533509226279883E-01 1.04740124616107904E-03 -5.52928752283788280E-02
1.83360117E+00 1.23517489841750233E-01 1.05477965687642678E-03 -5.51820288032952022E-02
1.84949328E+00 1.23501358602969472E-01 1.06225855974685884E-03 -5.50415162175284939E-02
1.86538753E+00 1.23485114286720918E-01 1.06983881462707721E-03 -5.48712661825044301E-02
1.88128365E+00 1.23468755648670478E-01 1.07752130384050930E-03 -5.46712395602357085E-02
1.89718136E+00 1.23452281422263110E-01 1.08530693336555137E-03 -5.44414288007689581E-02
1.91308041E+00 1.23435690317594479E-01 1.09319663404280182E-03 -5.41818577659588102E-02
1.92898055E+00 1.23418981020242513E-01 1.10119136280260768E-03 -5.38925814974188788E-02
1.94488155E+00 1.23402152190051809E-01 1.10929210391257603E-03 -5.35736859197455395E-02
1.96078317E+00 1.23385202459918450E-01 1.11749987024508334E-03 -5.32252874684747412E-02
1.97668521E+00 1.23368130434494350E-01 1.12581570456462676E-03 -5.28475326448113528E-02
1.99258747E+00 1.23350934688889996E-01 1.13424068083565338E-03 -5.24405974990325846E-02
2.00848975E+00 1.23333613767339187E-01 1.14277590555355441E-03 -5.20046502080240974E-02
2.02439190E+00 1.23316166181821771E-01 1.15142251908806857E-03 -5.15400429747569500E-02
2.04029375E+00 1.23298590410639120E-01 1.16018169706603351E-03 -5.10468992544341402E-02
2.05619516E+00 1.23280884896997428E-01 1.16905465176923135E-03 -5.05255723249321206E-02
2.07209602E+00 1.23263048047495175E-01 1.17804263355884473E-03 -4.99763662049182641E-02
2.08799620E+00 1.23245078230630273E-01 1.18714693233264970E-03 -4.93996196460551457E-02
2.10389563E+00 1.23226973775217796E-01 1.19636887901299256E-03 -4.87956958737756144E-02
2.11979422E+00 1.23208732968786913E-01 1.20570984706872605E-03 -4.81649814267004553E-02
2.13569193E+00 1.23190354055946208E-01 1.21517125407416332E-03 -4.75078851681134534E-02
2.15158872E+00 1.23171835236675575E-01 1.22475456330704141E-03 -4.68248372742718494E-02
2.16748456E+00 1.23153174664602724E-01 1.23446128538805505E-03 -4.61162881976623293E-02
2.18337947E+00 1.23134370445214442E-01 1.24429297996424943E-03 -4.53827076102108692E-02
2.19927347E+00 1.23115420634035508E-01 1.25425125743837255E-03 -4.46245833323413651E-02
2.21516659E+00 1.23096323234749838E-01 1.26433778074605194E-03 -4.38424202502542201E-02
2.23105891E+00 1.23077076197301447E-01 1.27455426718256016E-03 -4.30367392271810492E-02
2.24695050E+00 1.23057677415928560E-01 1.28490249028117491E-03 -4.22080760143805495E-02
2.26284147E+00 1.23038124727165743E-01 1.29538428174423158E-03 -4.13569801639866799E-02
2.27873195E+00 1.23018415907816522E-01 1.30600153342883734E-03 -4.04840139508621175E-02
2.29462209E+00 1.22998548672877364E-01 1.31675619938869250E-03 -3.95897513031531340E-02
2.31051205E+00 1.22978520673423769E-01 1.32765029797386877E-03 -3.86747767507866699E-02
2.32640204E+00 1.22958329494461158E-01 1.33868591399022904E-03 -3.77396843911302488E-02
2.34229226E+00 1.22937972652747862E-01 1.34986520092071041E-03 -3.67850768779016124E-02
2.35818296E+00 1.22917447594571405E-01 1.36119038321098548E-03 -3.58115644344980041E-02
2.37407438E+00 1.22896751693482631E-01 1.37266375862158318E-03 -3.48197638964514514E-02
2.38996682E+00 1.22875872431624455E-01 1.38428709313761404E-03 -3.38045286150442797E-02
2.40586058E+00 1.22854813157892803E-01 1.39606307344766192E-03 -3.27782563115726552E-02
2.42175598E+00 1.22833573234860841E-01 1.40799444393009112E-03 -3.17356298484722174E-02
2.43765338E+00 1.22812150460065911E-01 1.42008389445459626E-03 -3.06772316272960616E-02
2.45355153E+00 1.22790544251244207E-01 1.43233312697685160E-03 -2.96038071006248585E-02
2.46945050E+00 1.22768752085950117E-01 1.44474446295771793E-03 -2.85160215210744604E-02
2.48535063E+00 1.22746770941239758E-01 1.45732064225484741E-03 -2.74145223784422118E-02
2.50125230E+00 1.22724597686278927E-01 1.47006453065092976E-03 -2.62999561907641850E-02
2.51715591E+00 1.22702229091885995E-01 1.48297908779928471E-03 -2.51729684765787630E-02
2.53306188E+00 1.22679661831842521E-01 1.49606737090449897E-03 -2.40342032681861197E-02
2.54897064E+00 1.22656892481425889E-01 1.50933253819226175E-03 -2.28843025513519420E-02
2.56488265E+00 1.22633917514967147E-01 1.52277785238433402E-03 -2.17239057382773715E-02
2.58079840E+00 1.22610733303035027E-01 1.53640668425673215E-03 -2.05536491807320858E-02
2.59671838E+00 1.22587336109471284E-01 1.55022251631348846E-03 -1.93741657209080612E-02
2.61264312E+00 1.22563722088309096E-01 1.56422894659080333E-03 -1.81860842869163257E-02
2.62857316E+00 1.22539887280612603E-01 1.57842969260236750E-03 -1.69900295251783733E-02
2.64450905E+00 1.22515827611239372E-01 1.59282859543420858E-03 -1.57866214729477372E-02
2.66045138E+00 1.22491538885516726E-01 1.60742962399732610E-03 -1.45764752680507606E-02
2.67639857E+00 1.22467020120088602E-01 1.62223524246131500E-03 -1.33603647697104928E-02
2.69235074E+00 1.22442267763925305E-01 1.63724884583577946E-03 -1.21389362979510296E-02
2.70830847E+00 1.22417277422886106E-01 1.65247458927905212E-03 -1.09127942178686953E-02
2.72427236E+00 1.22392044570994382E-01 1.66791685222009503E-03 -9.68253591644981267E-03
2.74024304E+00 1.22366564547024478E-01 1.68358016200610824E-03 -8.44875206122995374E-03
2.75622116E+00 1.22340832550785164E-01 1.69946919920914603E-03 -7.21202658912633871E-03
2.77220737E+00 1.22314843639261817E-01 1.71558880312226714E-03 -5.97293663211384291E-03
2.78820235E+00 1.22288592722622783E-01 1.73194397746655074E-03 -4.73205247548616655E-03
2.80420677E+00 1.22262074560134743E-01 1.74853989632078638E-03 -3.48993753295256167E-03
2.82022136E+00 1.22235283755967788E-01 1.76538191028302181E-03 -2.24714835393109410E-03
2.83624682E+00 1.22208214754883263E-01 1.78247555287156401E-03 -1.00423464536049953E-03
2.85228249E+00 1.22180864216338489E-01 1.79982533320068505E-03 2.38153452830697454E-04
2.86832739E+00 1.22153229317221015E-01 1.81743528658176944E-03 1.47934676686355929E-03
2.88438225E+00 1.22125304192979664E-01 1.83531100621687300E-03 2.71881586688421141E-03
2.90044781E+00 1.22097082802467505E-01 1.85345865092867239E-03 3.95603887622130845E-03
2.91652483E+00 1.22068558923986478E-01 1.87188459349424776E-03 5.19050136107018084E-03
2.93261409E+00 1.22039726150674474E-01 1.89059542845516361E-03 6.42169607079459866E-03
2.94871636E+00 1.22010577885656946E-01 1.90959798010421054E-03 7.64912279415919712E-03
2.96483243E+00 1.21981107336982142E-01 1.92889931066915509E-03 8.87228821138440031E-03
2.98096310E+00 1.21951307512437601E-01 1.94850672868555766E-03 1.00907057360140814E-02
2.99710918E+00 1.21921171214223578E-01 1.96842779754421689E-03 1.13038953514867212E-02
3.01327072E+00 1.21890692461748246E-01 1.98866958886920924E-03 1.25113272003664500E-02
3.02944590E+00 1.21859868764369578E-01 2.00923727043225350E-03 1.37123379191645637E-02
3.04563554E+00 1.21828692482690820E-01 2.03013835046968964E-03 1.49064719504428938E-02
3.06184047E+00 1.21797155750182490E-01 2.05138129498638137E-03 1.60932800340418854E-02
3.07806154E+00 1.21765250468634983E-01 2.07297486309863900E-03 1.72723193360926584E-02
3.09429959E+00 1.21732968302636649E-01 2.09492811598754620E-03 1.84431532910846394E-02
3.11055548E+00 1.21700300673626374E-01 2.11725042568239189E-03 1.96053514070592336E-02
3.12683006E+00 1.21667238753693216E-01 2.13995148365196718E-03 2.07584890719845483E-02
3.14312420E+00 1.21633773459170286E-01 2.16304130912814505E-03 2.19021473632890068E-02
3.15943875E+00 1.21599895444050407E-01 2.18653025707213518E-03 2.30359128648304906E-02
3.17577252E+00 1.21565599458493767E-01 2.21042663015555245E-03 2.41592350480113842E-02
3.19212485E+00 1.21530879001775879E-01 2.23473891864245724E-03 2.52716129815785326E-02
3.20849664E+00 1.21495724123634782E-01 2.25947781697398778E-03 2.63726593915164821E-02
3.22488877E+00 1.21460124586480547E-01 2.28465484744461156E-03 2.74619917558243387E-02
3.24130213E+00 1.21424069859375636E-01 2.31028189053328423E-03 2.85392325943653533E-02
3.25773762E+00 1.21387549111087956E-01 2.33637118843525683E-03 2.96040094289736939E-02
3.27419612E+00 1.21350551202744836E-01 2.36293534726328934E-03 3.06559546059066851E-02
3.29067853E+00 1.21313064680209207E-01 2.38998733774221017E-03 3.16947051213356742E-02
3.30718574E+00 1.21275077766276718E-01 2.41754049416305307E-03 3.27199024525723151E-02
3.32371779E+00 1.21236580312882244E-01 2.44560739722612160E-03 3.37311409709076387E-02
3.34027272E+00 1.21197566707795412E-01 2.47419785943609480E-03 3.47279008976926901E-02
3.35685145E+00 1.21158024401305131E-01 2.50332492963165542E-03 3.57098509872399578E-02
3.37345490E+00 1.21117940492594098E-01 2.53300305629057445E-03 3.66766628391162058E-02
3.39008397E+00 1.21077301723629085E-01 2.56324700100328713E-03 3.76280116259804162E-02
3.40673956E+00 1.21036094471936626E-01 2.59407182193416340E-03 3.85635763918233745E-02
3.42342260E+00 1.20994304743017908E-01 2.62549285353292023E-03 3.94830398897863047E-02
3.44013397E+00 1.20951918162784375E-01 2.65752568224252332E-03 4.03860884237791512E-02
3.45687458E+00 1.20908919970070056E-01 2.69018611789008984E-03 4.12724116965722324E-02
3.47364525E+00 1.20865295167721723E-01 2.72349006719177543E-03 4.21416994999123176E-02
3.49044319E+00 1.20821037958169050E-01 2.75744788156714708E-03 4.29934598780690527E-02
3.50726934E+00 1.20776132652692103E-01 2.79207382394869872E-03 4.38274098467602916E-02
3.52412461E+00 1.20730563154970993E-01 2.82738388566640755E-03 4.46432672595855132E-02
3.54100991E+00 1.20684312958186282E-01 2.86339405527349109E-03 4.54407520078838889E-02
3.55792615E+00 1.20637365141290739E-01 2.90012026058274544E-03 4.62195866805185651E-02
3.57487424E+00 1.20589702365478058E-01 2.93757830526594852E-03 4.69794964335759554E-02
3.59185507E+00 1.20541306871317519E-01 2.97578380021751776E-03 4.77202088738898286E-02
3.60886953E+00 1.20492160476763643E-01 3.01475208987357591E-03 4.84414539492394533E-02
3.62591850E+00 1.20442244576195068E-01 3.05449817375728731E-03 4.91429638578458547E-02
3.64299966E+00 1.20391549728946334E-01 3.09503077424741523E-03 4.98243429196591550E-02
3.66011337E+00 1.20340058384271198E-01 3.13636087195643710E-03 5.04853235622068422E-02
3.67726055E+00 1.20287751000321672E-01 3.17850125836215873E-03 5.11256618750390232E-02
3.69444210E+00 1.20234607631199530E-01 3.22146432927838695E-03 5.17451147064697872E-02
3.71165892E+00 1.20180607934024353E-01 3.26526168876112776E-03 5.23434407301207535E-02
3.72891190E+00 1.20125731176657410E-01 3.30990405612137341E-03 5.29204005882023473E-02
3.74620192E+00 1.20069956246698556E-01 3.35540117308583130E-03 5.34757569181906270E-02
3.76352986E+00 1.20013261661902890E-01 3.40176171220943997E-03 5.40092744104845521E-02
3.78089654E+00 1.19955625699470977E-01 3.44899311493481039E-03 5.45207188329032005E-02
3.79824400E+00 1.19897225861806178E-01 3.49697769594693644E-03 5.50081588896078888E-02
3.81556727E+00 1.19838068450140028E-01 3.54566155787490022E-03 5.54715120251612695E-02
3.83286937E+00 1.19778133004312601E-01 3.59504059292097868E-03 5.59108972264343584E-02
3.85015323E+00 1.19717398824425530E-01 3.64511494780207388E-03 5.63264007055243668E-02
3.86740927E+00 1.19655889790146935E-01 3.69585583255521450E-03 5.67178049667540485E-02
3.88462736E+00 1.19593633957398790E-01 3.74722147839879347E-03 5.70849565536618725E-02
3.90181074E+00 1.19530612364996805E-01 3.79919728557096556E-03 5.74280489234540101E-02
3.91896258E+00 1.19466805911289928E-01 3.85177732568852890E-03 5.77472500961891677E-02
3.93608598E+00 1.19402195347545231E-01 3.90495474021822176E-03 5.80427155598681882E-02
3.95318402E+00 1.19336761268151001E-01 3.95872179827953547E-03 5.83145927813447582E-02
3.97025969E+00 1.19270484105822014E-01 4.01306995203055787E-03 5.85630218756079263E-02
3.98731599E+00 1.19203344133963482E-01 4.06798989069704492E-03 5.87881362839899266E-02
4.00435584E+00 1.19135321475976760E-01 4.12347159434737869E-03 5.89900634996955234E-02
4.02138216E+00 1.19066396120465573E-01 4.17950438854335429E-03 5.91689258710260818E-02
4.03839778E+00 1.18996547940869779E-01 4.23607700090617312E-03 5.93248414958285827E-02
4.05540554E+00 1.18925756717939479E-01 4.29317762040793988E-03 5.94579251962267172E-02
4.07238783E+00 1.18854088874474254E-01 4.35074194478404872E-03 5.95681383837779535E-02
4.08934451E+00 1.18781540213340739E-01 4.40873105993537170E-03 5.96556811009043564E-02
4.10627869E+00 1.18708092682613911E-01 4.46712875935469014E-03 5.97207638679373432E-02
4.12319348E+00 1.18633727997228697E-01 4.52592169572065949E-03 5.97635691334194238E-02
4.14009200E+00 1.18558427672357899E-01 4.58509667948051990E-03 5.97783868997500134E-02
4.15697733E+00 1.18482173050704187E-01 4.64464073665122983E-03 5.97866598212566172E-02
4.17385253E+00 1.18404945328890329E-01 4.70454116021137066E-03 5.97656981783799557E-02
4.19071837E+00 1.18326736279268888E-01 4.76477942054441897E-03 5.97151438735783052E-02
4.20757742E+00 1.18247529597853979E-01 4.82534004100608396E-03 5.96518367873282579E-02
4.22443266E+00 1.18167306706929223E-01 4.88621085549919600E-03 5.95658349003156673E-02
4.24128715E+00 1.18086048727742407E-01 4.94738076615765243E-03 5.94592907569524709E-02
4.25814395E+00 1.18003736471388218E-01 5.00883943052717918E-03 5.93324227870395404E-02
4.27493302E+00 1.17920715602904916E-01 5.07037600515680611E-03 5.91861390939679571E-02
4.29162093E+00 1.17837165710613673E-01 5.13181145330643754E-03 5.90214549535204649E-02
4.30821429E+00 1.17753070256268702E-01 5.19311055536689908E-03 5.88391320296110312E-02
4.32472048E+00 1.17668407324490257E-01 5.25427834012087876E-03 5.86398648300092556E-02
4.34114495E+00 1.17583163808223298E-01 5.31531664081109304E-03 5.84243640089135360E-02
4.35743700E+00 1.17497623530460213E-01 5.37606969704688964E-03 5.81940977419660235E-02
4.37360289E+00 1.17411778322729879E-01 5.43648940878718127E-03 5.79500251267978245E-02
4.38964966E+00 1.17325614187061569E-01 5.49658378488480318E-03 5.76930328019968561E-02
4.40558519E+00 1.17239111185817854E-01 5.55636514877856126E-03 5.74239877320713576E-02
4.42141819E+00 1.17152243235467399E-01 5.61585008506239498E-03 5.71437446920093073E-02
4.43715818E+00 1.17064977912135049E-01 5.67505931546739145E-03 5.68531473546307203E-02
4.45281551E+00 1.16977276310231193E-01 5.73401750360167349E-03 5.65530303927870015E-02
4.46840128E+00 1.16889092972234751E-01 5.79275298852301428E-03 5.62442227518056836E-02
4.48392735E+00 1.16800375900152770E-01 5.85129745387189589E-03 5.59275522550086099E-02
4.49940627E+00 1.16711066657392656E-01 5.90968554465300111E-03 5.56038516583971867E-02
4.51485120E+00 1.16621092956642997E-01 5.96794935874171532E-03 5.52731950267447078E-02
4.53026530E+00 1.16530452037122409E-01 6.02609952452996291E-03 5.49380964166737429E-02
4.54558994E+00 1.16439507263064651E-01 6.08396282445325745E-03 5.46004200213030394E-02
4.56083251E+00 1.16348235702073186E-01 6.14149510510570481E-03 5.42613344516652482E-02
4.57599951E+00 1.16256617159538070E-01 6.19871006373550523E-03 5.39220178482612486E-02
4.59109669E+00 1.16164634362666566E-01 6.25561776151152549E-03 5.35836976009132493E-02
4.60612916E+00 1.16072272701933876E-01 6.31222490719960359E-03 5.32476405335132463E-02
4.62110147E+00 1.15979519821279367E-01 6.36853497864927395E-03 5.29151498800400980E-02
4.63601440E+00 1.15886386123992977E-01 6.42453892898592772E-03 5.25876336454373788E-02
4.65084252E+00 1.15793048355045003E-01 6.48014896195478474E-03 5.22670786390623601E-02
4.66559412E+00 1.15699472690353314E-01 6.53534738723585053E-03 5.19547273149318853E-02
4.68027657E+00 1.15605628900942004E-01 6.59014320468649835E-03 5.16518280811487304E-02
4.69489645E+00 1.15511490053796517E-01 6.64454089748508624E-03 5.13596536981755572E-02
4.70945969E+00 1.15417032028095529E-01 6.69854111536581556E-03 5.10794860118549340E-02
4.72397168E+00 1.15322232985889325E-01 6.75214125455572082E-03 5.08126079874738901E-02
4.73843733E+00 1.15227072850246470E-01 6.80533589150771057E-03 5.05602962258476785E-02
4.75286121E+00 1.15131532816632617E-01 6.85811704553551584E-03 5.03238143289529288E-02
4.76724764E+00 1.15035594911205352E-01 6.91047428243884727E-03 5.01044053640199785E-02
4.78160069E+00 1.14939241602094469E-01 6.96239470974224176E-03 4.99032828046231738E-02
4.79592431E+00 1.14842455463793236E-01 7.01386293964085042E-03 4.97216217017733969E-02
4.81022235E+00 1.14745218890411393E-01 7.06486109706099420E-03 4.95605510234465238E-02
4.82449860E+00 1.14647513851030919E-01 7.11536892526014753E-03 4.94211469926594399E-02
4.83875683E+00 1.14549321679820237E-01 7.16536399994658919E-03 4.93044276240263285E-02
4.85300081E+00 1.14450622894387857E-01 7.21482202317231310E-03 4.92113499565839455E-02
4.86723433E+00 1.14351397037587357E-01 7.26371714742080326E-03 4.91428156039242087E-02
4.88146122E+00 1.14251622540269909E-01 7.31202228561014887E-03 4.90997082211884067E-02
4.89568537E+00 1.14151276604517196E-01 7.35970938857444679E-03 4.90941356031544401E-02
4.90991074E+00 1.14050335108089942E-01 7.40674970396110275E-03 4.90860891176656058E-02
4.92414134E+00 1.13948772533047582E-01 7.45311405221825429E-03 4.91027253186701665E-02
4.93838130E+00 1.13846561913695327E-01 7.49877315818642514E-03 4.92111333140727233E-02
4.95263482E+00 1.13743674799927572E-01 7.54369806056265357E-03 4.92795615937102402E-02
4.96690623E+00 1.13640081236428561E-01 7.58786058894155447E-03 4.94043459875884994E-02
4.98119993E+00 1.13535749727861068E-01 7.63123387291257324E-03 4.95522270817472105E-02
4.99552049E+00 1.13430647195288309E-01 7.67379283287356832E-03 4.97293957237576675E-02
5.00987255E+00 1.13324738909382133E-01 7.71551460572768039E-03 4.99348565201090458E-02
5.02426092E+00 1.13217988412004783E-01 7.75637887956832049E-03 5.01686864847106714E-02
5.03869053E+00 1.13110357496027367E-01 7.79636816269020563E-03 5.04306985044866013E-02
5.05316643E+00 1.13001806442357425E-01 7.83546809158346819E-03 5.07206497772696441E-02
5.06769381E+00 1.12892294566320425E-01 7.87366780597542962E-03 5.10382282867373610E-02
5.08227802E+00 1.12781780649755872E-01 7.91096019358990786E-03 5.13830607285332072E-02
5.09692450E+00 1.12670222994500288E-01 7.94734189382492219E-03 5.17547198654660368E-02
5.11163882E+00 1.12557579266488170E-01 7.98281316687535908E-03 5.21527335032776485E-02
5.12642669E+00 1.12443806327234275E-01 8.01737775996026227E-03 5.25765937730099248E-02
5.14129390E+00 1.12328860129141644E-01 8.05104281852269364E-03 5.30257663364880963E-02
5.15624636E+00 1.12212695674413193E-01 8.08381882549846081E-03 5.34996994918926563E-02
5.17129009E+00 1.12095267009829747E-01 8.11571953651517818E-03 5.39978331894331656E-02
5.18633921E+00 1.11977249399144205E-01 8.14661941125974925E-03 5.45165245570290585E-02
5.20139179E+00 1.11858668259233227E-01 8.17649766003696564E-03 5.50544917275049353E-02
5.21645470E+00 1.11739479733090383E-01 8.20539328974243150E-03 5.56108379376417938E-02
5.23153468E+00 1.11619639866060966E-01 8.23335087432883715E-03 5.61847774394345634E-02
5.24663837E+00 1.11499104695703830E-01 8.26041581427383077E-03 5.67755925673181228E-02
5.26177226E+00 1.11377830363895591E-01 8.28663404605042148E-03 5.73826304117459399E-02
5.27694265E+00 1.11255773270893296E-01 8.31205183327738198E-03 5.80053027882586961E-02
5.29215562E+00 1.11132890303821036E-01 8.33671562192590636E-03 5.86430854143922403E-02
5.30741423E+00 1.11009162151749538E-01 8.36066849994212061E-03 5.92953972615941974E-02
5.32269462E+00 1.10884787664097206E-01 8.38392184862764810E-03 5.99605683420203414E-02
5.33796414E+00 1.10760040129990356E-01 8.40647212156436265E-03 6.06365063855697842E-02
5.35322849E+00 1.10634881797966877E-01 8.42836044976049900E-03 6.13227683037363969E-02
5.36849318E+00 1.10509276226788467E-01 8.44963976942136874E-03 6.20190081526981116E-02
5.38376342E+00 1.10383188282513603E-01 8.47036077966520189E-03 6.27249538368792464E-02
5.39904419E+00 1.10256584209872943E-01 8.49057167244460231E-03 6.34403876153117330E-02
5.41434018E+00 1.10129431736214964E-01 8.51031798872473218E-03 6.41651389771304564E-02
5.42965581E+00 1.10001700192564028E-01 8.52964260154873664E-03 6.48990778119681311E-02
5.44499522E+00 1.09873360646106713E-01 8.54858580955032178E-03 6.56421078123138602E-02
5.46036228E+00 1.09744386029152430E-01 8.56718549568771803E-03 6.63941601628421085E-02
5.47576056E+00 1.09614751239897765E-01 8.58547725281521949E-03 6.71551876002904335E-02
5.49119337E+00 1.09484433193945865E-01 8.60349438738352082E-03 6.79251588577023946E-02
5.50666373E+00 1.09353410820113142E-01 8.62126781875086415E-03 6.87040534484724685E-02
5.52217441E+00 1.09221665014200386E-01 8.63882602117299093E-03 6.94918568083806309E-02
5.53772793E+00 1.09089178577214729E-01 8.65619517293110020E-03 7.02885558961820756E-02
5.55332656E+00 1.08955936142838494E-01 8.67339954198195762E-03 7.10941353691593031E-02
5.56897234E+00 1.08821924066706474E-01 8.69046198308990291E-03 7.19085744176731351E-02
5.58466710E+00 1.08687130265390106E-01 8.70740434513641443E-03 7.27318442516009939E-02
5.60041249E+00 1.08551544019982502E-01 8.72424761582031062E-03 7.35639061129575306E-02
5.61621000E+00 1.08415155753530432E-01 8.74101181867504261E-03 7.44047096497260640E-02
5.63203033E+00 1.08278221471380776E-01 8.75769090028880384E-03 7.52525750994079007E-02
5.64785848E+00 1.08140875442541598E-01 8.77428262481159613E-03 7.61065098778163501E-02
5.66369511E+00 1.08003116827808804E-01 8.79080045273400792E-03 7.69663328155331256E-02
5.67953354E+00 1.07865008241900207E-01 8.80725549979527803E-03 7.78314748164100068E-02
5.69537373E+00 1.07726554468382085E-01 8.82366262000766795E-03 7.87017069704452343E-02
5.71121657E+00 1.07587751699347756E-01 8.84003914410025002E-03 7.95768457033540072E-02
5.72706286E+00 1.07448596327623311E-01 8.85640238458116139E-03 8.04566976245430221E-02
5.74291332E+00 1.07309084878545236E-01 8.87276901285929780E-03 8.13410580030682340E-02
5.75876858E+00 1.07169213938828958E-01 8.88915489692313279E-03 8.22297111351112248E-02
5.77462926E+00 1.07028980078882230E-01 8.90557529146423707E-03 8.31224312003652210E-02
5.79049588E+00 1.06888379775977066E-01 8.92204528936964975E-03 8.40189833787041152E-02
5.80636895E+00 1.06747409350341479E-01 8.93858022930791099E-03 8.49191251678579478E-02
5.82224898E+00 1.06606064921631383E-01 8.95519570251841583E-03 8.58226077211766830E-02
5.83813643E+00 1.06464342381513755E-01 8.97190706008910155E-03 8.67291769874870555E-02
5.85403176E+00 1.06322237371741124E-01 8.98872871260796708E-03 8.76385745643990244E-02
5.86993543E+00 1.06179745262663119E-01 9.00567367042484114E-03 8.85505383768062926E-02
5.88584793E+00 1.06036861137809940E-01 9.02275358226376639E-03 8.94648033295169509E-02
5.90176970E+00 1.05893579797326193E-01 9.03997915020435770E-03 9.03811020147750610E-02
5.91770123E+00 1.05749895792064841E-01 9.05736048281104850E-03 9.12991653977610479E-02
5.93364298E+00 1.05605803489953701E-01 9.07490697201450598E-03 9.22187233291439507E-02
5.94959541E+00 1.05461297164187798E-01 9.09262666011914113E-03 9.31395047914172075E-02
5.96555898E+00 1.05316371088411062E-01 9.11052543236680161E-03 9.40612379409006133E-02
5.98153412E+00 1.05171019628620133E-01 9.12860644279520073E-03 9.49836500587634969E-02
5.99752124E+00 1.05025237330117358E-01 9.14686998451076129E-03 9.59064675159014002E-02
6.01352074E+00 1.04879019004660651E-01 9.16531373405671430E-03 9.68294157794338112E-02
6.02953296E+00 1.04732359824249069E-01 9.18393313383289445E-03 9.77522194710912645E-02
6.04555346E+00 1.04585299013189970E-01 9.20271749385239216E-03 9.86743330516007128E-02
6.06158067E+00 1.04437849941164729E-01 9.22165509088851421E-03 9.95953742049093954E-02
6.07761492E+00 1.04290008964829414E-01 9.24073428125272295E-03 1.00515071990699714E-01
6.09365648E+00 1.04141772974018082E-01 9.25994109587600055E-03 1.01433158581103647E-01
6.10970563E+00 1.03993139453359223E-01 9.27925839952640358E-03 1.02349367836480146E-01
6.12576258E+00 1.03844106529076982E-01 9.29866606799556634E-03 1.03263435047569713E-01
6.14182753E+00 1.03694673001907531E-01 9.31814150588140648E-03 1.04175097122460050E-01
6.15790063E+00 1.03544838369406436E-01 9.33766016600727847E-03 1.05084092930929768E-01
6.17398198E+00 1.03394602837625679E-01 9.35719582385341475E-03 1.05990163742342089E-01
6.19007165E+00 1.03243967319564006E-01 9.37672064783563047E-03 1.06893053709255392E-01
6.20616966E+00 1.03092933419273225E-01 9.39620523884405166E-03 1.07792510411070061E-01
6.22227599E+00 1.02941503402946472E-01 9.41561871632907825E-03 1.08688285471154208E-01
6.23839058E+00 1.02789680158089120E-01 9.43492884014419768E-03 1.09580135248084631E-01
6.25451334E+00 1.02637467140921063E-01 9.45410224409637054E-03 1.10467821570129091E-01
6.27064413E+00 1.02484868314654864E-01 9.47310494545335405E-03 1.11351112497479268E-01
6.28678278E+00 1.02331888086012401E-01 9.49190315482812894E-03 1.12229783126364613E-01
6.30292909E+00 1.02178531249925250E-01 9.51046412630029460E-03 1.13103616415255903E-01
6.31908282E+00 1.02024802948762802E-01 9.52875671947094049E-03 1.13972403963171362E-01
6.33524371E+00 1.01870708644377320E-01 9.54675168211429129E-03 1.14835946685772003E-01
6.35141147E+00 1.01716254097544881E-01 9.56442195720763610E-03 1.15694055452158870E-01
6.36758577E+00 1.01561445352267105E-01 9.58174313219593843E-03 1.16546551717059230E-01
6.38376627E+00 1.01406288726701196E-01 9.59869383507228231E-03 1.17393268087583366E-01
6.39995259E+00 1.01250790812968408E-01 9.61525587767755006E-03 1.18234048797871708E-01
6.41614433E+00 1.01094958484781519E-01 9.63141422892739400E-03 1.19068750135512227E-01
6.43234106E+00 1.00938798907382887E-01 9.64715711597362649E-03 1.19897240901074426E-01
6.44854231E+00 1.00782319545478699E-01 9.66247633601963890E-03 1.20719402859275377E-01
6.46474760E+00 1.00625528174089846E-01 9.67736746605377812E-03 1.21535131129874768E-01
6.48095641E+00 1.00468432893320345E-01 9.69182970016855584E-03 1.22344334572883365E-01
6.49716820E+00 1.00311042138153908E-01 9.70586545445384537E-03 1.23146936155511380E-01
6.51338240E+00 1.00153364674806011E-01 9.71948004980772301E-03 1.23942873278052423E-01
6.52959843E+00 9.99954095820280581E-02 9.73268156705073967E-03 1.24732098073249878E-01
6.54581567E+00 9.98371862227599299E-02 9.74548061978874371E-03 1.25514577684942230E-01
6.56203349E+00 9.96787042095951398E-02 9.75788982380713758E-03 1.26290294480373794E-01
6.57825126E+00 9.95199733595261843E-02 9.76992317851708807E-03 1.27059246172410406E-01
6.59446833E+00 9.93610036337279484E-02 9.78159568866452007E-03 1.27821445882023654E-01
6.61068406E+00 9.92018050661738759E-02 9.79292322409274114E-03 1.28576922142763478E-01
6.62689780E+00 9.90423876880528326E-02 9.80392238739346070E-03 1.29325718875696022E-01
6.64310895E+00 9.88827614522866938E-02 9.81461025751075716E-03 1.30067895349000956E-01
6.65931688E+00 9.87229361592123489E-02 9.82500411976681975E-03 1.30803526140734261E-01
6.67552104E+00 9.85629213808688204E-02 9.83512137730358643E-03 1.31532701085170955E-01
6.69172088E+00 9.84027263797648960E-02 9.84497960244040855E-03 1.32255525171919130E-01
6.70791590E+00 9.82423600214059473E-02 9.85459647332610073E-03 1.32972118371592118E-01
6.72410568E+00 9.80818306847185545E-02 9.86398952152505067E-03 1.33682615409469269E-01
6.74028984E+00 9.79211461767046515E-02 9.87317587836404782E-03 1.34387165544237075E-01
6.75646805E+00 9.77603136522085803E-02 9.88217217511305410E-03 1.35085932425278277E-01
6.77264010E+00 9.75993395349730036E-02 9.89099458042034564E-03 1.35779094018915775E-01
6.78880582E+00 9.74382294410325034E-02 9.89965878615260350E-03 1.36466842506578229E-01
6.80496517E+00 9.72769881005571824E-02 9.90817973876796654E-03 1.37149384057025370E-01
6.82111817E+00 9.71156192643908706E-02 9.91657122265014040E-03 1.37826938463727067E-01
6.83726497E+00 9.69541255913408256E-02 9.92484561061264883E-03 1.38499738721136856E-01
6.85340581E+00 9.67925085283574266E-02 9.93301389860096716E-03 1.39168030638523371E-01
6.86954008E+00 9.66307782661838671E-02 9.94108557432462660E-03 1.39832031924454536E-01
6.88566595E+00 9.64689568001075581E-02 9.94906856484869921E-03 1.40491920315420377E-01
6.90178368E+00 9.63070452012683015E-02 9.95697033687538771E-03 1.41147964614807914E-01
6.91789364E+00 9.61450431355157786E-02 9.96479782741432375E-03 1.41800445553292298E-01
6.93399633E+00 9.59829487754381289E-02 9.97255719291740943E-03 1.42449655140495290E-01
6.95009238E+00 9.58207587091057383E-02 9.98025397760915131E-03 1.43095896092683028E-01
6.96618258E+00 9.56584678511983727E-02 9.98789329607941215E-03 1.43739481475796932E-01
6.98226783E+00 9.54960693675986350E-02 9.99547999801974132E-03 1.44380734274817235E-01
6.99834920E+00 9.53335546194396810E-02 1.00030188576403344E-02 1.45019986853051341E-01
7.01442789E+00 9.51709131266458425E-02 1.00105147829919038E-02 1.45657580328197145E-01
7.03050529E+00 9.50081325603348570E-02 1.00179729981979201E-02 1.46293864103375026E-01
7.04658292E+00 9.48451987610127445E-02 1.00253991573324690E-02 1.46929195912269273E-01
7.06266246E+00 9.46820957423014226E-02 1.00327992593384780E-02 1.47563942132866971E-01
7.07874577E+00 9.45188056503128010E-02 1.00401794480809298E-02 1.48198477717626453E-01
7.09483488E+00 9.43553086870766722E-02 1.00475458695836010E-02 1.48833185759573078E-01
7.11093198E+00 9.41915830192682629E-02 1.00549045517195779E-02 1.49468457037198577E-01
7.12703944E+00 9.40276046796561099E-02 1.00622614217700905E-02 1.50104689629669080E-01
7.14315981E+00 9.38633474613076307E-02 1.00696225477223227E-02 1.50742288573414152E-01
7.15929584E+00 9.36987828335140022E-02 1.00769944810628637E-02 1.51381665564018358E-01
7.17545044E+00 9.35338799547764249E-02 1.00843844759056431E-02 1.52023238672702565E-01
7.19162673E+00 9.33686057271668896E-02 1.00918002889606780E-02 1.52667432056842356E-01
7.20782805E+00 9.32029247498091379E-02 1.00992497277262536E-02 1.53314675809060136E-01
7.22405793E+00 9.30367991724321414E-02 1.01067406076276196E-02 1.53965405970846791E-01
7.24032012E+00 9.28701885040578712E-02 1.01142814967308241E-02 1.54620064601665302E-01
7.25661861E+00 9.27030494274423966E-02 1.01218827168121413E-02 1.55279099922676300E-01
7.27295762E+00 9.25353356756475481E-02 1.01295568531989000E-02 1.55942966689801371E-01
7.28934164E+00 9.23669979790723572E-02 1.01373186400705046E-02 1.56612126829646092E-01
7.30577541E+00 9.21979839984247984E-02 1.01451846193841826E-02 1.57287050152907559E-01
7.32226394E+00 9.20282381679660977E-02 1.01531731656989543E-02 1.57968215114748761E-01
7.33881252E+00 9.18577014597999342E-02 1.01613051699116254E-02 1.58656109570507992E-01
7.35542674E+00 9.16863111436911488E-02 1.01696049977746152E-02 1.59351231268769988E-01
7.37206433E+00 9.15144989432023770E-02 1.01780866839451499E-02 1.60052112634257782E-01
7.38871071E+00 9.13424114369994489E-02 1.01867637654009455E-02 1.60758329054834059E-01
7.40533396E+00 9.11703750979614147E-02 1.01956512955952965E-02 1.61468711108092577E-01
7.42194576E+00 9.09982649531194537E-02 1.02047749535035780E-02 1.62183853963209390E-01
7.43854272E+00 9.08261112744746524E-02 1.02141680282734244E-02 1.62903749315966906E-01
7.45515508E+00 9.06535938827909699E-02 1.02238752912798304E-02 1.63629800380052759E-01
7.47169282E+00 9.04816432655407010E-02 1.02339101627432639E-02 1.64358311317496869E-01
7.48820992E+00 9.03096925800860317E-02 1.02443086682975342E-02 1.65091558857713483E-01
7.50476276E+00 9.01371459504060196E-02 1.02551472688084538E-02 1.65832074659416295E-01
7.52129376E+00 8.99645950021716462E-02 1.02664625527286030E-02 1.66577521721725769E-01
7.53780289E+00 8.97920324460811103E-02 1.02782864745665208E-02 1.67327893831945046E-01
7.55435305E+00 8.96187900708958485E-02 1.02906976081207809E-02 1.68085981947851820E-01
7.57097380E+00 8.94445444743670881E-02 1.03037838030147263E-02 1.68853247267944151E-01
7.58753533E+00 8.92706468305541206E-02 1.03175448195665983E-02 1.69623971241967875E-01
7.60410596E+00 8.90963693853285554E-02 1.03320299509578328E-02 1.70401070973320523E-01
7.62072433E+00 8.89212910933206285E-02 1.03473379661792753E-02 1.71186329004851590E-01
7.63740394E+00 8.87452525729347103E-02 1.03635517671256568E-02 1.71980464548233652E-01
7.65402028E+00 8.85695557226819224E-02 1.03806574711629174E-02 1.72777736320007091E-01
7.67063901E+00 8.83934931842439570E-02 1.03987083597894183E-02 1.73580965637723100E-01
7.68729609E+00 8.82166665195854433E-02 1.04178089102196364E-02 1.74391800158376853E-01
7.70404613E+00 8.80384740010709960E-02 1.04380764313454222E-02 1.75212866142570312E-01
7.72071576E+00 8.78607445585632835E-02 1.04594523106118446E-02 1.76035945471746308E-01
7.73738569E+00 8.76826033716361503E-02 1.04819758775241204E-02 1.76864560395941228E-01
7.75414103E+00 8.75031184334968681E-02 1.05058066119752026E-02 1.77702728681950001E-01
7.77098970E+00 8.73221785484891988E-02 1.05310479502419025E-02 1.78550924380060094E-01
7.78785781E+00 8.71405541243929216E-02 1.05576825829244852E-02 1.79405511369584186E-01
7.80472066E+00 8.69584921919653725E-02 1.05856809480713732E-02 1.80265037038064763E-01
7.82158328E+00 8.67759194858740562E-02 1.06150535833695794E-02 1.81129499425217694E-01
7.83845152E+00 8.65927532254858606E-02 1.06458233922893837E-02 1.81998988423115127E-01
7.85533203E+00 8.64089005520090325E-02 1.06780130613612235E-02 1.82873644194591928E-01
7.87223243E+00 8.62242578002048593E-02 1.07116370298475701E-02 1.83753646532377829E-01
7.88916132E+00 8.60387095118857331E-02 1.07466971184352524E-02 1.84639218226922058E-01
7.90612831E+00 8.58521176491536947E-02 1.07831879037560766E-02 1.85530844178002002E-01
7.92313338E+00 8.56644668820218946E-02 1.08210940139703473E-02 1.86427922891455183E-01
7.94018560E+00 8.54756366161084774E-02 1.08603995195221230E-02 1.87330798555602446E-01
7.95720992E+00 8.52864413951714279E-02 1.09009446972550116E-02 1.88235343185174431E-01
7.97418657E+00 8.50970904367477216E-02 1.09425668818482237E-02 1.89140108400984247E-01
7.99112304E+00 8.49074908324340821E-02 1.09851833669049759E-02 1.90045058578424159E-01
8.00800098E+00 8.47178405957636216E-02 1.10286870986225742E-02 1.90948880633046492E-01
8.02481394E+00 8.45282082700942600E-02 1.10729537949439873E-02 1.91850846684865600E-01
8.04156883E+00 8.43385137640986077E-02 1.11178724783362274E-02 1.92750919591929915E-01
8.05827400E+00 8.41486613971505482E-02 1.11633341977122238E-02 1.93649159248535235E-01
8.07493930E+00 8.39585393634483673E-02 1.12092281657327764E-02 1.94545711681638478E-01
8.09157613E+00 8.37680191662902307E-02 1.12554354708131084E-02 1.95440807965596874E-01
8.10819749E+00 8.35769549181652194E-02 1.13018139092411745E-02 1.96334767023510492E-01
8.12481812E+00 8.33851823695240385E-02 1.13481956588573057E-02 1.97227995808078344E-01
8.14145458E+00 8.31925174616469504E-02 1.13943958342768228E-02 1.98120993533829531E-01
8.15811783E+00 8.29988431617483952E-02 1.14402052716914074E-02 1.99013965685505112E-01
8.17480437E+00 8.28042144524016588E-02 1.14853608941353404E-02 1.99906361405726485E-01
8.19153246E+00 8.26084374940882771E-02 1.15295936520595482E-02 2.00798731613205467E-01
8.20830545E+00 8.24114965299046071E-02 1.15726093564340049E-02 2.01690868579709304E-01
8.22510307E+00 8.22136591806931216E-02 1.16140607559124757E-02 2.02581344365271976E-01
8.24194785E+00 8.20146948742016685E-02 1.16536578609599071E-02 2.03470896866514372E-01
8.25886514E+00 8.18143420003794586E-02 1.16911537563891312E-02 2.04360435185507450E-01
8.27588344E+00 8.16123038369473558E-02 1.17262967531048985E-02 2.05251030240280907E-01
8.29303482E+00 8.14082427022231325E-02 1.17588462047567063E-02 2.06143906083347178E-01
8.31027506E+00 8.12027327667580456E-02 1.17885253940618398E-02 2.07036438493003794E-01
8.32762808E+00 8.09955416110275800E-02 1.18151187570485396E-02 2.07929353392097532E-01
8.34497596E+00 8.07881364278653230E-02 1.18383956653871567E-02 2.08816400881161157E-01
8.36223471E+00 8.05815868106152383E-02 1.18581512983491344E-02 2.09693021160751142E-01
8.37943434E+00 8.03755977192502774E-02 1.18743694417974954E-02 2.10560305765755490E-01
8.39660427E+00 8.01698773682101018E-02 1.18871565580848330E-02 2.11419446966799596E-01
8.41374120E+00 7.99645237328987651E-02 1.18966228913650728E-02 2.12270096026331206E-01
8.43072968E+00 7.97609768609579689E-02 1.19028773870343465E-02 2.13106560693085395E-01
8.44760092E+00 7.95589149992734918E-02 1.19060211152729103E-02 2.13930110588132605E-01
8.46438500E+00 7.93580253403508712E-02 1.19062211771784367E-02 2.14742050337649870E-01
8.48111106E+00 7.91580106968134273E-02 1.19036313707439525E-02 2.15543332304393209E-01
8.49775495E+00 7.89591959887562117E-02 1.18984064655420167E-02 2.16333386753315732E-01
8.51434619E+00 7.87612653102320870E-02 1.18906517116046523E-02 2.17113157241615756E-01
8.53091963E+00 7.85638386139452527E-02 1.18804683385380621E-02 2.17884103121307210E-01
8.54750910E+00 7.83665483714092032E-02 1.18679398736412402E-02 2.18647604792120975E-01
8.56414759E+00 7.81690384408778166E-02 1.18531209117885439E-02 2.19404946678300544E-01
8.58086747E+00 7.79709622093669175E-02 1.18360365313421763E-02 2.20157317447321060E-01
8.59770059E+00 7.77719790542270861E-02 1.18166921920615613E-02 2.20905814516860116E-01
8.61455859E+00 7.75731660196583572E-02 1.17952409120482601E-02 2.21646390712776614E-01
8.63145107E+00 7.73744330258125390E-02 1.17717474651544314E-02 2.22379472792615551E-01
8.64841601E+00 7.71753678715221825E-02 1.17462403223081886E-02 2.23105737729797027E-01
8.66543241E+00 7.69762485887755393E-02 1.17188249589021028E-02 2.23824365133778680E-01
8.68244325E+00 7.67777671584101151E-02 1.16896809199053403E-02 2.24532798347874013E-01
8.69940201E+00 7.65804832549351333E-02 1.16589995279578074E-02 2.25228979409123065E-01
8.71635002E+00 7.63839314592531515E-02 1.16268369749977906E-02 2.25914377574090830E-01
8.73332703E+00 7.61876690075977137E-02 1.15932274645847693E-02 2.26590404605022527E-01
8.75037154E+00 7.59912720249114743E-02 1.15582028756799852E-02 2.27258354425129455E-01
8.76743811E+00 7.57952824401360165E-02 1.15219552813701585E-02 2.27916324206665522E-01
8.78440869E+00 7.56010624272713122E-02 1.14848597560230584E-02 2.28559813137451717E-01
8.80128726E+00 7.54085662550411373E-02 1.14470997564036208E-02 2.29188899148930980E-01
8.81807831E+00 7.52177427206042609E-02 1.14088145689785151E-02 2.29803788960828648E-01
8.83478689E+00 7.50285402048214006E-02 1.13701214781963041E-02 2.30404420071285254E-01
8.85141862E+00 7.48408911293590301E-02 1.13311100796387072E-02 2.30991666217368663E-01
8.86797975E+00 7.46547226101746675E-02 1.12918450148905385E-02 2.31565531814440312E-01
8.88447719E+00 7.44699544853703321E-02 1.12523811603483827E-02 2.32126332701370341E-01
8.90091865E+00 7.42864977239211244E-02 1.12127810978455839E-02 2.32674402649626466E-01
8.91731264E+00 7.41042539639495262E-02 1.11731247192218327E-02 2.33210099717777286E-01
8.93364254E+00 7.39234035784000210E-02 1.11335570012885566E-02 2.33733007990002267E-01
8.94988370E+00 7.37442122374502435E-02 1.10942421499374815E-02 2.34242500832889222E-01
8.96604115E+00 7.35666154488090057E-02 1.10552588668699422E-02 2.34738884904993866E-01
8.98212048E+00 7.33905418273909371E-02 1.10166380947120165E-02 2.35222516599623482E-01
8.99812787E+00 7.32159127156537803E-02 1.09783794334767752E-02 2.35693770005255987E-01
9.01405550E+00 7.30428004920446738E-02 1.09404964702104184E-02 2.36152633773641429E-01
9.02991047E+00 7.28711138276381815E-02 1.09029801774167406E-02 2.36599510164446192E-01
9.04570115E+00 7.27007479360838871E-02 1.08658238501394399E-02 2.37034841366548871E-01
9.06143654E+00 7.25315919318216401E-02 1.08290266727125647E-02 2.37459073360999029E-01
9.07712623E+00 7.23635292619776577E-02 1.07925852934070594E-02 2.37872653275239543E-01
9.09278043E+00 7.21964381215328410E-02 1.07564835018330671E-02 2.38276030234150171E-01
9.10840989E+00 7.20301916557017086E-02 1.07206868139795540E-02 2.38669661205984179E-01
9.12402597E+00 7.18646580829500059E-02 1.06851454355955441E-02 2.39054012899807544E-01
9.13964060E+00 7.16997008942272529E-02 1.06498025047867175E-02 2.39429548550707666E-01
9.15526623E+00 7.15351790883312633E-02 1.06146034787823543E-02 2.39796713773061110E-01
9.17091585E+00 7.13709475159735457E-02 1.05795039967147980E-02 2.40155939102290494E-01
9.18659850E+00 7.12069032284827624E-02 1.05444796679942960E-02 2.40507555218821695E-01
9.20231229E+00 7.10430579584380856E-02 1.05095313091272558E-02 2.40851657193917573E-01
9.21807236E+00 7.08792467670938953E-02 1.04746202437914979E-02 2.41188685799909180E-01
9.23384251E+00 7.07158371947353703E-02 1.04397766547634913E-02 2.41518071743133278E-01
9.24959711E+00 7.05530830744121457E-02 1.04050088217248378E-02 2.41839472562579205E-01
9.26534719E+00 7.03908585309709345E-02 1.03702495172056340E-02 2.42153299699622432E-01
9.28110113E+00 7.02290669202679518E-02 1.03354384375465951E-02 2.42459934038411651E-01
9.29686450E+00 7.00676418770301707E-02 1.03005482290466910E-02 2.42759689010489527E-01
9.31265000E+00 6.99064456378332699E-02 1.02655721230338233E-02 2.43052993166685549E-01
9.32847032E+00 6.97453424153920143E-02 1.02305316746299276E-02 2.43340261922395301E-01
9.34433812E+00 6.95841980543687871E-02 1.01954687773103490E-02 2.43621890437628941E-01
9.36026602E+00 6.94228796773109502E-02 1.01604309426150032E-02 2.43898255994473956E-01
9.37626658E+00 6.92612562535473153E-02 1.01254590615013421E-02 2.44169719232722598E-01
9.39235232E+00 6.90991993951095007E-02 1.00905817868040312E-02 2.44436625401476593E-01
9.40853572E+00 6.89365835212406436E-02 1.00558169072017516E-02 2.44699305499728098E-01
9.42482920E+00 6.87732859026991272E-02 1.00211786605504637E-02 2.44958075241215267E-01
9.44123511E+00 6.86092863745470238E-02 9.98670530327099536E-03 2.45213087447651995E-01
9.45776269E+00 6.84444975588668347E-02 9.95244078579578077E-03 2.45464575632274834E-01
9.47442445E+00 6.82788013531732962E-02 9.91843902616009604E-03 2.45712808078787232E-01
9.49123254E+00 6.81120839899609365E-02 9.88476864294780128E-03 2.45958034259738723E-01
9.50811257E+00 6.79450865810377336E-02 9.85164452294117095E-03 2.46199348928796857E-01
9.52506591E+00 6.77777958973277694E-02 9.81916954935782745E-03 2.46436829399376167E-01
9.54210354E+00 6.76101047131299343E-02 9.78739025765174193E-03 2.46670729072781758E-01
9.55923638E+00 6.74419069189608061E-02 9.75633541415398160E-03 2.46901288436638777E-01
9.57647527E+00 6.72730975020993383E-02 9.72602482447032166E-03 2.47128729399519853E-01
9.59383098E+00 6.71035726296876356E-02 9.69647806929596970E-03 2.47353253390445366E-01
9.61131414E+00 6.69332297687423861E-02 9.66772135590188673E-03 2.47575040925449325E-01
9.62893528E+00 6.67619677455767724E-02 9.63978805073557182E-03 2.47794251731128484E-01
9.64667482E+00 6.65899761937343848E-02 9.61275177099615678E-03 2.48010693226119378E-01
9.66454008E+00 6.64171819449386469E-02 9.58664837859646637E-03 2.48224445856196824E-01
9.68253935E+00 6.62435019516947610E-02 9.56149943568718186E-03 2.48435605019937972E-01
9.70068066E+00 6.60688487928597495E-02 9.53732252286315120E-03 2.48644532211289349E-01
9.71897187E+00 6.58931455387027631E-02 9.51413613090533114E-03 2.48850736631653163E-01
9.73742060E+00 6.57163144459418230E-02 9.49195823169271188E-03 2.49054537376176305E-01
9.75603430E+00 6.55382779256827308E-02 9.47079785897460801E-03 2.49255949083231926E-01
9.77482026E+00 6.53589588780448261E-02 9.45064836925572221E-03 2.49454991799053255E-01
9.79378563E+00 6.51782807553081545E-02 9.43149012903001654E-03 2.49651667348844336E-01
9.81293372E+00 6.49962028433694605E-02 9.41330391251919522E-03 2.49845933691923483E-01
9.83222291E+00 6.48131090426270345E-02 9.39611168743707294E-03 2.50037343797485989E-01
9.85165753E+00 6.46289453677168502E-02 9.37989452815064274E-03 2.50225840514790521E-01
9.87124189E+00 6.44436582172598915E-02 9.36462409512704014E-03 2.50411401986146753E-01
9.89098032E+00 6.42571940159129273E-02 9.35026474748978237E-03 2.50594005384094209E-01
9.91087722E+00 6.40694990966932665E-02 9.33677994246566792E-03 2.50773629152400701E-01
9.93093708E+00 6.38805193325864412E-02 9.32413089995140672E-03 2.50950254086976632E-01
9.95116453E+00 6.36901994835881863E-02 9.31226174364969614E-03 2.51123866005623531E-01
9.97156437E+00 6.34984826679565739E-02 9.30109417341514443E-03 2.51294457694144768E-01
9.99214157E+00 6.33053103871535766E-02 9.29055018076200591E-03 2.51462030468978692E-01
1.00128579E+01 6.31110285812261085E-02 9.28060390962077118E-03 2.51626300668036817E-01
1.00335788E+01 6.29168834558221646E-02 9.27129407056504103E-03 2.51786358426366486E-01
1.00543425E+01 6.27225031348667278E-02 9.26253888071781363E-03 2.51942447539455328E-01
1.00750769E+01 6.25285498146410657E-02 9.25429183769136375E-03 2.52094243327055378E-01
1.00957419E+01 6.23353873020207477E-02 9.24647009345290830E-03 2.52241584045698519E-01
1.01163750E+01 6.21426561524238488E-02 9.23897943649384761E-03 2.52384831232114248E-01
1.01370125E+01 6.19500144262139507E-02 9.23175100158066773E-03 2.52524388897559349E-01
1.01576880E+01 6.17571458653910776E-02 9.22470733139900412E-03 2.52660634157225228E-01
1.01784322E+01 6.15637661301649888E-02 9.21776136838863176E-03 2.52793915340396025E-01
1.01992409E+01 6.13699133325700807E-02 9.21085209576411046E-03 2.52924388867542482E-01
1.02200243E+01 6.11764247201746006E-02 9.20397540790423782E-03 2.53051752515993877E-01
1.02408156E+01 6.09829947506737371E-02 9.19707137224627137E-03 2.53176301095797085E-01
1.02615739E+01 6.07900104405304023E-02 9.19010166254868172E-03 2.53298053646214605E-01
1.02823002E+01 6.05974699077527421E-02 9.18296830073508409E-03 2.53417178909681740E-01
1.03030213E+01 6.04051324750811969E-02 9.17556133666205462E-03 2.53534004185406558E-01
1.03237626E+01 6.02127731426614077E-02 9.16779705962113105E-03 2.53648856006686130E-01
1.03445476E+01 6.00201886847141278E-02 9.15961236623046016E-03 2.53762042578576930E-01
1.03653669E+01 5.98274813982667825E-02 9.15096017336853793E-03 2.53873717776490870E-01
1.03861390E+01 5.96354192336222833E-02 9.14181522078442652E-03 2.53983691069334716E-01
1.04068899E+01 5.94437749914315181E-02 9.13208790258299673E-03 2.54092194015950235E-01
1.04276450E+01 5.92523333158934268E-02 9.12170968064426879E-03 2.54199510454734601E-01
1.04484278E+01 5.90608953436790665E-02 9.11062934356531538E-03 2.54305895498508072E-01
1.04692602E+01 5.88692813390770883E-02 9.09879976773841741E-03 2.54411581990565072E-01
1.04901620E+01 5.86773317073277789E-02 9.08615865421888956E-03 2.54516778465931071E-01
1.05110892E+01 5.84854714685772159E-02 9.07266373900229850E-03 2.54621410839158901E-01
1.05320081E+01 5.82940267773509671E-02 9.05826510984453735E-03 2.54725392512401505E-01
1.05529411E+01 5.81028196511457484E-02 9.04289192068999381E-03 2.54828563074411762E-01
1.05739085E+01 5.79116810842059127E-02 9.02648469042197088E-03 2.54931687785794170E-01
1.05949290E+01 5.77204640915544853E-02 9.00898655711749284E-03 2.55034570752316225E-01
1.06160194E+01 5.75290412598759918E-02 8.99033477710195136E-03 2.55137342901137487E-01
1.06371949E+01 5.73373025985666890E-02 8.97045914793376947E-03 2.55240071594086071E-01
1.06584170E+01 5.71456208480397576E-02 8.94933725943390657E-03 2.55342600764324801E-01
1.06796587E+01 5.69542648401253973E-02 8.92695189099490700E-03 2.55444762551382321E-01
1.07008792E+01 5.67636251051801405E-02 8.90330832263835220E-03 2.55546327189319467E-01
1.07221087E+01 5.65734532857705072E-02 8.87834549002409525E-03 2.55647326408811992E-01
1.07433795E+01 5.63834888388902444E-02 8.85198412035959406E-03 2.55747831765617495E-01
1.07647229E+01 5.61934824173215414E-02 8.82413900236599970E-03 2.55847895550927129E-01
1.07861687E+01 5.60032002805019233E-02 8.79472708855819074E-03 2.55947548880023523E-01
1.08077306E+01 5.58125595015103518E-02 8.76368931115683453E-03 2.56046740042094212E-01
1.08292470E+01 5.56230139147712993E-02 8.73120019485802007E-03 2.56144721576477274E-01
1.08507499E+01 5.54343077330739578E-02 8.69724999791145897E-03 2.56241389663825758E-01
1.08722704E+01 5.52461951612347665E-02 8.66178576746636127E-03 2.56336735930496995E-01
1.08938388E+01 5.50584432354720987E-02 8.62475172755802939E-03 2.56430731977162707E-01
1.09154840E+01 5.48708342533997806E-02 8.58609587416296095E-03 2.56523331093431950E-01
1.09372335E+01 5.46831677751802581E-02 8.54577271050749841E-03 2.56614463910805113E-01
1.09591131E+01 5.44952622190416347E-02 8.50373931983772029E-03 2.56704037092001180E-01
1.09811465E+01 5.43069581999962511E-02 8.45995102879839277E-03 2.56791931151529984E-01
1.10031676E+01 5.41197099112585636E-02 8.41468109700743011E-03 2.56877401118154325E-01
1.10252036E+01 5.39333128497508432E-02 8.36797837610970922E-03 2.56960253808048211E-01
1.10472801E+01 5.37475796030619443E-02 8.31983587312152412E-03 2.57040398935122261E-01
1.10693738E+01 5.35627364764043809E-02 8.27034659927532514E-03 2.57117587604405173E-01
1.10912661E+01 5.33806215815351079E-02 8.22000361224987756E-03 2.57191041337999582E-01
1.11129780E+01 5.32010565344587100E-02 8.16897446158708004E-03 2.57260601920115184E-01
1.11345300E+01 5.30238685962733727E-02 8.11732362786980570E-03 2.57326266262989489E-01
1.11559414E+01 5.28488961871862103E-02 8.06511271915759040E-03 2.57388010227955433E-01
1.11772300E+01 5.26759929788562301E-02 8.01240356924082242E-03 2.57445813889834396E-01
1.11984113E+01 5.25050302852599973E-02 7.95926191565593695E-03 2.57499650029879512E-01
1.12194988E+01 5.23358978213527004E-02 7.90575939584605043E-03 2.57549485413330892E-01
1.12405038E+01 5.21685028667117009E-02 7.85197149642492473E-03 2.57595280213297584E-01
1.12614357E+01 5.20027679291486244E-02 7.79797376907053353E-03 2.57636990083153827E-01
1.12823026E+01 5.18386272943939450E-02 7.74383879421978137E-03 2.57659272161841313E-01
1.13031114E+01 5.16760228559748555E-02 7.68963501544215732E-03 2.57728736430750338E-01
1.13238688E+01 5.15148996435820655E-02 7.63542757683236765E-03 2.57732470590216811E-01
1.13445816E+01 5.13552014551717367E-02 7.58127883405876942E-03 2.57746251745809618E-01
1.13652019E+01 5.11972908154775322E-02 7.52736151541993827E-03 2.57803054629618722E-01
1.13857172E+01 5.10412496936711799E-02 7.47379909674359202E-03 2.57802544916377496E-01
1.14061350E+01 5.08870048247991938E-02 7.42064616445366372E-03 2.57804354171166039E-01
1.14264626E+01 5.07344863460880632E-02 7.36793877744644065E-03 2.57810914493641741E-01
1.14467074E+01 5.05836238409930958E-02 7.31570619956429646E-03 2.57819874869423649E-01
1.14668773E+01 5.04343430456485886E-02 7.26397245619445856E-03 2.57826471299137217E-01
1.14869812E+01 5.02865634455737440E-02 7.21275720964827029E-03 2.57826508808925770E-01
1.15070292E+01 5.01401967467797888E-02 7.16207476497669662E-03 2.57813192282264070E-01
1.15270329E+01 4.99951461143517406E-02 7.11193275197279182E-03 2.57775891357142017E-01
1.15470051E+01 4.98513062183861475E-02 7.06233198613550901E-03 2.57777227543285914E-01
1.15669601E+01 4.97085640515405186E-02 7.01326725208937553E-03 2.57768030232462753E-01
1.15869134E+01 4.95668003917548658E-02 6.96472853842641099E-03 2.57702867803682956E-01
1.16068811E+01 4.94258917805974751E-02 6.91670216508327718E-03 2.57702065305829786E-01
1.16267751E+01 4.92864478481040147E-02 6.86936800788318699E-03 2.57652557894238077E-01
1.16465989E+01 4.91484253031059942E-02 6.82277598749858431E-03 2.57619422396339892E-01
1.16663670E+01 4.90117043998036517E-02 6.77690631303531389E-03 2.57573357928102875E-01
1.16860953E+01 4.88761613970861084E-02 6.73173097324142149E-03 2.57525949173738666E-01
1.17058000E+01 4.87416698713776450E-02 6.68722007617807319E-03 2.57473496361212584E-01
1.17254982E+01 4.86081022392565107E-02 6.64334357482723736E-03 2.57417064052474165E-01
1.17452072E+01 4.84753317690306482E-02 6.60007164995005027E-03 2.57356291044043894E-01
1.17649444E+01 4.83432338948006982E-02 6.55737387147804860E-03 2.57291202902216132E-01
1.17847271E+01 4.82116870389113494E-02 6.51521931852209590E-03 2.57221711264540354E-01
1.18045464E+01 4.80807452278755737E-02 6.47362045511846659E-03 2.57147846800920066E-01
1.18243206E+01 4.79509361667627698E-02 6.43271750563011169E-03 2.57069953854402622E-01
1.18440675E+01 4.78221264651731703E-02 6.39251209453447003E-03 2.56987999487502561E-01
1.18638053E+01 4.76941849362084030E-02 6.35296530530562661E-03 2.56901921502965480E-01
1.18835519E+01 4.75669833969147027E-02 6.31404146370462358E-03 2.56811668709620244E-01
1.19033251E+01 4.74403972982639574E-02 6.27570778591047315E-03 2.56717176553143134E-01
1.19231427E+01 4.73143059236970087E-02 6.23793316785027988E-03 2.56618369487963793E-01
1.19430222E+01 4.71885921246796569E-02 6.20068716427836768E-03 2.56515161518208690E-01
1.19629808E+01 4.70631417593832604E-02 6.16393987170268248E-03 2.56407456587223526E-01
1.19829710E+01 4.69382481455482281E-02 6.12775571272693598E-03 2.56295533264892628E-01
1.20029523E+01 4.68141518252019190E-02 6.09220706241892646E-03 2.56179663459210560E-01
1.20229441E+01 4.66907204250007132E-02 6.05727586442419801E-03 2.56059765684407692E-01
1.20429654E+01 4.65678251359799705E-02 6.02292504752351132E-03 2.55935752145192874E-01
1.20630356E+01 4.64453402169686669E-02 5.98912009984020784E-03 2.55807533915082264E-01
1.20831740E+01 4.63231422813596555E-02 5.95582817242445561E-03 2.55675009873332304E-01
1.21033999E+01 4.62011093672199530E-02 5.92301676492834432E-03 2.55538066819823328E-01
1.21237335E+01 4.60791198388239495E-02 5.89065273553889424E-03 2.55396578785375084E-01
1.21441008E+01 4.59576117090484890E-02 5.85881960224080012E-03 2.55251109376856578E-01
1.21644879E+01 4.58366592325959929E-02 5.82754745475128847E-03 2.55101817113706941E-01
1.21849171E+01 4.57161215173051277E-02 5.79680207054939119E-03 2.54948579876054682E-01
1.22054110E+01 4.55958589506922154E-02 5.76654103726794223E-03 2.54791276446961479E-01
1.22259925E+01 4.54757323056075302E-02 5.73672494466922252E-03 2.54629778365524362E-01
1.22466852E+01 4.53556018572447012E-02 5.70731668079349583E-03 2.54463943193998732E-01
1.22675134E+01 4.52353264956318404E-02 5.67828011242569371E-03 2.54293614248249866E-01
1.22883776E+01 4.51154761188185885E-02 5.64971587751421193E-03 2.54119698853097042E-01
1.23092849E+01 4.49960018625151989E-02 5.62163106508361925E-03 2.53942225496959051E-01
1.23302625E+01 4.48767402280835156E-02 5.59398253057657655E-03 2.53761028546317657E-01
1.23513384E+01 4.47575282068345889E-02 5.56672438614580229E-03 2.53575951137938183E-01
1.23725410E+01 4.46382027068897846E-02 5.53981397955402403E-03 2.53386827136900528E-01
1.23938995E+01 4.45186001390087890E-02 5.51321191662503679E-03 2.53193478236812597E-01
1.24153199E+01 4.43992430862362245E-02 5.48700362615433222E-03 2.52996892082133551E-01
1.24367936E+01 4.42801734006044515E-02 5.46121108870486777E-03 2.52797279091527272E-01
1.24583540E+01 4.41611997632058370E-02 5.43579315785422748E-03 2.52594435089523228E-01
1.24800352E+01 4.40421325578796083E-02 5.41069943895941714E-03 2.52388168165128601E-01
1.25018715E+01 4.39227836224084234E-02 5.38588100575443460E-03 2.52178287684283908E-01
1.25238788E+01 4.38030685774926723E-02 5.36130949560345745E-03 2.51964789318002091E-01
1.25459208E+01 4.36837256913811256E-02 5.33710004439733217E-03 2.51749219602744712E-01
1.25680378E+01 4.35645315298257840E-02 5.31323456963036980E-03 2.51531350302244050E-01
1.25902701E+01 4.34452658838607245E-02 5.28966273172922635E-03 2.51310945011243903E-01
1.26126584E+01 4.33257119165620652E-02 5.26633505786546115E-03 2.51087804461639752E-01
1.26352434E+01 4.32056567358345134E-02 5.24320249054609916E-03 2.50861736174090799E-01
1.26579131E+01 4.30856964077889412E-02 5.22034408942397086E-03 2.50634152019235446E-01
1.26806458E+01 4.29659414735589773E-02 5.19778717514142365E-03 2.50405520823804018E-01
1.27034887E+01 4.28461404776467047E-02 5.17548992177201909E-03 2.50175587943769151E-01
1.27264891E+01 4.27260461903681554E-02 5.15340471355106924E-03 2.49944143297831101E-01
1.27496940E+01 4.26054169254074869E-02 5.13148824902603246E-03 2.49711012340073507E-01
1.27730438E+01 4.24845641005722613E-02 5.10978066211566131E-03 2.49477155038484610E-01
1.27964474E+01 4.23639571237021395E-02 5.08835777026866044E-03 2.49243850823926000E-01
1.28199579E+01 4.22433167958520747E-02 5.06718625795361463E-03 2.49010844859878622E-01
1.28436289E+01 4.21223686777724982E-02 5.04621395555886459E-03 2.48777932933342633E-01
1.28675132E+01 4.20008449969083292E-02 5.02539422125172688E-03 2.48544980901634599E-01
1.28915899E+01 4.18788550335116722E-02 5.00473845791856668E-03 2.48312639605351632E-01
1.29157168E+01 4.17571151155745821E-02 4.98435446969497029E-03 2.48082762037699245E-01
1.29399523E+01 4.16353246571152316E-02 4.96422322135259882E-03 2.47855112982207582E-01
1.29643549E+01 4.15131881963522326E-02 4.94430102760108538E-03 2.47629523308830729E-01
1.29889822E+01 4.13904181176845617E-02 4.92454778673309147E-03 2.47405928586892754E-01
1.30138264E+01 4.12670551315789738E-02 4.90496868506131150E-03 2.47184935144085710E-01
1.30387261E+01 4.11438958818056352E-02 4.88567438559570945E-03 2.46968551061449049E-01
1.30637433E+01 4.10206269493257614E-02 4.86664408311693764E-03 2.46756586550457069E-01
1.30889399E+01 4.08969410371587058E-02 4.84782934988182111E-03 2.46548941604952804E-01
1.31143767E+01 4.07725407786720881E-02 4.82918286866654625E-03 2.46345649889356338E-01
1.31400245E+01 4.06475708591178125E-02 4.81071188480145483E-03 2.46147560161269680E-01
1.31657431E+01 4.05227100080676056E-02 4.79249660136491645E-03 2.45956349207124392E-01
1.31915965E+01 4.03976427142381592E-02 4.77450473061870762E-03 2.45771899343314476E-01
1.32176482E+01 4.02720613009730014E-02 4.75668301097713006E-03 2.45594214984776238E-01
1.32439603E+01 4.01456712508930919E-02 4.73897984040581952E-03 2.45423451438992885E-01
1.32704458E+01 4.00188921889512578E-02 4.72142544899396225E-03 2.45260843502750320E-01
1.32968870E+01 3.98927605816672901E-02 4.70413060590722971E-03 2.45108268370305971E-01
1.33232559E+01 3.97674006311780348E-02 4.68710663604718965E-03 2.44966036362444239E-01
1.33495811E+01 3.96426686156366934E-02 4.67031245594969578E-03 2.44834115601618885E-01
1.33758909E+01 3.95184246868642147E-02 4.65370182851420656E-03 2.44712576567295503E-01
1.34021460E+01 3.93948498392235891E-02 4.63726555267824150E-03 2.44601852497871475E-01
1.34283193E+01 3.92720650152074482E-02 4.62099439853921792E-03 2.44502203954685748E-01
1.34544393E+01 3.91499312781007497E-02 4.60484873006446107E-03 2.44413587390149845E-01
1.34805339E+01 3.90283156833609174E-02 4.58878454812325538E-03 2.44336014286270942E-01
1.35066297E+01 3.89070935998605955E-02 4.57276024828970860E-03 2.44269540860092921E-01
1.35327324E+01 3.87862400974365584E-02 4.55674727554426350E-03 2.44214303266337807E-01
1.35587708E+01 3.86660838445387414E-02 4.54076022895336107E-03 2.44170589796927739E-01
1.35847732E+01 3.85464951545413936E-02 4.52477145555530390E-03 2.44138334661968021E-01
1.36107661E+01 3.84273543239771684E-02 4.50874591351039383E-03 2.44127024338365889E-01
1.36367741E+01 3.83085525580370290E-02 4.49265045954510243E-03 2.44094934987446027E-01
1.36628197E+01 3.81899924109503908E-02 4.47645304302850613E-03 2.44098374940188101E-01
1.36888436E+01 3.80719483237829254E-02 4.46016415061708388E-03 2.44136335231682711E-01
1.37148463E+01 3.79544216034828769E-02 4.44377184922592657E-03 2.44137368870723848E-01
1.37408529E+01 3.78373024363486549E-02 4.42724671602946328E-03 2.44191481527143511E-01
1.37668864E+01 3.77204936561017848E-02 4.41055993699049180E-03 2.44227926025860298E-01
1.37929615E+01 3.76039356298868560E-02 4.39368942918028690E-03 2.44289095193420541E-01
1.38190622E+01 3.74877081500488707E-02 4.37663274007127866E-03 2.44358315331121678E-01
1.38451517E+01 3.73719810731382093E-02 4.35940397720083802E-03 2.44439079445324919E-01
1.38712505E+01 3.72566713528602045E-02 4.34198958614646826E-03 2.44530563589351962E-01
1.38973767E+01 3.71417065746840330E-02 4.32437086994545260E-03 2.44632824424270395E-01
1.39235467E+01 3.70270237898696758E-02 4.30652990501943517E-03 2.44745768686453619E-01
1.39497753E+01 3.69125682033968061E-02 4.28844975661702137E-03 2.44869329830818022E-01
1.39760129E+01 3.67985647722061035E-02 4.27015148847044099E-03 2.45003156561094837E-01
1.40022746E+01 3.66849565335800737E-02 4.25162871818356939E-03 2.45147085495821565E-01
1.40285768E+01 3.65716803387534373E-02 4.23286831210701545E-03 2.45301004816194546E-01
1.40549339E+01 3.64586837224203791E-02 4.21385989300726051E-03 2.45464817245856975E-01
1.40813585E+01 3.63459232198285950E-02 4.19459552158599376E-03 2.45638426511005120E-01
1.41078279E+01 3.62335049986091742E-02 4.17508923208602303E-03 2.45821522466021708E-01
1.41343356E+01 3.61214663077055395E-02 4.15535074585226226E-03 2.46013845718415447E-01
1.41608966E+01 3.60097517553107094E-02 4.13537531973442573E-03 2.46215284226103698E-01
1.41875237E+01 3.58983178599829172E-02 4.11515825966159588E-03 2.46425741301984885E-01
1.42142274E+01 3.57871308000756241E-02 4.09469839865994698E-03 2.46645122926932997E-01
1.42410051E+01 3.56762112640965981E-02 4.07400536689578145E-03 2.46873244267890840E-01
1.42678347E+01 3.55656603566100182E-02 4.05310553198457661E-03 2.47109750463831962E-01
1.42947300E+01 3.54554282304331836E-02 4.03200678581146915E-03 2.47354567964200051E-01
1.43217024E+01 3.53454779078827275E-02 4.01071518089564805E-03 2.47607637509036554E-01
1.43487605E+01 3.52357828508366167E-02 3.98923972784263371E-03 2.47868903644349603E-01
1.43759113E+01 3.51263242358322014E-02 3.96759178414688666E-03 2.48138312768626940E-01
1.44031517E+01 3.50171230772865980E-02 3.94579033145565916E-03 2.48415733723795523E-01
1.44304704E+01 3.49082333328692984E-02 3.92386240778375747E-03 2.48700957164926850E-01
1.44578768E+01 3.47996243541795203E-02 3.90182327583494647E-03 2.48993988608812222E-01
1.44853778E+01 3.46912764423372849E-02 3.87968724858093377E-03 2.49294842112850829E-01
1.45129783E+01 3.45831777652788955E-02 3.85747032753797287E-03 2.49603538481331377E-01
1.45406819E+01 3.44753211343607133E-02 3.83518968276377924E-03 2.49920109287149111E-01
1.45684917E+01 3.43677008818429816E-02 3.81286345458557762E-03 2.50244605223845507E-01
1.45964113E+01 3.42603100824093107E-02 3.79051029125164604E-03 2.50577104740710044E-01
1.46244448E+01 3.41531383839927538E-02 3.76814791824097405E-03 2.50917722446325597E-01
1.46525980E+01 3.40461705940245593E-02 3.74579068692363270E-03 2.51266616188887792E-01
1.46808777E+01 3.39393859741502699E-02 3.72344810278271666E-03 2.51623991874273312E-01
1.47092749E+01 3.38328244877476800E-02 3.70113640391461036E-03 2.51989884683194221E-01
1.47377842E+01 3.37265112426578875E-02 3.67886917360345320E-03 2.52364384014824750E-01
1.47664077E+01 3.36204414665164583E-02 3.65665318258270563E-03 2.52747697079578004E-01
1.47951494E+01 3.35146044213244232E-02 3.63449308395550697E-03 2.53140078402477542E-01
1.48240150E+01 3.34089827103693227E-02 3.61239285085758694E-03 2.53541831745294821E-01
1.48530120E+01 3.33035525399909133E-02 3.59035552673328410E-03 2.53953310238112406E-01
1.48821495E+01 3.31982848506536046E-02 3.56838280944481211E-03 2.54374913541502434E-01
1.49114376E+01 3.30931470649056605E-02 3.54647532004310909E-03 2.54807081095319687E-01
1.49408870E+01 3.29881053189364365E-02 3.52463425928978757E-03 2.55250281670399815E-01
1.49704435E+01 3.28833547052549205E-02 3.50290231291456883E-03 2.55704030548433103E-01
1.50000000E+01 3.27792710074949964E-02 3.48136432069472059E-03 2.56166940493216477E-01
