#  time, MeanKE MeanKEDR MeanP MeanNuT MeanLesProduction
0 1.23799080025204067E-01 4.64267661059243077E-04 -1.51224789980457778E-17 2.99035278386962800E-04 3.19114792965771612E-04
5.89048623E-02 1.23733789473305267E-01 4.64186986914590419E-04 3.64177235201738501E-03 2.99123988656512874E-04 3.18990296724219096E-04
1.18428952E-01 1.23682142460943403E-01 4.64492488419256317E-04 3.63678162230165591E-03 2.99481938138311760E-04 3.19244550822581714E-04
1.78017052E-01 1.23634204788273666E-01 4.65148201136701342E-04 3.22031510353083718E-03 3.00032823612672247E-04 3.19840310999065910E-04
2.37694810E-01 1.23586442003545308E-01 4.66143418716570503E-04 2.63445325019973781E-03 3.00736342853534207E-04 3.20773848721178406E-04
2.97490467E-01 1.23537622548340734E-01 4.67477419069054140E-04 1.85262721640586732E-03 3.01567763618709262E-04 3.22055655090432603E-04
3.57432283E-01 1.23487293382898031E-01 4.69153710178476125E-04 8.79853048023271551E-04 3.02510629188239191E-04 3.23703006596695575E-04
4.17547486E-01 1.23435261906485294E-01 4.71178020418081391E-04 -2.76020638067195031E-04 3.03552798046082841E-04 3.25737171542521279E-04
4.77861726E-01 1.23381422818663225E-01 4.73557570730248807E-04 -1.60529477460624715E-03 3.04683586479397419E-04 3.28182197687960887E-04
5.38263980E-01 1.23325823943832569E-01 4.76294257886317489E-04 -3.09323950869088305E-03 3.05889784113332964E-04 3.31057303089077434E-04
5.98773440E-01 1.23268412854079232E-01 4.79394946597957474E-04 -4.72531527847872609E-03 3.07161535986431151E-04 3.34386905808512283E-04
6.59418368E-01 1.23209132047639225E-01 4.82867924130941527E-04 -6.48585303498037773E-03 3.08491480132757592E-04 3.38196800768748483E-04
7.20225148E-01 1.23147926224870433E-01 4.86722381668996571E-04 -8.35761843445029760E-03 3.09874776452222472E-04 3.42513319774225781E-04
7.81218026E-01 1.23084741893908722E-01 4.90968276716686287E-04 -1.03217120513221829E-02 3.11308798642969786E-04 3.47362900759619331E-04
8.42418894E-01 1.23019527623104655E-01 4.95616182537114485E-04 -1.23575311950578082E-02 3.12792756892971363E-04 3.52771661626180479E-04
9.03847101E-01 1.22952234522914358E-01 5.00677123838790721E-04 -1.44427609963792489E-02 3.14327419622867908E-04 3.58764977663249588E-04
9.65519312E-01 1.22882816793795799E-01 5.06162399578340789E-04 -1.65534020893071745E-02 3.15914943582357632E-04 3.65367068256687154E-04
1.02744941E+00 1.22811232259616404E-01 5.12083394935312301E-04 -1.86638432600452070E-02 3.17558759557532279E-04 3.72600604718882774E-04
1.08964846E+00 1.22737442830573723E-01 5.18451385624556986E-04 -2.07469862973299231E-02 3.19263403311101878E-04 3.80486356719131043E-04
1.15212469E+00 1.22661414846076594E-01 5.25277338834739880E-04 -2.27744287127946178E-02 3.21034128812850946E-04 3.89042899065012901E-04
1.21488358E+00 1.22583119250540218E-01 5.32571716196476820E-04 -2.47167078611586349E-02 3.22876228364871165E-04 3.98286401492512008E-04
1.27792801E+00 1.22502531558563499E-01 5.40344285214475520E-04 -2.65436073087347291E-02 3.24794320202734005E-04 4.08230521185711003E-04
1.34125836E+00 1.22419631570460596E-01 5.48603946433246490E-04 -2.82245231423339828E-02 3.26792103059327251E-04 4.18886415678884963E-04
1.40487286E+00 1.22334402802349640E-01 5.57358584125877536E-04 -2.97288843613063812E-02 3.28872702019284194E-04 4.30262897719583344E-04
1.46876781E+00 1.22246831599171032E-01 5.66614948430579956E-04 -3.10266178500797560E-02 3.31039159435439717E-04 4.42366758763438554E-04
1.53293793E+00 1.22156905909846111E-01 5.76378576585749852E-04 -3.20886451392739872E-02 3.33294664950844804E-04 4.55203284711558581E-04
1.59737681E+00 1.22064613720290233E-01 5.86653760174125059E-04 -3.28873954175568778E-02 3.35642501018810298E-04 4.68776976363121170E-04
1.66207727E+00 1.21969941156477371E-01 5.97443564028219114E-04 -3.33973169054191388E-02 3.38085838311773365E-04 4.83092473738205418E-04
1.72703185E+00 1.21872870283704401E-01 6.08749900727080713E-04 -3.35953624067175452E-02 3.40627477462767812E-04 4.98155670628180067E-04
1.79223329E+00 1.21773376639443126E-01 6.20573662579199862E-04 -3.34615849457561912E-02 3.43269588289410400E-04 5.13974993697535114E-04
1.85767501E+00 1.21671426545252592E-01 6.32914910868169456E-04 -3.29788932262173526E-02 3.46013491507954178E-04 5.30562810373720541E-04
1.92335159E+00 1.21566974243461925E-01 6.45773120042159900E-04 -3.21347709592947131E-02 3.48859526069161677E-04 5.47936922588449383E-04
1.98925926E+00 1.21459958909090893E-01 6.59147472959683905E-04 -3.09198137578873232E-02 3.51807018747741520E-04 5.66122102654678335E-04
2.05539633E+00 1.21350301565156887E-01 6.73037201978326019E-04 -2.93291235155861488E-02 3.54854338168028073E-04 5.85151629451808935E-04
2.12176362E+00 1.21237901928704706E-01 6.87441970322587369E-04 -2.73618558535441078E-02 3.57999003683124781E-04 6.05068789708875063E-04
2.18836482E+00 1.21122635187630751E-01 7.02362288384350141E-04 -2.50212960733935223E-02 3.61237828774531571E-04 6.25928316454450414E-04
2.25520684E+00 1.21004348690594093E-01 7.17799960687779521E-04 -2.23147356277435746E-02 3.64567088403915205E-04 6.47797745906469056E-04
2.32230003E+00 1.20882858508909313E-01 7.33758560978362982E-04 -1.92532762439434277E-02 3.67982703364593011E-04 6.70758685401766190E-04
2.38965846E+00 1.20757945806971898E-01 7.50243935164686729E-04 -1.58515676632164787E-02 3.71480437912842423E-04 6.94908000855674413E-04
2.45730000E+00 1.20629352937183146E-01 7.67264734467537385E-04 -1.21274917094688663E-02 3.75056112109387225E-04 7.20358957496525796E-04
2.52524648E+00 1.20496779158247719E-01 7.84832983935607100E-04 -8.10180630563903277E-03 3.78705832501632098E-04 7.47242389178176948E-04
2.59352365E+00 1.20359875864367069E-01 8.02964694313673590E-04 -3.79776268005360294E-03 3.82426237532404391E-04 7.75708035373056434E-04
2.66216122E+00 1.20218241210718918E-01 8.21680527954792386E-04 7.59292113903873808E-04 3.86214733149509431E-04 8.05926269349255351E-04
2.73119279E+00 1.20071414032579274E-01 8.41006531843846244E-04 5.54231680657024314E-03 3.90069661880117820E-04 8.38090527926910731E-04
2.80062973E+00 1.19918925427088346E-01 8.60967417737235779E-04 1.05211566607912050E-02 3.93988857139313203E-04 8.72407627273266923E-04
2.87039863E+00 1.19760447599867467E-01 8.81567852933072137E-04 1.56581381008112572E-02 3.97965827626721566E-04 9.09064711950127117E-04
2.94053264E+00 1.19595363901109961E-01 9.02848448175070338E-04 2.09218835754386677E-02 4.02000194077712411E-04 9.48329230555338310E-04
3.01106906E+00 1.19422975292549430E-01 9.24858470319799356E-04 2.62814018391436914E-02 4.06091531858577225E-04 9.90509367563404720E-04
3.08204917E+00 1.19242493000851088E-01 9.47656943157389599E-04 3.17064129505118600E-02 4.10238947485029235E-04 1.03596136998678704E-03
3.15351817E+00 1.19053031038856533E-01 9.71313735755042085E-04 3.71675734108361522E-02 4.14440823696429230E-04 1.08509627215024680E-03
3.22552499E+00 1.18853599269494112E-01 9.95910565641650080E-04 4.26367453820054657E-02 4.18694934773347920E-04 1.13838469830278874E-03
3.29812211E+00 1.18643097704490941E-01 1.02154178902446897E-03 4.80872213676885457E-02 4.22999305648706885E-04 1.19635826855271567E-03
3.37134706E+00 1.18420370812874903E-01 1.04830801440737500E-03 5.34925635031463578E-02 4.27353211457849819E-04 1.25958990701602737E-03
3.44516912E+00 1.18184384880615237E-01 1.07629407489317846E-03 5.88238506330061306E-02 4.31757322288720349E-04 1.32862657116101027E-03
3.51964704E+00 1.17933780448697970E-01 1.10562568359092719E-03 6.40584967393036664E-02 4.36226201885652192E-04 1.40411260547152004E-03
3.59473188E+00 1.17667511764638757E-01 1.13639078832723740E-03 6.91708516717531446E-02 4.40775874869613732E-04 1.48658150507916214E-03
3.67039016E+00 1.17384501922351822E-01 1.16867959611091188E-03 7.41387107754923336E-02 4.45423974364816825E-04 1.57654084620557195E-03
3.74668175E+00 1.17083346676826891E-01 1.20261429301732835E-03 7.89489581314993111E-02 4.50184536877295182E-04 1.67455761309759257E-03
3.82366765E+00 1.16762655170147042E-01 1.23830672138949068E-03 8.35906754570630017E-02 4.55057772514956440E-04 1.78113986323399877E-03
3.90140999E+00 1.16421095711626107E-01 1.27585075148556825E-03 8.80549328258157377E-02 4.60032611868422603E-04 1.89669224369695623E-03
3.97973638E+00 1.16058580895009228E-01 1.31519448081257530E-03 9.23213792638818559E-02 4.65076964436935076E-04 2.02107399655722820E-03
4.05771211E+00 1.15679283461760291E-01 1.35583417513490396E-03 9.63337486291778455E-02 4.70109082040175781E-04 2.15251891919734364E-03
4.13428059E+00 1.15289193601055454E-01 1.39709568973963639E-03 1.00043798733929060E-01 4.75044760309194822E-04 2.28843867384462751E-03
4.20975760E+00 1.14887911426113112E-01 1.43897266389700720E-03 1.03482091568143003E-01 4.79898944151306974E-04 2.42827560249163181E-03
4.28430417E+00 1.14475714409824583E-01 1.48136863658357388E-03 1.06665997654861025E-01 4.84692330785475183E-04 2.57113369932279387E-03
4.35767424E+00 1.14055203294353966E-01 1.52394973913966216E-03 1.09592867353456788E-01 4.89436801406376801E-04 2.71530760904303533E-03
4.43011300E+00 1.13626149411959379E-01 1.56666667633700244E-03 1.12281848583296012E-01 4.94179306114191151E-04 2.86011512729848110E-03
4.50185246E+00 1.13188089907973299E-01 1.60948496059402251E-03 1.14746987777087764E-01 4.98942801136480988E-04 3.00505992607293018E-03
4.57175323E+00 1.12749102702843468E-01 1.65157866442946989E-03 1.16953071925715343E-01 5.03630737717814599E-04 3.14715751297854921E-03
4.63991815E+00 1.12309660206588641E-01 1.69289221172810823E-03 1.18917217028687891E-01 5.08221609825896376E-04 3.28624409018056767E-03
4.70669929E+00 1.11868202351820878E-01 1.73356342549209146E-03 1.20660010423551942E-01 5.12719823084093200E-04 3.42299790507520239E-03
4.77240820E+00 1.11422988298565825E-01 1.77374667360887667E-03 1.22196032136751398E-01 5.17137976616066425E-04 3.55832951954920297E-03
4.83732529E+00 1.10972106270292872E-01 1.81361206159066728E-03 1.23536450590268465E-01 5.21493823194072847E-04 3.69337079048395658E-03
4.90170679E+00 1.10513477969727075E-01 1.85334195018621996E-03 1.24690293180640149E-01 5.25807005373553479E-04 3.82944612449535220E-03
4.96579001E+00 1.10044866850394246E-01 1.89312525992953629E-03 1.25665451747835222E-01 5.30097834084859222E-04 3.96802153383077859E-03
5.02979715E+00 1.09563892390741643E-01 1.93314935412752602E-03 1.26469925371244907E-01 5.34388195185672645E-04 4.11063083638366685E-03
5.09393813E+00 1.09068051131886126E-01 1.97358903834628924E-03 1.27112148712057726E-01 5.38702789417825332E-04 4.25878111445008797E-03
5.15815070E+00 1.08556883725023187E-01 2.01442641098224578E-03 1.27600756862381065E-01 5.43050868491530862E-04 4.41319704375166266E-03
5.22141997E+00 1.08038074753764729E-01 2.05499323563881333E-03 1.27944911344738538E-01 5.47374776251794283E-04 4.57179722253522706E-03
5.28409463E+00 1.07508698450617099E-01 2.09542958027249780E-03 1.28171319522499882E-01 5.51699686896375070E-04 4.73512006970342337E-03
5.34647375E+00 1.06966109848040433E-01 2.13578813273683412E-03 1.28305419922085384E-01 5.56036432894892988E-04 4.90286229356023950E-03
5.40829640E+00 1.06412745786518312E-01 2.17570623033587181E-03 1.28369660001858454E-01 5.60349110885470861E-04 5.07214719701304557E-03
5.46941246E+00 1.05850585960575866E-01 2.21485281794971426E-03 1.28404182457900029E-01 5.64608280558563983E-04 5.23911982333497873E-03
5.52898709E+00 1.05288610562763743E-01 2.25245553967039257E-03 1.28416225948245394E-01 5.68743958399388848E-04 5.39714605061646004E-03
5.58766229E+00 1.04722333508531898E-01 2.28869400095885103E-03 1.28429390625152989E-01 5.72801556020351784E-04 5.54334133845153874E-03
5.64599393E+00 1.04147739155203062E-01 2.32368495848104617E-03 1.28466916802682407E-01 5.76835771061762767E-04 5.67477621455823172E-03
5.70448186E+00 1.03561096918254589E-01 2.35749553796038742E-03 1.28545401648774704E-01 5.80910477173525214E-04 5.78917526164986554E-03
5.76358838E+00 1.02958823616362827E-01 2.39014063581380679E-03 1.28648176846822976E-01 5.85085586468206843E-04 5.88555574847927313E-03
5.82308038E+00 1.02344350370444606E-01 2.42123193114485722E-03 1.28816702970321662E-01 5.89342708014736869E-04 5.96374677647565962E-03
5.88246656E+00 1.01723978735583379E-01 2.45028569382303718E-03 1.29050870017519026E-01 5.93597032595519344E-04 6.02526789816210627E-03
5.94179311E+00 1.01098581015985123E-01 2.47713093006366250E-03 1.29366741763136145E-01 5.97776586590131019E-04 6.07273314463630323E-03
6.00110142E+00 1.00469123287971501E-01 2.50161546881956780E-03 1.29784211613939632E-01 6.01822935979840954E-04 6.10755902478698001E-03
6.06042925E+00 9.98366285103840234E-02 2.52362428818023047E-03 1.30328669261077862E-01 6.05713716802150424E-04 6.12953189315460379E-03
6.11981298E+00 9.92020510005597878E-02 2.54309675785532050E-03 1.31029206724767255E-01 6.09460428820411616E-04 6.13754438668830810E-03
6.17929080E+00 9.85660984398271933E-02 2.56003860344943641E-03 1.31916762131738918E-01 6.13084759670536831E-04 6.13111372463835680E-03
6.23785946E+00 9.79402309454653480E-02 2.57429315579447895E-03 1.33005987227065803E-01 6.16522545222218383E-04 6.11223337872386727E-03
6.29567823E+00 9.73230568729446521E-02 2.58614462862361135E-03 1.34311121931912913E-01 6.19732217105718503E-04 6.08519218893738539E-03
6.35297306E+00 9.67121052112634855E-02 2.59591473185990509E-03 1.35845197837467069E-01 6.22635849266727219E-04 6.05516433465843901E-03
6.40996995E+00 9.61046660321907692E-02 2.60394209758878009E-03 1.37618440199351710E-01 6.25161043622765285E-04 6.02672019323690321E-03
6.46690137E+00 9.54978117507087609E-02 2.61058358152260186E-03 1.39636694491996782E-01 6.27284653438939222E-04 6.00267757081710419E-03
6.52401192E+00 9.48883617914591665E-02 2.61621277475586724E-03 1.41902386323449564E-01 6.29050390006736138E-04 5.98370480525861007E-03
6.58156369E+00 9.42728040361590358E-02 2.62121577703746788E-03 1.44416012266755101E-01 6.30566000991474528E-04 5.96864878976304837E-03
6.63984134E+00 9.36471980280261795E-02 2.62598378925040302E-03 1.47177738182274587E-01 6.31988550504086104E-04 5.95529738645716317E-03
6.69915658E+00 9.30070881929306592E-02 2.63090108349536703E-03 1.50188843201582739E-01 6.33485697036582354E-04 5.94121672651350564E-03
6.75841379E+00 9.23631821832041205E-02 2.63619717155963223E-03 1.53380317756787399E-01 6.35133607986693724E-04 5.92482058232029953E-03
6.81748815E+00 9.17159423024472148E-02 2.64208831392200548E-03 1.56715471514865978E-01 6.36965742895677779E-04 5.90531643532122077E-03
6.87710823E+00 9.10566881989378213E-02 2.64877412130873000E-03 1.60205623728178231E-01 6.39013322619290457E-04 5.88289671644074037E-03
6.93571923E+00 9.04024775600040797E-02 2.65606656925530859E-03 1.63742893896212355E-01 6.41171263510405937E-04 5.86001490254968796E-03
6.99199317E+00 8.97690083573803171E-02 2.66361753954279506E-03 1.67219008200224395E-01 6.43273036073173832E-04 5.83960960817946073E-03
7.04678714E+00 8.91481352018068246E-02 2.67127655525489349E-03 1.70653268925442858E-01 6.45242815183833278E-04 5.82280319692278763E-03
7.10082247E+00 8.85333772069961805E-02 2.67885350649895923E-03 1.74071750531130054E-01 6.47038996682388484E-04 5.80919897661202889E-03
7.15474383E+00 8.79192291065476472E-02 2.68612794800911691E-03 1.77502361667901981E-01 6.48650880748312896E-04 5.79697847679721406E-03
7.20916247E+00 8.73006594732923802E-02 2.69285225403742600E-03 1.80973380808468642E-01 6.50104363197611941E-04 5.78344800151141258E-03
7.26466998E+00 8.66729438343501052E-02 2.69874632512973273E-03 1.84513108016545357E-01 6.51476053828680670E-04 5.76589555959850907E-03
7.31934566E+00 8.60593976501423108E-02 2.70331045353079105E-03 1.87996513909985424E-01 6.52805446211911721E-04 5.74380058111831609E-03
7.37354280E+00 8.54569814700208014E-02 2.70637863399126677E-03 1.91436145932866397E-01 6.54114544743807048E-04 5.71807248675483808E-03
7.42759235E+00 8.48625536447756429E-02 2.70781076546565023E-03 1.94846308400003526E-01 6.55342276225728110E-04 5.69075778547188400E-03
7.48181368E+00 8.42729442043134991E-02 2.70750067602690964E-03 1.98242266125495475E-01 6.56425397114176914E-04 5.66370306835936935E-03
7.53652342E+00 8.36849417184861583E-02 2.70538403178330247E-03 2.01638543998453157E-01 6.57305477762555167E-04 5.63758599718779813E-03
7.59191960E+00 8.30965065675232234E-02 2.70145642720430283E-03 2.05041749956400371E-01 6.57937049271114464E-04 5.61166873746015132E-03
7.64814566E+00 8.25059940701437927E-02 2.69579482283331933E-03 2.08454391265117805E-01 6.58322035031602324E-04 5.58405338691616952E-03
7.70571920E+00 8.19076492780991955E-02 2.68851336968662421E-03 2.11899766571448378E-01 6.58516719429576292E-04 5.55217947653190939E-03
7.76515437E+00 8.12955743261151165E-02 2.67978612820096371E-03 2.15398720409333888E-01 6.58601792867790281E-04 5.51389129344164418E-03
7.82696820E+00 8.06635324624415118E-02 2.66985721321347409E-03 2.18969026232141900E-01 6.58615403652906871E-04 5.46845561928833296E-03
7.89134526E+00 8.00082608924918559E-02 2.65909910383904657E-03 2.22605824516506567E-01 6.58508580081155776E-04 5.41770586508812189E-03
7.95597406E+00 7.93514805163747089E-02 2.64834022002478258E-03 2.26167330769450281E-01 6.58185156616928778E-04 5.36770221133096338E-03
8.01805311E+00 7.87200895659666416E-02 2.63839204828484643E-03 2.29495738191700022E-01 6.57609110396130360E-04 5.32467226543764400E-03
8.07842130E+00 7.81047613008363645E-02 2.62930551493691404E-03 2.32634315871589670E-01 6.56825689871440126E-04 5.28972768424644871E-03
8.13773705E+00 7.74985359754386260E-02 2.62104922987993179E-03 2.35614369579078636E-01 6.55971494655689549E-04 5.26190468895178058E-03
8.19654644E+00 7.68958568938290510E-02 2.61352318871197918E-03 2.38459631797898891E-01 6.55250105926322634E-04 5.23878538562630360E-03
8.25532481E+00 7.62919050528013537E-02 2.60656289028619740E-03 2.41186732376241303E-01 6.54707509482138584E-04 5.21742169853893142E-03
8.31450465E+00 7.56822625576587388E-02 2.59996147927318280E-03 2.43806848435546702E-01 6.54304740282198797E-04 5.19513426038419653E-03
8.37449553E+00 7.50627179972539471E-02 2.59349137006693875E-03 2.46326770677209789E-01 6.54030114809303989E-04 5.17001476832942841E-03
8.43569929E+00 7.44290937378144085E-02 2.58691032809714406E-03 2.48749338450514751E-01 6.53843018716202613E-04 5.14121738836019297E-03
8.49852228E+00 7.37771690220477006E-02 2.57996645278610803E-03 2.51073651544343746E-01 6.53669382579864983E-04 5.10899272389733847E-03
8.56002246E+00 7.31380495516669449E-02 2.57281302230631800E-03 2.53184710099798593E-01 6.53437383843324406E-04 5.07621968674813826E-03
8.62042776E+00 7.25100404892556061E-02 2.56531476850565621E-03 2.55094685578779012E-01 6.53057882003684896E-04 5.04414503064539929E-03
8.68034404E+00 7.18875161151452391E-02 2.55732534424845618E-03 2.56826240981998855E-01 6.52446989666178321E-04 5.01307444570500346E-03
8.74029124E+00 7.12659039606529932E-02 2.54872903584110180E-03 2.58394693849273327E-01 6.51571977523937324E-04 4.98244237384264446E-03
8.80074396E+00 7.06413311329400495E-02 2.53942718986565610E-03 2.59809736976624517E-01 6.50496326216493136E-04 4.95085090017427856E-03
8.86216074E+00 7.00103061239284452E-02 2.52932063431659561E-03 2.61076591793762525E-01 6.49419551695556898E-04 4.91637339531444430E-03
8.92500775E+00 6.93693831713934894E-02 2.51828229659459193E-03 2.62196574423041062E-01 6.48288586518363185E-04 4.87714518081816106E-03
8.98770692E+00 6.87359971925014385E-02 2.50657373540452092E-03 2.63139256044752745E-01 6.47045957107123654E-04 4.83331635036416025E-03
9.05017434E+00 6.81120978827165491E-02 2.49425400443498623E-03 2.63909799395572076E-01 6.45729719486825096E-04 4.78507524246296091E-03
9.11288131E+00 6.74940543519243485E-02 2.48128566251331478E-03 2.64520465285163486E-01 6.44401122914038823E-04 4.73276076781781012E-03
9.17630537E+00 6.68783069296728649E-02 2.46761468330018545E-03 2.64980052445094538E-01 6.43138257845314565E-04 4.67690858825114443E-03
9.24095304E+00 6.62611709949483263E-02 2.45315519326916786E-03 2.65294287277628049E-01 6.42007427811156612E-04 4.61801381383337636E-03
9.30738354E+00 6.56386684660615061E-02 2.43777726365865255E-03 2.65465730299133840E-01 6.41008964072170714E-04 4.55638434633245416E-03
9.37623647E+00 6.50063635293343378E-02 2.42129845268080441E-03 2.65491136226644109E-01 6.40104819506133590E-04 4.49206223471832096E-03
9.44826682E+00 6.43591502220243750E-02 2.40347520875924467E-03 2.65377343106982078E-01 6.39189213101955755E-04 4.42479434146831815E-03
9.52439214E+00 6.36909958230157391E-02 2.38399775222295114E-03 2.65090305848279195E-01 6.38081804013945677E-04 4.35383328207386219E-03
9.60113542E+00 6.30333647127031826E-02 2.36370369115481826E-03 2.64665060200709845E-01 6.36805799787945018E-04 4.28166414220652620E-03
9.67881892E+00 6.23833335254009788E-02 2.34255409104721073E-03 2.64093747439157700E-01 6.35531176609392310E-04 4.20654044663021972E-03
9.75789653E+00 6.17367010036918989E-02 2.32050869167834371E-03 2.63373600542329778E-01 6.34225649018770456E-04 4.12640183316800684E-03
9.83887976E+00 6.10886782297383746E-02 2.29756876555568769E-03 2.62492925127463306E-01 6.32857569570035249E-04 4.03940912233701974E-03
9.92232938E+00 6.04341264609925058E-02 2.27380790898450277E-03 2.61430911598591720E-01 6.31524078191610691E-04 3.94458259659391519E-03
1.00081831E+01 5.97727658769956899E-02 2.24955692298121034E-03 2.60168114974533626E-01 6.30270866229555257E-04 3.84348528789978106E-03
1.00955926E+01 5.91101352617395062E-02 2.22540513140994040E-03 2.58696672695575169E-01 6.28913148198698146E-04 3.74117006968261627E-03
1.01835589E+01 5.84527500472824466E-02 2.20193110648632352E-03 2.57017718576467769E-01 6.27316412736383965E-04 3.64439378727795431E-03
1.02720904E+01 5.77998176203220262E-02 2.17931511961251068E-03 2.55118900943068605E-01 6.25383389781195356E-04 3.55779678300945047E-03
1.03614995E+01 5.71489526562953265E-02 2.15752430195111826E-03 2.52984270791456189E-01 6.23039015304519515E-04 3.48283279427357220E-03
1.04526062E+01 5.64948637166311635E-02 2.13629799650969952E-03 2.50585660535332766E-01 6.20474814507807645E-04 3.41810091447174256E-03
1.05428601E+01 5.58566002797470026E-02 2.11602986103609806E-03 2.47995292572455145E-01 6.17860866422960744E-04 3.36462248838729052E-03
1.06316625E+01 5.52387794520185840E-02 2.09656587484604315E-03 2.45247410266948435E-01 6.14942457050008675E-04 3.32203086241413632E-03
1.07201102E+01 5.46345587547616696E-02 2.07740298226498496E-03 2.42324945860205920E-01 6.11744603638075183E-04 3.28545528011395119E-03
1.08088739E+01 5.40407369947979027E-02 2.05817113569647112E-03 2.39217662213085297E-01 6.08753838347835885E-04 3.24539273455226943E-03
1.08917077E+01 5.34991586362019364E-02 2.04004305742000848E-03 2.36170808032572982E-01 6.06512510671742872E-04 3.19724055890878434E-03
1.09695214E+01 5.30020674078739845E-02 2.02269527329645982E-03 2.33181389698567998E-01 6.04763768895323845E-04 3.14126337963107575E-03
1.10445906E+01 5.25334360680658821E-02 2.00555600032677412E-03 2.30182530012755349E-01 6.03317150753334103E-04 3.08080889825976647E-03
1.11186912E+01 5.20812323175409361E-02 1.98819803623121513E-03 2.27114344764101889E-01 6.02355424770120176E-04 3.01983094722698591E-03
1.11934032E+01 5.16348005753715644E-02 1.97022340616368006E-03 2.23915758287592498E-01 6.01399214281887555E-04 2.96136339995481607E-03
1.12703301E+01 5.11841011489605757E-02 1.95129637659212092E-03 2.20523218984414876E-01 6.00165073204419141E-04 2.90619920708810224E-03
1.13477397E+01 5.07386836596073060E-02 1.93199528723239904E-03 2.17022756411421464E-01 5.98524304413252544E-04 2.85455682212908124E-03
1.14257524E+01 5.02969796342732575E-02 1.91252804737631157E-03 2.13432973247676405E-01 5.96548560541673755E-04 2.80342615782732535E-03
1.15054552E+01 4.98520722449164733E-02 1.89289360240982611E-03 2.09738907400447899E-01 5.94477679266880964E-04 2.75031215954174048E-03
1.15880528E+01 4.93965073900774349E-02 1.87306683018293742E-03 2.05934156334164065E-01 5.92218622320420714E-04 2.69595835169145898E-03
1.16746338E+01 4.89235942985529540E-02 1.85308633029838683E-03 2.02042068076145220E-01 5.89739868919765607E-04 2.64363163232874017E-03
1.17574497E+01 4.84741099008504858E-02 1.83488527830625312E-03 1.98486864905231014E-01 5.87320228707855288E-04 2.60096938095947736E-03
1.18385631E+01 4.80356098822976099E-02 1.81802296990311711E-03 1.95247423073969140E-01 5.84777747213463604E-04 2.56656435887528357E-03
1.19196100E+01 4.75987393246214557E-02 1.80220403275527610E-03 1.92315825828854314E-01 5.82221156414873737E-04 2.53729573468687488E-03
1.20020501E+01 4.71554400939015322E-02 1.78720987630651834E-03 1.89711017731357928E-01 5.79812244462807064E-04 2.50994498145409731E-03
1.20873263E+01 4.66978386654977595E-02 1.77286214159495803E-03 1.87472967397761092E-01 5.77573279321411874E-04 2.48342011900126334E-03
1.21769851E+01 4.62175078849279830E-02 1.75900722232844877E-03 1.85664003923008275E-01 5.75298198977454650E-04 2.46009264734415060E-03
1.22671595E+01 4.57348783593509792E-02 1.74625543984257810E-03 1.84454639815721189E-01 5.72796734771092260E-04 2.44513917916305964E-03
1.23568109E+01 4.52555499606432030E-02 1.73466366383171161E-03 1.83868877694420757E-01 5.70008978785338581E-04 2.43976362493175582E-03
1.24483768E+01 4.47671580117277243E-02 1.72385488547623501E-03 1.83865411760250813E-01 5.67042404410628164E-04 2.44077016269746150E-03
1.25444632E+01 4.42571463601970846E-02 1.71349825441794454E-03 1.84460554043549552E-01 5.64366402901739705E-04 2.44237330789741792E-03
1.26442343E+01 4.37316177867098713E-02 1.70350488818730734E-03 1.85685528597087646E-01 5.62422639735202126E-04 2.43901822286343023E-03
1.27375660E+01 4.32445383229620589E-02 1.69432108348992107E-03 1.87398823318069896E-01 5.60894322115893353E-04 2.42958075583256600E-03
1.28273008E+01 4.27817125647966187E-02 1.68518911266513430E-03 1.89437354100403771E-01 5.59543987499238000E-04 2.41447596315819352E-03
1.29153780E+01 4.23339972895691030E-02 1.67564019334059022E-03 1.91735980892327823E-01 5.58310709471583708E-04 2.39371176368167364E-03
1.30032635E+01 4.18947346278900137E-02 1.66537722801412083E-03 1.94276526459442295E-01 5.57099585561456447E-04 2.36708989512963638E-03
1.30921754E+01 4.14585540899258392E-02 1.65421140964502260E-03 1.97052015351353277E-01 5.55965766808814424E-04 2.33452189667387620E-03
1.31832172E+01 4.10206940042972396E-02 1.64200059169383739E-03 2.00063686043803896E-01 5.54857905957723192E-04 2.29645541948166792E-03
1.32774664E+01 4.05766337413292766E-02 1.62861172966603449E-03 2.03319753847961554E-01 5.53541464440948324E-04 2.25383097482494913E-03
1.33760384E+01 4.01219250097396909E-02 1.61391840349651397E-03 2.06834564941830029E-01 5.51928697583328591E-04 2.20759830575802769E-03
1.34801408E+01 3.96520634284490345E-02 1.59777616858651559E-03 2.10628753796961138E-01 5.50063839811207821E-04 2.15851810464742994E-03
1.35842816E+01 3.91921079984267548E-02 1.58107433356006804E-03 2.14493075385156634E-01 5.48116948148935743E-04 2.11033633414849185E-03
1.36877213E+01 3.87448789319028569E-02 1.56398813069981327E-03 2.18361079149079790E-01 5.46035314772963173E-04 2.06441788855920563E-03
1.37907695E+01 3.83088132789339078E-02 1.54649537914743084E-03 2.22217484313035174E-01 5.43638955594339919E-04 2.02140879983322367E-03
1.38937337E+01 3.78826580945367461E-02 1.52854242079944469E-03 2.26058579829970407E-01 5.40823864778656300E-04 1.98142263763927953E-03
1.39969181E+01 3.74653617796640789E-02 1.51005488089563469E-03 2.29885059670916742E-01 5.37632213884906766E-04 1.94382575885307992E-03
1.41006222E+01 3.70559737007839299E-02 1.49094950070148536E-03 2.33700512462694215E-01 5.34202256095525217E-04 1.90731654104635490E-03
1.42038823E+01 3.66583393774878932E-02 1.47138580274418338E-03 2.37466408522566813E-01 5.30711404471115897E-04 1.87072775466384680E-03
1.43061153E+01 3.62743944995906342E-02 1.45149051922471481E-03 2.41159742946258249E-01 5.27275515653325387E-04 1.83299244029835298E-03
1.44076165E+01 3.59025776957768578E-02 1.43125305765815902E-03 2.44789543100383061E-01 5.23924431736601378E-04 1.79333106643511327E-03
1.45086605E+01 3.55414167988312227E-02 1.41068347817734324E-03 2.48364680390139425E-01 5.20665109510571092E-04 1.75159301544918476E-03
1.46094983E+01 3.51895463384690604E-02 1.38980794192987965E-03 2.51893135019393144E-01 5.17473525667304130E-04 1.70808999302673428E-03
1.47103543E+01 3.48457311306130529E-02 1.36866778076793105E-03 2.55381451041411578E-01 5.14279199479948700E-04 1.66334170240616365E-03
1.48114238E+01 3.45088812508593454E-02 1.34732023837843672E-03 2.58834456384248623E-01 5.11024410858278719E-04 1.61786389619555438E-03
1.49057119E+01 3.42011330361492449E-02 1.32734152588755432E-03 2.62021178011502542E-01 5.07937457851973971E-04 1.57529873687962583E-03
1.50000000E+01 3.38993144453949291E-02 1.30739731915812318E-03 2.65161275237193128E-01 5.04836903671560910E-04 1.53300819110645183E-03
