#  time, MeanKE MeanKEDR MeanP MeanNuT MeanLesProduction
0 1.24699045417004245E-01 4.67622748076392068E-04 -1.16783768910644872E-17 7.50663281971195761E-05 8.04739267400854288E-05
2.94524311E-02 1.24676950492648111E-01 4.67581912337155863E-04 9.36632681148636694E-04 7.50721502098788393E-05 8.04612335105286768E-05
5.89828567E-02 1.24659070883061870E-01 4.67641348892160040E-04 9.35142915050565186E-04 7.50989547525702351E-05 8.04732444501460656E-05
8.85221483E-02 1.24642545061289578E-01 4.67790418364474349E-04 8.12592492201529536E-04 7.51419049825121510E-05 8.05069437313341734E-05
1.18073613E-01 1.24626400159216250E-01 4.68025660824207481E-04 6.33000501107090384E-04 7.51983732069304279E-05 8.05615027747077887E-05
1.47640983E-01 1.24610307502137835E-01 4.68346137418533656E-04 3.89690625057512413E-04 7.52666505736462589E-05 8.06368898371849122E-05
1.77228099E-01 1.24594153889896767E-01 4.68751822822171724E-04 8.24533499760586635E-05 7.53455085471480820E-05 8.07333879045552119E-05
2.06838791E-01 1.24577897993004491E-01 4.69243065485304835E-04 -2.88545989840545707E-04 7.54339797477120719E-05 8.08514302319846977E-05
2.36472257E-01 1.24561524979606528E-01 4.69820310938507280E-04 -7.22465253345305281E-04 7.55311989290379752E-05 8.09915194307763971E-05
2.66116472E-01 1.24545034263802659E-01 4.70483817386401404E-04 -1.21847898456687730E-03 7.56363110110817486E-05 8.11541495208643339E-05
2.95775366E-01 1.24528419191064110E-01 4.71234198454778660E-04 -1.77569511262788172E-03 7.57485842025403683E-05 8.13399322885516172E-05
3.25452794E-01 1.24511674007736772E-01 4.72072172542688175E-04 -2.39316303217582864E-03 7.58673919712946391E-05 8.15495334137835494E-05
3.55152532E-01 1.24494793261296338E-01 4.72998558990267784E-04 -3.06984496854578780E-03 7.59922122412268452E-05 8.17836681494691823E-05
3.84878257E-01 1.24477771600969303E-01 4.74014275571929566E-04 -3.80460807186236210E-03 7.61226119709986979E-05 8.20430976454768147E-05
4.14633537E-01 1.24460603712784224E-01 4.75120336318881860E-04 -4.59621945920441789E-03 7.62582315384508749E-05 8.23286255537825497E-05
4.44421820E-01 1.24443284299805834E-01 4.76317849336521713E-04 -5.44334070438311571E-03 7.63987730905491745E-05 8.26410947611437531E-05
4.74246422E-01 1.24425808077773203E-01 4.77608014504301214E-04 -6.34452192668649023E-03 7.65439927708307826E-05 8.29813841789175981E-05
5.04110518E-01 1.24408169776173527E-01 4.78992121019490243E-04 -7.29819557498240148E-03 7.66936959878449447E-05 8.33504055544768350E-05
5.34017128E-01 1.24390364141386545E-01 4.80471544770870505E-04 -8.30266998213181548E-03 7.68477346470221214E-05 8.37491002860260255E-05
5.63969115E-01 1.24372385940733993E-01 4.82047745536782525E-04 -9.35612276265808569E-03 7.70060038929986089E-05 8.41784362339564754E-05
5.93969170E-01 1.24354229967018101E-01 4.83722264004858300E-04 -1.04565941338890626E-02 7.71684328008183135E-05 8.46394045279221603E-05
6.24019807E-01 1.24335891043382357E-01 4.85496718611860855E-04 -1.16019802479809375E-02 7.73349635002673651E-05 8.51330163599683248E-05
6.54123356E-01 1.24317364028433130E-01 4.87372802202316478E-04 -1.27900266299224036E-02 7.75055273878875632E-05 8.56602997250724689E-05
6.84281958E-01 1.24298643821580831E-01 4.89352278504312141E-04 -1.40183218272818925E-02 7.76800416183539606E-05 8.62222960610341976E-05
7.14488915E-01 1.24279730748940401E-01 4.91436367410785541E-04 -1.52839322355302742E-02 7.78583771543093421E-05 8.68198808117235629E-05
7.44741975E-01 1.24260622438139415E-01 4.93626577996742204E-04 -1.65839097560816391E-02 7.80404549894896793E-05 8.74539948911309768E-05
7.75043456E-01 1.24241313649225707E-01 4.95924790998407850E-04 -1.79153354883580078E-02 7.82262583647252096E-05 8.81256699829355999E-05
8.05395477E-01 1.24221799205659830E-01 4.98332949894051747E-04 -1.92751286117301864E-02 7.84158057600816907E-05 8.88359393285490515E-05
8.35799954E-01 1.24202073991295237E-01 5.00853056563282158E-04 -2.06600379628556000E-02 7.86091484019968466E-05 8.95858346682810552E-05
8.66258594E-01 1.24182132953130575E-01 5.03487166760604402E-04 -2.20666390457756843E-02 7.88063673388207019E-05 9.03763832583380196E-05
8.96772895E-01 1.24161971105937644E-01 5.06237385398542166E-04 -2.34913321298344697E-02 7.90075702244909955E-05 9.12086049860013303E-05
9.27344141E-01 1.24141583537289865E-01 5.09105861639962544E-04 -2.49303415443528978E-02 7.92128871039652098E-05 9.20835096083743313E-05
9.57973403E-01 1.24120965412454182E-01 5.12094783801805083E-04 -2.63797163228225440E-02 7.94224645929132261E-05 9.30020941404945958E-05
9.88661534E-01 1.24100111978913547E-01 5.15206374074260757E-04 -2.78353323530957722E-02 7.96364588656436103E-05 9.39653404152156007E-05
1.01940918E+00 1.24079018570385544E-01 5.18442883061275180E-04 -2.92928961870028565E-02 7.98550293523459393E-05 9.49742128332947596E-05
1.05021676E+00 1.24057680610225082E-01 5.21806584150464746E-04 -3.07479506494821135E-02 8.00783355464647199E-05 9.60296563245355029E-05
1.08108450E+00 1.24036093614100312E-01 5.25299767723307683E-04 -3.21958823619988843E-02 8.03065377733872497E-05 9.71325945534751286E-05
1.11201241E+00 1.24014253191821203E-01 5.28924735219925800E-04 -3.36319312652899119E-02 8.05398004105642939E-05 9.82839284202846966E-05
1.14300028E+00 1.23992155048191013E-01 5.32683793076914195E-04 -3.50512022264022408E-02 8.07782951274830038E-05 9.94845349189181185E-05
1.17404772E+00 1.23969794982749112E-01 5.36579246561237708E-04 -3.64486788585208429E-02 8.10222025672550548E-05 1.00735266416096219E-04
1.20515414E+00 1.23947168888285081E-01 5.40613393528182056E-04 -3.78192396726311497E-02 8.12717121437777197E-05 1.02036950410207576E-04
1.23631877E+00 1.23924272748001343E-01 5.44788518136585546E-04 -3.91576765687831896E-02 8.15270203333709129E-05 1.03390389823407547E-04
1.26754063E+00 1.23901102631215884E-01 5.49106884560090699E-04 -4.04587155552579777E-02 8.17883280319565617E-05 1.04796363875001966E-04
1.29881859E+00 1.23877654687499492E-01 5.53570730739014086E-04 -4.17170395805148420E-02 8.20558375397045683E-05 1.06255629579685875E-04
1.33015135E+00 1.23853925139151264E-01 5.58182262223436815E-04 -4.29273133945513863E-02 8.23297496711261249E-05 1.07768923910307420E-04
1.36153746E+00 1.23829910271926566E-01 5.62943646164205578E-04 -4.40842103249906719E-02 8.26102613658804191E-05 1.09336966661689318E-04
1.39297533E+00 1.23805606423941506E-01 5.67857005514567489E-04 -4.51824407864632460E-02 8.28975639765963700E-05 1.10960464049538862E-04
1.42446321E+00 1.23781009972691897E-01 5.72924413510949486E-04 -4.62167822773356385E-02 8.31918421796445549E-05 1.12640113075784758E-04
1.45599926E+00 1.23756117320143189E-01 5.78147888506788752E-04 -4.71821105691019593E-02 8.34932732808193692E-05 1.14376606687525376E-04
1.48758153E+00 1.23730924875862389E-01 5.83529389238195118E-04 -4.80734317521123028E-02 8.38020266327781175E-05 1.16170639750147505E-04
1.51920797E+00 1.23705429038185807E-01 5.89070810604322404E-04 -4.88859147661532475E-02 8.41182629404701613E-05 1.18022915845798480E-04
1.55087645E+00 1.23679626173439694E-01 5.94773980048647643E-04 -4.96149240111594184E-02 8.44421333505983204E-05 1.19934154896901736E-04
1.58258480E+00 1.23653512593247569E-01 6.00640654629590494E-04 -5.02560516095941281E-02 8.47737783412266989E-05 1.21905101601827435E-04
1.61433079E+00 1.23627084529980988E-01 6.06672518870012977E-04 -5.08051615247762239E-02 8.51133265091916555E-05 1.23936534658563571E-04
1.64611217E+00 1.23600338110480198E-01 6.12871183475084376E-04 -5.12583547606808854E-02 8.54608933854724101E-05 1.26029276732068788E-04
1.67792669E+00 1.23573269327842003E-01 6.19238185005243041E-04 -5.16121359123588863E-02 8.58165803858881187E-05 1.28184205136561781E-04
1.70977208E+00 1.23545874012005022E-01 6.25774986591883658E-04 -5.18632861387018362E-02 8.61804739698716156E-05 1.30402263154534462E-04
1.74164615E+00 1.23518147798491212E-01 6.32482979772946009E-04 -5.20089803801853101E-02 8.65526450161129978E-05 1.32684471948914349E-04
1.77354672E+00 1.23490086095895249E-01 6.39363487525430505E-04 -5.20467776798858445E-02 8.69331483909287114E-05 1.35031942996964642E-04
1.80547169E+00 1.23461684052049228E-01 6.46417768561600363E-04 -5.19746593399788709E-02 8.73220226668402490E-05 1.37445890979746019E-04
1.83741907E+00 1.23432936518995395E-01 6.53647022948540351E-04 -5.17909847196413656E-02 8.77192899567210869E-05 1.39927647061327212E-04
1.86938695E+00 1.23403838016821477E-01 6.61052399100130412E-04 -5.14946060569844016E-02 8.81249558513921084E-05 1.42478672490685805E-04
1.90137356E+00 1.23374382696486040E-01 6.68635002181863086E-04 -5.10847672534425687E-02 8.85390094741356150E-05 1.45100572469598530E-04
1.93337729E+00 1.23344564301628545E-01 6.76395903955873470E-04 -5.05611724739866153E-02 8.89614236851839191E-05 1.47795110232644427E-04
1.96539669E+00 1.23314376129433190E-01 6.84336154083483401E-04 -4.99239625280218785E-02 8.93921554769771729E-05 1.50564221299497313E-04
1.99743048E+00 1.23283810990542336E-01 6.92456792890333941E-04 -4.91737132890759654E-02 8.98311465967003561E-05 1.53410027872124025E-04
2.02947761E+00 1.23252861167999814E-01 7.00758865587993102E-04 -4.83114268167176356E-02 9.02783244194753251E-05 1.56334853365713025E-04
2.06153724E+00 1.23221518375179959E-01 7.09243437935142061E-04 -4.73385190472252401E-02 9.07336030788925976E-05 1.59341237079900191E-04
2.09360877E+00 1.23189773712622505E-01 7.17911613311758155E-04 -4.62568042510477645E-02 9.11968848465384059E-05 1.62431949035911534E-04
2.12569185E+00 1.23157617623669016E-01 7.26764551171189387E-04 -4.50684765703861581E-02 9.16680617422755350E-05 1.65610005025098076E-04
2.15778639E+00 1.23125039848764634E-01 7.35803486828392854E-04 -4.37760890017197812E-02 9.21470173530459586E-05 1.68878681934715556E-04
2.18989259E+00 1.23092029378264772E-01 7.45029752537842613E-04 -4.23825302199759418E-02 9.26336288381634588E-05 1.72241533437487196E-04
2.22201094E+00 1.23058574403552209E-01 7.54444799812176940E-04 -4.08909996639854403E-02 9.31277691003855828E-05 1.75702406152305953E-04
2.25414223E+00 1.23024662266250681E-01 7.64050222932662949E-04 -3.93049813149772762E-02 9.36293091016555338E-05 1.79265456404055756E-04
2.28628755E+00 1.22990279405291517E-01 7.73847783605171560E-04 -3.76282166006371571E-02 9.41381202989586868E-05 1.82935167730243549E-04
2.31844830E+00 1.22955411301564357E-01 7.83839436720529248E-04 -3.58646768488744758E-02 9.46540771702060083E-05 1.86716369299741604E-04
2.35062622E+00 1.22920042419865913E-01 7.94027357185927529E-04 -3.40185356968777525E-02 9.51770597953929077E-05 1.90614255422879409E-04
2.38282334E+00 1.22884156147830451E-01 8.04413967804203122E-04 -3.20941418365863346E-02 9.57069564582667355E-05 1.94634406341081178E-04
2.41504204E+00 1.22847734731512157E-01 8.15001968190081803E-04 -3.00959924429016340E-02 9.62436662406587046E-05 1.98782810488568344E-04
2.44728500E+00 1.22810759207266237E-01 8.25794364726573516E-04 -2.80287075936285976E-02 9.67871015938942878E-05 2.03065888422079063E-04
2.47955522E+00 1.22773209329562150E-01 8.36794501579916786E-04 -2.58970059489640400E-02 9.73371908820423433E-05 2.07490518626073220E-04
2.51185601E+00 1.22735063494339908E-01 8.48006092807415289E-04 -2.37056819091279146E-02 9.78938808880755153E-05 2.12064065435123392E-04
2.54419021E+00 1.22696299617081395E-01 8.59432973784785914E-04 -2.14596385845042294E-02 9.84571254026215512E-05 2.16794291843469691E-04
2.57654573E+00 1.22656912868593204E-01 8.71073887421198361E-04 -1.91648820120191854E-02 9.90266321980205879E-05 2.21687160275037796E-04
2.60892597E+00 1.22616879112899188E-01 8.82933239462506381E-04 -1.68264531361635578E-02 9.96023937224473446E-05 2.26751292945754051E-04
2.64133464E+00 1.22576172546115192E-01 8.95015928858504850E-04 -1.44493686952890631E-02 1.00184428842995784E-04 2.31995900984668116E-04
2.67377575E+00 1.22534765610652394E-01 9.07327387699564383E-04 -1.20386063621293268E-02 1.00772783105134765E-04 2.37430828041560891E-04
2.70625364E+00 1.22492628892493058E-01 9.19873621382672185E-04 -9.59910047704142649E-03 1.01367527687789197E-04 2.43066599282068286E-04
2.73877290E+00 1.22449731009077190E-01 9.32661249662919889E-04 -7.13573094891820168E-03 1.01968757085066388E-04 2.48914476494482579E-04
2.77133842E+00 1.22406038489774882E-01 9.45697548862646422E-04 -4.65332525245494653E-03 1.02576585911773121E-04 2.54986519325149956E-04
2.80395533E+00 1.22361515649627939E-01 9.58990495370460206E-04 -2.15659221134435926E-03 1.03191145643874641E-04 2.61295651925272539E-04
2.83662903E+00 1.22316124456945785E-01 9.72548810562975843E-04 3.49756610120098652E-04 1.03812582391205697E-04 2.67855733822416843E-04
2.86936511E+00 1.22269824393856613E-01 9.86382007158663476E-04 2.86115420018382945E-03 1.04441056694895684E-04 2.74681633941147930E-04
2.90216939E+00 1.22222572310873939E-01 1.00050043710461756E-03 5.37309256536219141E-03 1.05076745806638000E-04 2.81789307915847125E-04
2.93504788E+00 1.22174292835229500E-01 1.01491479958249397E-03 7.88410517551474226E-03 1.05719823141329751E-04 2.89195591089331952E-04
2.96798985E+00 1.22124981066200108E-01 1.02962996269548540E-03 1.03830102450915302E-02 1.06370190470934529E-04 2.96914994315961554E-04
3.00099333E+00 1.22074605584357856E-01 1.04465495249524750E-03 1.28675550369244385E-02 1.07027926142796545E-04 3.04964778088882621E-04
3.03406458E+00 1.22023115964260284E-01 1.06000324016005580E-03 1.53336236178836897E-02 1.07693282428857821E-04 3.13365384417319665E-04
3.06721006E+00 1.21970457024369400E-01 1.07568934258508195E-03 1.77772107730049915E-02 1.08366513693242022E-04 3.22138850116364102E-04
3.10043638E+00 1.21916569605871661E-01 1.09172889183790619E-03 2.01944160570834558E-02 1.09047849064388203E-04 3.31309014384460537E-04
3.13375027E+00 1.21861390719145063E-01 1.10813869378633832E-03 2.25814411787666793E-02 1.09737458997559832E-04 3.40901739770139360E-04
3.16715861E+00 1.21804853478521088E-01 1.12493678398635673E-03 2.49345873101073125E-02 1.10435426815813916E-04 3.50945129666358890E-04
3.20066837E+00 1.21746886966290976E-01 1.14214248365127166E-03 2.72502521729192926E-02 1.11141737654890037E-04 3.61469720324633116E-04
3.23428658E+00 1.21687416072108645E-01 1.15977645663347642E-03 2.95249271956695251E-02 1.11856292477884991E-04 3.72508632880701965E-04
3.26802036E+00 1.21626361321582152E-01 1.17786076759764688E-03 3.17551949474908432E-02 1.12578945682751717E-04 3.84097688173636531E-04
3.30185737E+00 1.21563675566263255E-01 1.19640816963286867E-03 3.39364687094455622E-02 1.13309135544804786E-04 3.96268354933702297E-04
3.33579568E+00 1.21499290630791165E-01 1.21543781291421705E-03 3.60650464525572589E-02 1.14046569764893833E-04 4.09057642894380036E-04
3.36984280E+00 1.21433116593470308E-01 1.23497534808621840E-03 3.81379695084729450E-02 1.14791245038453998E-04 4.22508655737373513E-04
3.40400631E+00 1.21365058533383127E-01 1.25504799353003409E-03 4.01523718420750061E-02 1.15543241419637578E-04 4.36667658883039449E-04
3.43829379E+00 1.21295016422747218E-01 1.27568458914011909E-03 4.21054822596670791E-02 1.16302672045278679E-04 4.51584346027310150E-04
3.47271283E+00 1.21222884990131397E-01 1.29691564362538155E-03 4.39946248002473922E-02 1.17069601057738412E-04 4.67312068571274527E-04
3.50727103E+00 1.21148553593354191E-01 1.31877337480479253E-03 4.58172168484878364E-02 1.17843972785891218E-04 4.83907920685442599E-04
3.54197366E+00 1.21071911279914610E-01 1.34129024465917766E-03 4.75706506624147402E-02 1.18625548678322852E-04 5.01431404281556790E-04
3.57682139E+00 1.20992852783249810E-01 1.36449723784064832E-03 4.92522077757424279E-02 1.19413915328557053E-04 5.19942440819227600E-04
3.61181701E+00 1.20911264029228166E-01 1.38842806718257237E-03 5.08594291878414068E-02 1.20208739780554657E-04 5.39503836285388258E-04
3.64695764E+00 1.20827040543546760E-01 1.41311379152087848E-03 5.23897428443742263E-02 1.21009699708249301E-04 5.60175960352196959E-04
3.68224788E+00 1.20740056714461405E-01 1.43859167508362412E-03 5.38410865232816921E-02 1.21816852388316872E-04 5.82023049471461196E-04
3.71768974E+00 1.20650189252421353E-01 1.46489825960098054E-03 5.52114112985282943E-02 1.22630430304371084E-04 6.05106519350052767E-04
3.75307142E+00 1.20557884651763314E-01 1.49190586783373648E-03 5.64908584777374517E-02 1.23445939293218774E-04 6.29335438099089630E-04
3.78826580E+00 1.20463423857481114E-01 1.51953593731000893E-03 5.76752557683711115E-02 1.24260880332945545E-04 6.54647312051790720E-04
3.82330676E+00 1.20366673773769667E-01 1.54782888037397533E-03 5.87664943546944291E-02 1.25076474256864201E-04 6.81078507325841602E-04
3.85822300E+00 1.20267507034378399E-01 1.57682193261939529E-03 5.97667772415336751E-02 1.25893845317271959E-04 7.08657235977209576E-04
3.89303835E+00 1.20165804665652201E-01 1.60654889836906747E-03 6.06772280373428716E-02 1.26714068996014272E-04 7.37402452731773903E-04
3.92777222E+00 1.20061457359162835E-01 1.63703986122740327E-03 6.14990438044568030E-02 1.27538225184326790E-04 7.67323051317330578E-04
3.96240012E+00 1.19954492672863400E-01 1.66828463476700775E-03 6.22323388767732841E-02 1.28366469021244867E-04 7.98381273592592834E-04
3.99676804E+00 1.19845375126882564E-01 1.70014718471075553E-03 6.28750597963572272E-02 1.29195898563952329E-04 8.30404909940692972E-04
4.03090853E+00 1.19734006347605657E-01 1.73265334786672958E-03 6.34303127024659630E-02 1.30028070333876495E-04 8.63376837079311908E-04
4.06484845E+00 1.19620298057344213E-01 1.76582397575529072E-03 6.39005884651109718E-02 1.30864417749227991E-04 8.97273637242592000E-04
4.09860972E+00 1.19504172910181977E-01 1.79967546926349258E-03 6.42880402471273510E-02 1.31706239933622899E-04 9.32067575737941336E-04
4.13221007E+00 1.19385563517925439E-01 1.83422039518778605E-03 6.45946462420909362E-02 1.32554690531634808E-04 9.67728769090683881E-04
4.16566392E+00 1.19264410514835412E-01 1.86946823384166998E-03 6.48222639846672000E-02 1.33410764961512819E-04 1.00422750371892346E-03
4.19898312E+00 1.19140660009652913E-01 1.90542623962281052E-03 6.49726611334299764E-02 1.34275293609109408E-04 1.04153665137764694E-03
4.23217786E+00 1.19014260629431740E-01 1.94210035952443083E-03 6.50404467418699977E-02 1.35148956004683323E-04 1.07963418089913302E-03
4.26525743E+00 1.18885160331909878E-01 1.97949613274828141E-03 6.50660589256859545E-02 1.36032323156345584E-04 1.11850584062106375E-03
4.29823100E+00 1.18753303129624066E-01 2.01761948605308321E-03 6.49673286424607560E-02 1.36925913366051365E-04 1.15814811525838889E-03
4.33110828E+00 1.18618625961727550E-01 2.05647733485806155E-03 6.48406360814805932E-02 1.37830231668647048E-04 1.19857142392721218E-03
4.36390020E+00 1.18481055715625311E-01 2.09607791047271329E-03 6.46303362403913007E-02 1.38745772119239653E-04 1.23980323450544158E-03
4.39661936E+00 1.18340506671067228E-01 2.13643073946205705E-03 6.43564829778184438E-02 1.39672986788059035E-04 1.28189033886456959E-03
4.42922368E+00 1.18197137304338409E-01 2.17747457878237358E-03 6.40198222760351154E-02 1.40610607948337584E-04 1.32482413663229993E-03
4.46152338E+00 1.18051818732039585E-01 2.21894996311298347E-03 6.36256689235421002E-02 1.41552785003858984E-04 1.36840263554493407E-03
4.49345275E+00 1.17904924897270363E-01 2.26073679173255078E-03 6.31798543399384321E-02 1.42496834667596499E-04 1.41257482165806276E-03
4.52477695E+00 1.17757687129885616E-01 2.30247644774501546E-03 6.26912625667401108E-02 1.43434732043802972E-04 1.45702942269863682E-03
4.55560402E+00 1.17609742611533188E-01 2.34424698265029612E-03 6.21653948066087647E-02 1.44368367923337112E-04 1.50189941851528418E-03
4.58602794E+00 1.17460747210846650E-01 2.38610645617548956E-03 6.16070906596583867E-02 1.45299200906453846E-04 1.54727370287539921E-03
4.61613072E+00 1.17310385732569064E-01 2.42809307712892877E-03 6.10213170606638058E-02 1.46228326083235971E-04 1.59318810084390456E-03
4.64598396E+00 1.17158375594590941E-01 2.47022451753198605E-03 6.04134237256826953E-02 1.47156574189500971E-04 1.63961700622982840E-03
4.67565013E+00 1.17004467986330810E-01 2.51249728682024403E-03 5.97893176245880564E-02 1.48084650019823083E-04 1.68646863545465113E-03
4.70518383E+00 1.16848425017262891E-01 2.55488650258775887E-03 5.91562366658828775E-02 1.49013267805320920E-04 1.73358746865826517E-03
4.73463296E+00 1.16690072472292072E-01 2.59734823641384486E-03 5.85205895386707586E-02 1.49943207296569732E-04 1.78076993467613594E-03
4.76395719E+00 1.16529720948500684E-01 2.63970412145617204E-03 5.78929396444837832E-02 1.50872551106996682E-04 1.82766327258688860E-03
4.79313362E+00 1.16367601674124313E-01 2.68179779954519793E-03 5.72838275869731114E-02 1.51799543614155767E-04 1.87397874313680480E-03
4.82220269E+00 1.16203577058219001E-01 2.72356768564880605E-03 5.67030799745268169E-02 1.52723521632814506E-04 1.91960868609975942E-03
4.85119975E+00 1.16037508498109704E-01 2.76495636879344701E-03 5.61613322591122469E-02 1.53642458336096402E-04 1.96454721556777031E-03
4.88015673E+00 1.15869248012514109E-01 2.80592154610802410E-03 5.56700529300795943E-02 1.54553081870479616E-04 2.00889697350487180E-03
4.90910362E+00 1.15698629290545529E-01 2.84644599914519406E-03 5.52414485981249717E-02 1.55451264123671040E-04 2.05284549699769102E-03
4.93806974E+00 1.15525461002189758E-01 2.88654541752693177E-03 5.48883848818160006E-02 1.56333143276025195E-04 2.09661914668847005E-03
4.96708456E+00 1.15349521751216669E-01 2.92627241516777185E-03 5.46242983097344967E-02 1.57196951603119400E-04 2.14043416993320475E-03
4.99617820E+00 1.15170554360584695E-01 2.96571519316352582E-03 5.44694649160161054E-02 1.58043830429015339E-04 2.18446575892168376E-03
5.02538147E+00 1.14988262181306616E-01 3.00499091903797238E-03 5.44202201141446434E-02 1.58876930236149518E-04 2.22883831329829260E-03
5.05472551E+00 1.14802314143817280E-01 3.04423520150749706E-03 5.44859982534775869E-02 1.59700730294108937E-04 2.27362501843267339E-03
5.08424105E+00 1.14612359588416840E-01 3.08358836565799732E-03 5.47518649288150361E-02 1.60521595459362296E-04 2.31885300215180007E-03
5.11395756E+00 1.14418047475919521E-01 3.12317845475140309E-03 5.51325293751565165E-02 1.61347162632745838E-04 2.36451975807667634E-03
5.14390224E+00 1.14219049525597111E-01 3.16310230016320039E-03 5.56990965993866619E-02 1.62184239390368129E-04 2.41061371141721315E-03
5.17409916E+00 1.14015088398831788E-01 3.20340702850208797E-03 5.64480644355577973E-02 1.63036993277315407E-04 2.45712080675941505E-03
5.20424874E+00 1.13808201074027740E-01 3.24364939150506137E-03 5.73807190796941230E-02 1.63897749745244166E-04 2.50350135689267469E-03
5.23428360E+00 1.13598990066383576E-01 3.28363061734966710E-03 5.84924917947594603E-02 1.64764820203597393E-04 2.54946537841405779E-03
5.26425998E+00 1.13387277028211580E-01 3.32325572980202329E-03 5.97788162857002814E-02 1.65639267156681357E-04 2.59471147917865377E-03
5.29423342E+00 1.13172941223195156E-01 3.36237747533081307E-03 6.12334242916352939E-02 1.66520304713614663E-04 2.63866461652070622E-03
5.32425670E+00 1.12955927191151426E-01 3.40080913229100397E-03 6.28476151498707641E-02 1.67407555574636892E-04 2.68047592746034407E-03
5.35430912E+00 1.12736747858750569E-01 3.43825819434121502E-03 6.46068454932920144E-02 1.68299964604733988E-04 2.71906405442786780E-03
5.38441049E+00 1.12515638007806201E-01 3.47449838061091205E-03 6.64919298321625107E-02 1.69197094422940495E-04 2.75349432929263959E-03
5.41436415E+00 1.12294412159835877E-01 3.50909303014193194E-03 6.84733684790217317E-02 1.70091123606601200E-04 2.78289101954083424E-03
5.44405556E+00 1.12074245937598210E-01 3.54179345013402825E-03 7.05181046791644728E-02 1.70976598317136488E-04 2.80691675507992308E-03
5.47355657E+00 1.11854857520769777E-01 3.57263717474652718E-03 7.26063390518636720E-02 1.71853842018058328E-04 2.82577177888071029E-03
5.50293878E+00 1.11635870135656581E-01 3.60171752733039500E-03 7.47203022002976974E-02 1.72723764066175299E-04 2.83995342043431289E-03
5.53227382E+00 1.11416813141507601E-01 3.62917892458088434E-03 7.68441888271746559E-02 1.73587398510697779E-04 2.85024161342835140E-03
5.56163370E+00 1.11197125178244857E-01 3.65520919525738142E-03 7.89639857005176166E-02 1.74446375438793339E-04 2.85762857191822596E-03
5.59089850E+00 1.10977598657171370E-01 3.67987275865762527E-03 8.10544019619578865E-02 1.75300357512890554E-04 2.86315255081813318E-03
5.61970660E+00 1.10760784530028814E-01 3.70309678109153901E-03 8.30765132164654196E-02 1.76139390330705057E-04 2.86778028652592875E-03
5.64813812E+00 1.10545911746129460E-01 3.72520479074950556E-03 8.50251811914060213E-02 1.76956467587616851E-04 2.87231927742117405E-03
5.67626838E+00 1.10332223128193296E-01 3.74650393763927177E-03 8.68972848669607167E-02 1.77749269569880383E-04 2.87717624916284742E-03
5.70416823E+00 1.10118980704246527E-01 3.76728307319747257E-03 8.86965832046604646E-02 1.78524743394701049E-04 2.88243629080974211E-03
5.73190451E+00 1.09905468426515066E-01 3.78781052371945622E-03 9.04209499872732914E-02 1.79293269634611316E-04 2.88809004257032775E-03
5.75954071E+00 1.09690993234096118E-01 3.80833121521612040E-03 9.20757779934142512E-02 1.80056722137419387E-04 2.89424908132529480E-03
5.78713768E+00 1.09474883856153907E-01 3.82906396679401828E-03 9.36651834505574099E-02 1.80812354478055906E-04 2.90117835367701251E-03
5.81475441E+00 1.09256484739964119E-01 3.85019972858062498E-03 9.51944450840947476E-02 1.81564072178426510E-04 2.90919672093444253E-03
5.84244899E+00 1.09035145638105777E-01 3.87190215027505410E-03 9.66696004462701958E-02 1.82318354341500774E-04 2.91860170015856594E-03
5.87027958E+00 1.08810212172325504E-01 3.89431195318353830E-03 9.80974461481351340E-02 1.83076260793518651E-04 2.92964695065325810E-03
5.89830556E+00 1.08581016545654704E-01 3.91755484487231031E-03 9.94855465929459087E-02 1.83837169784861119E-04 2.94254008027981708E-03
5.92658878E+00 1.08346862714857273E-01 3.94175099582236288E-03 1.00842214575587494E-01 1.84600119864292768E-04 2.95743639468453064E-03
5.95519498E+00 1.08107008354778350E-01 3.96702493039579381E-03 1.02176461823279413E-01 1.85367005330449978E-04 2.97442329866374078E-03
5.98419542E+00 1.07860645154620710E-01 3.99351427088593183E-03 1.03497926835737719E-01 1.86146062061892046E-04 2.99350733459212209E-03
6.01366868E+00 1.07606875824215589E-01 4.02137538569839227E-03 1.04816805439420110E-01 1.86952036890665512E-04 3.01462142929133457E-03
6.04370273E+00 1.07344686143302434E-01 4.05078437277593163E-03 1.06143764437204108E-01 1.87798573741671258E-04 3.03767111152407603E-03
6.07439736E+00 1.07072913804138886E-01 4.08193268546265184E-03 1.07489812021410919E-01 1.88691889182893602E-04 3.06264652748264527E-03
6.10552400E+00 1.06793317878850089E-01 4.11465366757498337E-03 1.08852431376528697E-01 1.89617591131977973E-04 3.08949276767044078E-03
6.13655736E+00 1.06510542524905827E-01 4.14838343569344948E-03 1.10215543468773020E-01 1.90543094497922042E-04 3.11817738164374934E-03
6.16754633E+00 1.06224250889620522E-01 4.18307692639872941E-03 1.11582920503945054E-01 1.91453133973129829E-04 3.14940561576902787E-03
6.19849599E+00 1.05934575628148370E-01 4.21856240689929326E-03 1.12955907678994077E-01 1.92337819933053553E-04 3.18388971912719016E-03
6.22891724E+00 1.05646458901608190E-01 4.25400457969331031E-03 1.14314488876155862E-01 1.93184495464655495E-04 3.22140213918951403E-03
6.25888066E+00 1.05359750004684755E-01 4.28913286632003586E-03 1.15658103518546926E-01 1.94003574763720876E-04 3.26164926010490044E-03
6.28871429E+00 1.05071795461961118E-01 4.32393862073669581E-03 1.16996983184397357E-01 1.94812549128708099E-04 3.30403144587456754E-03
6.31874006E+00 1.04779907013328011E-01 4.35837977807405127E-03 1.18341601435455607E-01 1.95619069310558308E-04 3.34743937732863255E-03
6.34925605E+00 1.04481558339023131E-01 4.39237031281915560E-03 1.19700600052596501E-01 1.96419786272777360E-04 3.39040070943185702E-03
6.37890588E+00 1.04190488030816847E-01 4.42410540293269958E-03 1.21014134827575309E-01 1.97177253038900610E-04 3.42930714736317714E-03
6.40748567E+00 1.03909193335801328E-01 4.45329529151570081E-03 1.22265546638373052E-01 1.97898237378748339E-04 3.46307639888872960E-03
6.43541188E+00 1.03633875973934544E-01 4.48038397586760992E-03 1.23465740069405153E-01 1.98595016605467955E-04 3.49216521376570976E-03
6.46302874E+00 1.03361280169899358E-01 4.50573813893234178E-03 1.24624699149053636E-01 1.99269060039071363E-04 3.51729241964320472E-03
6.49063558E+00 1.03088491677107139E-01 4.52966095767735628E-03 1.25749785865213459E-01 1.99919721341565725E-04 3.53925749950815931E-03
6.51850321E+00 1.02812814534704949E-01 4.55239371616527125E-03 1.26845798276270100E-01 2.00544840268919070E-04 3.55886034591812494E-03
6.54688269E+00 1.02531712702242664E-01 4.57411355640513322E-03 1.27915161418482443E-01 2.01143966220008877E-04 3.57682053576842407E-03
6.57600721E+00 1.02242810244508778E-01 4.59493193835457114E-03 1.28957892310455208E-01 2.01721482712293099E-04 3.59365560101412894E-03
6.60557820E+00 1.01949024041650141E-01 4.61457132976267857E-03 1.29955724005630047E-01 2.02270433049394060E-04 3.60931104742055840E-03
6.63432339E+00 1.01663051453685732E-01 4.63225106127729616E-03 1.30864402399785917E-01 2.02761164705804638E-04 3.62302838514775433E-03
6.66214075E+00 1.01386015179400990E-01 4.64809352318687474E-03 1.31681303150826212E-01 2.03197455343649843E-04 3.63453774255320140E-03
6.68930731E+00 1.01115216850775472E-01 4.66243336762108690E-03 1.32416910559927992E-01 2.03606957091382766E-04 3.64369772165081636E-03
6.71608241E+00 1.00848076417655586E-01 4.67554458505097317E-03 1.33080786044108612E-01 2.04018023025317097E-04 3.65054064748812634E-03
6.74271402E+00 1.00582077682734472E-01 4.68764817640115235E-03 1.33680811347775957E-01 2.04437165627768520E-04 3.65542237753052612E-03
6.76944580E+00 1.00314713153016558E-01 4.69892579160514304E-03 1.34223317927240293E-01 2.04848439757700376E-04 3.65891172685709224E-03
6.79652449E+00 1.00043432033798355E-01 4.70953766617384154E-03 1.34713257140999521E-01 2.05233150842828657E-04 3.66148262419744176E-03
6.82420693E+00 9.97655632370618717E-02 4.71963258048242826E-03 1.35154312535667176E-01 2.05585451883093462E-04 3.66331655956146120E-03
6.85276605E+00 9.94782258946238923E-02 4.72935337652315071E-03 1.35549051208276261E-01 2.05913843842663475E-04 3.66431738931841241E-03
6.88158740E+00 9.91874678909816093E-02 4.73856914576561289E-03 1.35890786437666944E-01 2.06225436415788800E-04 3.66421483676110252E-03
6.91047381E+00 9.88951829060742554E-02 4.74735706941935634E-03 1.36180496609385582E-01 2.06534641832881681E-04 3.66277350926912972E-03
6.93968709E+00 9.85985943629922590E-02 4.75596550638773645E-03 1.36424354009707649E-01 2.06860631811020665E-04 3.65998071966766115E-03
6.96937931E+00 9.82959540965428896E-02 4.76460308956593633E-03 1.36627677094850769E-01 2.07212649351082529E-04 3.65648694306215877E-03
6.99777833E+00 9.80052551391094456E-02 4.77287544476975856E-03 1.36790195063480363E-01 2.07547029260682402E-04 3.65387275901697976E-03
7.02529219E+00 9.77223809428274803E-02 4.78096965120030151E-03 1.36918054520472343E-01 2.07853171332930974E-04 3.65320177979149008E-03
7.05228978E+00 9.74435633380274779E-02 4.78900736390524499E-03 1.37020596050309834E-01 2.08133611928723806E-04 3.65471307848727134E-03
7.07911405E+00 9.71652692323081574E-02 4.79706823876232223E-03 1.37104610226325724E-01 2.08395281848424156E-04 3.65795427097873743E-03
7.10609275E+00 9.68840764348702088E-02 4.80520981626846640E-03 1.37176077423239146E-01 2.08641779913957198E-04 3.66223558591292821E-03
7.13276690E+00 9.66047774673108317E-02 4.81324312983916116E-03 1.37220922722238570E-01 2.08867050885894786E-04 3.66690500145258483E-03
7.15874462E+00 9.63315614619147664E-02 4.82100677607763799E-03 1.37334585763664530E-01 2.09073227910552188E-04 3.67158040949438526E-03
7.18439481E+00 9.60606084510283870E-02 4.82857645456455809E-03 1.37351441893493659E-01 2.09269963213458990E-04 3.67613649901489623E-03
7.21005493E+00 9.57883274592754436E-02 4.83601081422103517E-03 1.37458934953312295E-01 2.09466834515520113E-04 3.68047617992935897E-03
7.23604757E+00 9.55112053190408650E-02 4.84335123646492758E-03 1.37526286433143075E-01 2.09673358565705214E-04 3.68462861681074540E-03
7.26269076E+00 9.52257151217556497E-02 4.85062478229113421E-03 1.37643519497649386E-01 2.09891554511012086E-04 3.68880834483761291E-03
7.29029976E+00 9.49283095705539121E-02 4.85784877302901548E-03 1.37783221845222376E-01 2.10113430754538212E-04 3.69323562554480520E-03
7.31829226E+00 9.46251763360694692E-02 4.86482279292064015E-03 1.37967980914039223E-01 2.10323097797091252E-04 3.69765387709166445E-03
7.34702854E+00 9.43123875209626317E-02 4.87163550067813440E-03 1.38200021880821949E-01 2.10525410787413506E-04 3.70158508237666307E-03
7.37634826E+00 9.39916509860841271E-02 4.87827817056361076E-03 1.38491935403713629E-01 2.10726680344416629E-04 3.70474781072654231E-03
7.40592437E+00 9.36665602042213857E-02 4.88472626663202358E-03 1.38849496626566454E-01 2.10923262276683702E-04 3.70786263276249662E-03
7.43553596E+00 9.33396268711645383E-02 4.89097537008646808E-03 1.39276792541709465E-01 2.11114717093720760E-04 3.71196759019638747E-03
7.46412116E+00 9.30228180990851916E-02 4.89683427090997683E-03 1.39765577218836395E-01 2.11309085444531298E-04 3.71657596631461010E-03
7.49240961E+00 9.27082794398315507E-02 4.90249266735386883E-03 1.40316603401925116E-01 2.11512609868995491E-04 3.71993534032436131E-03
7.52105873E+00 9.23887867613118891E-02 4.90812403258531708E-03 1.40943780015271858E-01 2.11731960023525814E-04 3.72016172467581506E-03
7.55022352E+00 9.20626231376496795E-02 4.91380662907655880E-03 1.41660310703694281E-01 2.11971229187307838E-04 3.71714351971304041E-03
7.57910445E+00 9.17387997049490950E-02 4.91942516390715678E-03 1.42458275538499712E-01 2.12215105400982782E-04 3.71319545870414094E-03
7.60708774E+00 9.14243620553159553E-02 4.92489011434333896E-03 1.43318268641815072E-01 2.12431100129271478E-04 3.71068191846822592E-03
7.63439703E+00 9.11169346290094662E-02 4.93027707834035964E-03 1.44234551194011795E-01 2.12619263516834457E-04 3.71008043093925318E-03
7.66099792E+00 9.08169672465678895E-02 4.93561284104578665E-03 1.45201199375767503E-01 2.12806866997825185E-04 3.71083704042728156E-03
7.68719847E+00 9.05209534797944138E-02 4.94098724363859192E-03 1.46224121427041970E-01 2.12999515432286328E-04 3.71290402177203637E-03
7.71326764E+00 9.02257705599883442E-02 4.94647698272962597E-03 1.47312635233021655E-01 2.13184233444397870E-04 3.71690057014990079E-03
7.73944692E+00 8.99286036908920478E-02 4.95214804546965578E-03 1.48477480118438920E-01 2.13352681878870872E-04 3.72323203648805686E-03
7.76595696E+00 8.96268869439443006E-02 4.95805424188002115E-03 1.49729672673675596E-01 2.13504424331153108E-04 3.73150709542398014E-03
7.79241429E+00 8.93249858981438188E-02 4.96410074909402720E-03 1.51054523375442062E-01 2.13642056247475236E-04 3.74046688740413543E-03
7.81868432E+00 8.90244993680283508E-02 4.97023866563966587E-03 1.52440836820695647E-01 2.13771731523213610E-04 3.74901224573167885E-03
7.84435034E+00 8.87302904779214696E-02 4.97634315421971191E-03 1.53861435438347433E-01 2.13895236198502540E-04 3.75671214178379276E-03
7.86923983E+00 8.84444385049828891E-02 4.98233790701280675E-03 1.55296665419857288E-01 2.14014620688225725E-04 3.76392490086039982E-03
7.89364709E+00 8.81636259926583399E-02 4.98825459752804800E-03 1.56751356481631660E-01 2.14128471833780468E-04 3.77135772098168400E-03
7.91783604E+00 8.78848417367026347E-02 4.99411294532673810E-03 1.58233829425213579E-01 2.14230080530261862E-04 3.77951180570911677E-03
7.94205197E+00 8.76052685439740325E-02 4.99992107078570461E-03 1.59754014772302333E-01 2.14314854914505679E-04 3.78853243917470035E-03
7.96653097E+00 8.73221875337888837E-02 5.00567242724972092E-03 1.61322752514846762E-01 2.14389633391767390E-04 3.79828980372198333E-03
7.99150726E+00 8.70328955321467979E-02 5.01133624943700569E-03 1.62952066982575888E-01 2.14468654947878775E-04 3.80861035628844626E-03
8.01721883E+00 8.67346446588128511E-02 5.01684422320744332E-03 1.64655263177728467E-01 2.14558092776458284E-04 3.81942992520545267E-03
8.04339733E+00 8.64305846639426972E-02 5.02197963297476048E-03 1.66415201498732596E-01 2.14652702377679473E-04 3.83053512949972641E-03
8.06955001E+00 8.61265291732710714E-02 5.02647788947353444E-03 1.68198101657158400E-01 2.14742575282897164E-04 3.84158201549778802E-03
8.09595822E+00 8.58193209965194825E-02 5.03020998523861368E-03 1.70016628313770013E-01 2.14814439028016897E-04 3.85246493100985677E-03
8.12289255E+00 8.55059357541905068E-02 5.03299818214770177E-03 1.71886388291396380E-01 2.14855125559558046E-04 3.86290508552391372E-03
8.15062025E+00 8.51834116276126152E-02 5.03461170125732958E-03 1.73824502297628830E-01 2.14855156958180464E-04 3.87240569119038681E-03
8.17940835E+00 8.48488190675077691E-02 5.03476307361414455E-03 1.75848161609031023E-01 2.14809543756370926E-04 3.88025690949968206E-03
8.20744497E+00 8.45234196705446916E-02 5.03329475264345516E-03 1.77839328696814986E-01 2.14727535521980607E-04 3.88528013642993556E-03
8.23501307E+00 8.42041009409528057E-02 5.03023201980769448E-03 1.79806238566108834E-01 2.14628463043322346E-04 3.88709274811344443E-03
8.26252787E+00 8.38861865809866908E-02 5.02554591058258608E-03 1.81771062094546576E-01 2.14529412809413584E-04 3.88528978234865948E-03
8.29040400E+00 8.35650117965583278E-02 5.01913694895465053E-03 1.83760408021661548E-01 2.14441939265131847E-04 3.87953578668975493E-03
8.31894178E+00 8.32372585232338258E-02 5.01087271213810324E-03 1.85792803240312471E-01 2.14363037451994624E-04 3.86992020648517466E-03
8.34672912E+00 8.29192549667455703E-02 5.00124106963198162E-03 1.87773069651210850E-01 2.14267450677785672E-04 3.85783422559031518E-03
8.37400464E+00 8.26083259572776146E-02 4.99037665130293295E-03 1.89707992119359820E-01 2.14138770260864018E-04 3.84387681508571851E-03
8.40130226E+00 8.22984459150226388E-02 4.97824300118325513E-03 1.91627201935380798E-01 2.13980981097374736E-04 3.82732085979594879E-03
8.42915112E+00 8.19836804011115777E-02 4.96473460479234224E-03 1.93563018715192853E-01 2.13818733581247700E-04 3.80672070407535876E-03
8.45729384E+00 8.16669597588321194E-02 4.95012465253187248E-03 1.95496520649022260E-01 2.13679758621097078E-04 3.78207677577647875E-03
8.48441111E+00 8.13629913266505633E-02 4.93534246613265212E-03 1.97340105153659851E-01 2.13562804812771019E-04 3.75643179388076296E-03
8.51112280E+00 8.10646079273510956E-02 4.92030467701565222E-03 1.99126277534557555E-01 2.13425183343980132E-04 3.73149070874235610E-03
8.53801274E+00 8.07651433752378245E-02 4.90488308636437536E-03 2.00888432399942418E-01 2.13260483852480273E-04 3.70747698081312464E-03
8.56571281E+00 8.04574647814257915E-02 4.88889370076086432E-03 2.02662658868525997E-01 2.13069716279934185E-04 3.68303409125155315E-03
8.59459841E+00 8.01373298045706811E-02 4.87230429938044669E-03 2.04466286547202308E-01 2.12846282090498978E-04 3.65673226853185842E-03
8.62299970E+00 7.98231429807875065E-02 4.85625139638100767E-03 2.06198163293732611E-01 2.12597235340399618E-04 3.63058776399661186E-03
8.65098390E+00 7.95140934719992670E-02 4.84082530257156848E-03 2.07857162911540411E-01 2.12374240469141246E-04 3.60605518921347469E-03
8.67933716E+00 7.92014472289285371E-02 4.82565672373193571E-03 2.09483115237731277E-01 2.12195289462782123E-04 3.58341949263083154E-03
8.70893221E+00 7.88755559122866767E-02 4.81030875919115017E-03 2.11119150348188123E-01 2.11981151239061045E-04 3.56164609756000252E-03
8.73945592E+00 7.85399415576709115E-02 4.79495923399264352E-03 2.12744753365180228E-01 2.11729626979964114E-04 3.53934382662563591E-03
8.77022359E+00 7.82022785835692347E-02 4.77991593901251188E-03 2.14322406346876465E-01 2.11465845104711806E-04 3.51707928760914591E-03
8.79983301E+00 7.78781009897556858E-02 4.76574958740481457E-03 2.15786563885275368E-01 2.11197494313081858E-04 3.49835943185792479E-03
8.82872191E+00 7.75627726024878117E-02 4.75210778823585006E-03 2.17160353493540126E-01 2.10894596299428472E-04 3.48414620700066013E-03
8.85725724E+00 7.72524255155683515E-02 4.73870037798985316E-03 2.18464451308436169E-01 2.10557852295239020E-04 3.47243924233812604E-03
8.88577027E+00 7.69435355523063469E-02 4.72531452343624616E-03 2.19716875758507485E-01 2.10230552558746207E-04 3.45975291128753628E-03
8.91458221E+00 7.66326160470960777E-02 4.71180740025251964E-03 2.20932752547297634E-01 2.09951279682688924E-04 3.44402781334964122E-03
8.94402611E+00 7.63160205393726282E-02 4.69807506725369167E-03 2.22125370414136103E-01 2.09707855321700296E-04 3.42623058221239738E-03
8.97446904E+00 7.59897685871030459E-02 4.68399964827447696E-03 2.23306860351843856E-01 2.09427734182073629E-04 3.40897461480593484E-03
9.00633738E+00 7.56493560434995105E-02 4.66940927896432930E-03 2.24488598045427451E-01 2.09079777043846295E-04 3.39323802645174338E-03
9.03938663E+00 7.52975160857816822E-02 4.65438640019963813E-03 2.25657550191640632E-01 2.08713236123589396E-04 3.37738118967891758E-03
9.07146791E+00 7.49572035980181489E-02 4.63985789963001615E-03 2.26742280331183904E-01 2.08393169964273174E-04 3.36032490632633563E-03
9.10310089E+00 7.46228842686065263E-02 4.62559374759479846E-03 2.27759072066970825E-01 2.08105854480577509E-04 3.34225683861843256E-03
9.13471806E+00 7.42899457934665247E-02 4.61144739680796178E-03 2.28722186557786589E-01 2.07824969323360545E-04 3.32508010982300508E-03
9.16671051E+00 7.39541889115374329E-02 4.59732121231839607E-03 2.29644059943779261E-01 2.07515209529746141E-04 3.31025220263750104E-03
9.19936518E+00 7.36124887855265919E-02 4.58319132880470603E-03 2.30532830103341718E-01 2.07167820832350079E-04 3.29761703976747325E-03
9.23123585E+00 7.32797678777251105E-02 4.56975791921469549E-03 2.31356231064317686E-01 2.06828602494913896E-04 3.28614144162527088E-03
9.26304937E+00 7.29482411711950551E-02 4.55675876564052510E-03 2.32134116045918992E-01 2.06546720677068123E-04 3.27382441863761182E-03
9.29547717E+00 7.26107569937397002E-02 4.54391076839606636E-03 2.32884901961460000E-01 2.06321063717693860E-04 3.25996703469522879E-03
9.32920122E+00 7.22601313541591794E-02 4.53086218997251003E-03 2.33625829300242949E-01 2.06105995815704791E-04 3.24524448975482957E-03
9.36319526E+00 7.19070423707123957E-02 4.51785762284773532E-03 2.34340732621708819E-01 2.05891792182098414E-04 3.23149606941966613E-03
9.39713309E+00 7.15550199989079816E-02 4.50488288280201724E-03 2.35026578654832619E-01 2.05661189218555533E-04 3.21985209450377464E-03
9.43135333E+00 7.12007860754766408E-02 4.49174344172410291E-03 2.35692340120906341E-01 2.05372494870560598E-04 3.21048165670590998E-03
9.46525778E+00 7.08507452231250251E-02 4.47866527307099176E-03 2.36331062233201800E-01 2.05025484321765401E-04 3.20266019973154117E-03
9.49906026E+00 7.05028878116096408E-02 4.46559500817248975E-03 2.36946753166842605E-01 2.04642931032421321E-04 3.19445498708340698E-03
9.53345860E+00 7.01502673263981608E-02 4.45226242749348963E-03 2.37549637668474811E-01 2.04280531425780025E-04 3.18352804014736344E-03
9.56826074E+00 6.97950532922540917E-02 4.43864928520330999E-03 2.38134693800369196E-01 2.03968296262114758E-04 3.16868853051369788E-03
9.60304027E+00 6.94417506701567461E-02 4.42477970573699857E-03 2.38691455714309414E-01 2.03727029201368817E-04 3.15087917246854822E-03
9.63817561E+00 6.90867079674079010E-02 4.41039575391725253E-03 2.39219838851716632E-01 2.03498280485894556E-04 3.13282842151906601E-03
9.67289652E+00 6.87378197192967527E-02 4.39576310569258274E-03 2.39706157725080582E-01 2.03186287577113058E-04 3.11823236738403928E-03
9.70701099E+00 6.83970668963980455E-02 4.38100948042412230E-03 2.40144714976920581E-01 2.02773032949915452E-04 3.10798531804089328E-03
9.74112701E+00 6.80584917310357307E-02 4.36595678200054314E-03 2.40539160207406955E-01 2.02311369640329326E-04 3.09964743925982607E-03
9.77578775E+00 6.77169001661398484E-02 4.35041579988134156E-03 2.40890813650700059E-01 2.01868569794124358E-04 3.08934063620901677E-03
9.81153383E+00 6.73672436378140310E-02 4.33413247644853609E-03 2.41197209897949988E-01 2.01499696753747827E-04 3.07410657546995647E-03
9.84728895E+00 6.70201827697755187E-02 4.31750863165257948E-03 2.41443845928425382E-01 2.01216240213629931E-04 3.05489179782773845E-03
9.88276059E+00 6.66785604593903986E-02 4.30057491471453213E-03 2.41622346933231397E-01 2.00953935183769371E-04 3.03501650630815488E-03
9.91836668E+00 6.63384285620200187E-02 4.28303000451447143E-03 2.41728002516393370E-01 2.00648860115743217E-04 3.01691305088039015E-03
9.95450222E+00 6.59962124827242064E-02 4.26458502164730850E-03 2.41754188596522729E-01 2.00271562623543424E-04 3.00049439687604313E-03
9.99096780E+00 6.56540194197807320E-02 4.24528954197244367E-03 2.41732360965547594E-01 1.99850976148192204E-04 2.98308781663637933E-03
1.00277655E+01 6.53120121034469342E-02 4.22516605619546477E-03 2.41510204368041353E-01 1.99468442487358151E-04 2.96086044529078130E-03
1.00652862E+01 6.49667153248909557E-02 4.20405612930358288E-03 2.41269773610515298E-01 1.99162535358742975E-04 2.93191161144126322E-03
1.01029948E+01 6.46230318868670633E-02 4.18228267162336961E-03 2.40880177255355737E-01 1.98864329276459491E-04 2.89908751813895129E-03
1.01403373E+01 6.42858310779472059E-02 4.16020718270451988E-03 2.40388001621474667E-01 1.98515030591190001E-04 2.86700919086361116E-03
1.01774694E+01 6.39535762144379655E-02 4.13781582127267875E-03 2.39781229395177459E-01 1.98107340323496806E-04 2.83784123976193363E-03
1.02148884E+01 6.36218406506821876E-02 4.11486996307808186E-03 2.39052747444312430E-01 1.97657264575421096E-04 2.81074011969253794E-03
1.02530639E+01 6.32866374021686245E-02 4.09109935679695738E-03 2.38188518078538997E-01 1.97223275080552797E-04 2.78318521721716448E-03
1.02922140E+01 6.29462996733100716E-02 4.06634145880645659E-03 2.37176777412216960E-01 1.96847096665054617E-04 2.75302872081122042E-03
1.03320376E+01 6.26036152573678922E-02 4.04074530187922484E-03 2.36019489872382110E-01 1.96483394148681015E-04 2.72050771649679207E-03
1.03723816E+01 6.22599504482726218E-02 4.01443278353740170E-03 2.34717014182767580E-01 1.96051596034893435E-04 2.68799725614091980E-03
1.04109145E+01 6.19348334639108697E-02 3.98902948587803296E-03 2.33353420153038532E-01 1.95540215781582044E-04 2.65972064658173690E-03
1.04487246E+01 6.16186682559498392E-02 3.96404077440297344E-03 2.31898992719465014E-01 1.94962667469384093E-04 2.63519295499171913E-03
1.04873063E+01 6.12988396137440772E-02 3.93871225715201282E-03 2.30294353555601822E-01 1.94358511694829600E-04 2.61199058139144260E-03
1.05282511E+01 6.09623616543697386E-02 3.91222108474283126E-03 2.28457752551133569E-01 1.93770718190512523E-04 2.58690361154519186E-03
1.05696856E+01 6.06248315921273095E-02 3.88584300801584790E-03 2.26461209943706887E-01 1.93231552736000233E-04 2.55955645927839022E-03
1.06107030E+01 6.02936667991295569E-02 3.86004964786662921E-03 2.24346731114058173E-01 1.92740714155100482E-04 2.53105860579217606E-03
1.06516557E+01 5.99660932345068218E-02 3.83447927247813469E-03 2.22096649450869432E-01 1.92281753153949184E-04 2.50257117295054222E-03
1.06928952E+01 5.96394281395258505E-02 3.80881346279078690E-03 2.19690750848644728E-01 1.91833053393133642E-04 2.47479628532298488E-03
1.07347848E+01 5.93108974576949180E-02 3.78283247077060465E-03 2.17104798819252542E-01 1.91378221302477587E-04 2.44776594776488195E-03
1.07768866E+01 5.89838888933371663E-02 3.75694094757365567E-03 2.14365284051239363E-01 1.90917425645657096E-04 2.42158801354751480E-03
1.08190149E+01 5.86596386686465410E-02 3.73147410727264197E-03 2.11488071200970656E-01 1.90476565501810225E-04 2.39617061047170789E-03
1.08615191E+01 5.83352711116912892E-02 3.70641431154585931E-03 2.08453820329692285E-01 1.90063338785188135E-04 2.37152026181387636E-03
1.09043397E+01 5.80111905322234708E-02 3.68182425729332140E-03 2.05272895996780086E-01 1.89658150835998035E-04 2.34817743952979050E-03
1.09469396E+01 5.76915738359702751E-02 3.65780273837153398E-03 2.01996601868038084E-01 1.89241519282012287E-04 2.32630909901879396E-03
1.09892641E+01 5.73771101335017603E-02 3.63401047846708325E-03 1.98643991402371267E-01 1.88818896121764515E-04 2.30465627451169070E-03
1.10316667E+01 5.70655884069577943E-02 3.60984000456581562E-03 1.95202133058898775E-01 1.88395706139784911E-04 2.28118351934912273E-03
1.10744597E+01 5.67551812928546381E-02 3.58474563760592972E-03 1.91661438012337121E-01 1.87972085001299628E-04 2.25415134801996249E-03
1.11179225E+01 5.64443027744711348E-02 3.55829471623483103E-03 1.88016311379912260E-01 1.87547038946507517E-04 2.22264338653644896E-03
1.11623062E+01 5.61315168112614810E-02 3.53019671864237064E-03 1.84265287576972969E-01 1.87116084641942166E-04 2.18663213909599903E-03
1.12075530E+01 5.58174919245082932E-02 3.50050384661193927E-03 1.80439184479804310E-01 1.86688261277298881E-04 2.14687115354366765E-03
1.12532371E+01 5.55052203450040749E-02 3.46965418055442728E-03 1.76604073725452421E-01 1.86262818870328072E-04 2.10464719892563190E-03
1.12996576E+01 5.51925951708091625E-02 3.43770539011315412E-03 1.72768150317222008E-01 1.85826565754508447E-04 2.06065846826260267E-03
1.13470149E+01 5.48782336547401425E-02 3.40481068266288789E-03 1.68955457223807837E-01 1.85363181508441002E-04 2.01573206242880660E-03
1.13925566E+01 5.45799402552253760E-02 3.37313040461411024E-03 1.65436351081926503E-01 1.84882857901340987E-04 1.97332376489644341E-03
1.14369468E+01 5.42927834475300172E-02 3.34243319411792195E-03 1.62178684273939444E-01 1.84390421508559815E-04 1.93337663991231638E-03
1.14809274E+01 5.40116018405457157E-02 3.31237286413016158E-03 1.59149693754940591E-01 1.83903690764894982E-04 1.89562874458080164E-03
1.15251726E+01 5.37319127427769438E-02 3.28261301922918572E-03 1.56341533285141582E-01 1.83429093039560683E-04 1.85985379768715165E-03
1.15693784E+01 5.34554803733187783E-02 3.25344423382031714E-03 1.53820310327819981E-01 1.82963672288345453E-04 1.82650549909155364E-03
1.16120252E+01 5.31914347692158812E-02 3.22590010594629717E-03 1.51704362799014975E-01 1.82507267627319468E-04 1.79653828752773066E-03
1.16538019E+01 5.29351307215836855E-02 3.19957955224262850E-03 1.49949820507273346E-01 1.82045642858463168E-04 1.76896964606826617E-03
1.16953055E+01 5.26826509756352854E-02 3.17419637733229757E-03 1.48534503509826665E-01 1.81578837090063717E-04 1.74285333461896225E-03
1.17370883E+01 5.24304622882388049E-02 3.14953834483383674E-03 1.47456745716074505E-01 1.81113531871515389E-04 1.71737751087791221E-03
1.17796955E+01 5.21751748200434615E-02 3.12543503101373084E-03 1.46727967415550303E-01 1.80658502844254534E-04 1.69199990656484492E-03
1.18232727E+01 5.19158628603218902E-02 3.10194578374254270E-03 1.46378745268242599E-01 1.80229937564976026E-04 1.66679052377907136E-03
1.18667843E+01 5.16585921976185844E-02 3.07966918372378851E-03 1.46426016311894780E-01 1.79840250714087741E-04 1.64279783487075053E-03
1.19106089E+01 5.14010847616038977E-02 3.05836982093480756E-03 1.46894107634885196E-01 1.79468837231380344E-04 1.62034900239863390E-03
1.19544659E+01 5.11450093895908370E-02 3.03809109321818765E-03 1.47712795944949599E-01 1.79096762761313645E-04 1.59998424690058075E-03
1.19987790E+01 5.08879821317469797E-02 3.01851570279160685E-03 1.48898661399795657E-01 1.78708822375785658E-04 1.58161829150399468E-03
1.20441460E+01 5.06267266255091553E-02 2.99926910322840775E-03 1.50434547975530242E-01 1.78300223088995055E-04 1.56486761143866224E-03
1.20912007E+01 5.03578912647516808E-02 2.97998325717141899E-03 1.52322211849134886E-01 1.77880838025406147E-04 1.54918957997892824E-03
1.21397102E+01 5.00831380669637671E-02 2.96063285536842576E-03 1.54524379114065719E-01 1.77470594173200109E-04 1.53421514140360499E-03
1.21873788E+01 4.98155734160719843E-02 2.94194490854611957E-03 1.56882221588260651E-01 1.77087936048136931E-04 1.52006674086648127E-03
1.22343486E+01 4.95543937606204993E-02 2.92368400109815733E-03 1.59311418820677453E-01 1.76714661175758040E-04 1.50615807337332831E-03
1.22810539E+01 4.92972377009534418E-02 2.90553986376709730E-03 1.61757146707092347E-01 1.76340955064583174E-04 1.49200138323615002E-03
1.23280996E+01 4.90409025108063806E-02 2.88715718410814453E-03 1.64187610984570520E-01 1.75960735347328401E-04 1.47728618381576119E-03
1.23753371E+01 4.87863325521929875E-02 2.86848441629189129E-03 1.66540691981255567E-01 1.75574500590859411E-04 1.46213671360623590E-03
1.24222132E+01 4.85365471793756179E-02 2.84965473549287328E-03 1.68744969330893696E-01 1.75173754987308739E-04 1.44687146688867677E-03
1.24687252E+01 4.82915407113466283E-02 2.83062637292347567E-03 1.70770078070866638E-01 1.74748751259918384E-04 1.43146741662084358E-03
1.25144335E+01 4.80535388251046441E-02 2.81157387960627924E-03 1.72583576899660640E-01 1.74311252964513803E-04 1.41580457880347206E-03
1.25595661E+01 4.78212313276778558E-02 2.79243109405577245E-03 1.74194407719770961E-01 1.73875490314019649E-04 1.39946174029788426E-03
1.26043367E+01 4.75934138216074151E-02 2.77315287389186304E-03 1.75617640531494007E-01 1.73445547211980471E-04 1.38213966661293358E-03
1.26489469E+01 4.73689782548832525E-02 2.75370635828564884E-03 1.76872059768082596E-01 1.73007818419095521E-04 1.36376026889034932E-03
1.26934921E+01 4.71473759206667981E-02 2.73410727565394189E-03 1.77976806932506421E-01 1.72572177295768629E-04 1.34448811258299872E-03
1.27374179E+01 4.69312437323936363E-02 2.71465488098050853E-03 1.78940567243898008E-01 1.72154221337150152E-04 1.32492429794921099E-03
1.27809314E+01 4.67194166641088163E-02 2.69531387399630801E-03 1.79793782440812233E-01 1.71745541056067926E-04 1.30538812193285378E-03
1.28242233E+01 4.65108555020472270E-02 2.67605266598308980E-03 1.80564972879079216E-01 1.71335014204647358E-04 1.28612671000752484E-03
1.28674680E+01 4.63046345948487856E-02 2.65684457579200587E-03 1.81280546711114821E-01 1.70918527816756575E-04 1.26724981953055304E-03
1.29108254E+01 4.60999323660838331E-02 2.63767118569010290E-03 1.81965123976578796E-01 1.70494909036772354E-04 1.24873337194089857E-03
1.29543401E+01 4.58964919214654016E-02 2.61856853331331879E-03 1.82640267280044594E-01 1.70067838649716875E-04 1.23050594044523710E-03
1.29976945E+01 4.56957296958017470E-02 2.59973130417246248E-03 1.83320785908933470E-01 1.69647580233812234E-04 1.21261190407671231E-03
1.30410084E+01 4.54970110530355659E-02 2.58116310021543841E-03 1.84025577416260855E-01 1.69238557313625203E-04 1.19495685570510644E-03
1.30837345E+01 4.53027339798784054E-02 2.56314164557917704E-03 1.84760556834093759E-01 1.68844535510418668E-04 1.17780534367341989E-03
1.31261041E+01 4.51117169753692121E-02 2.54560055329477184E-03 1.85539953332143182E-01 1.68455482740266055E-04 1.16118410316012497E-03
1.31683323E+01 4.49228937933505990E-02 2.52847891938994202E-03 1.86376349605147817E-01 1.68066792951407118E-04 1.14515552179764472E-03
1.32106189E+01 4.47353039545852135E-02 2.51172120447783068E-03 1.87281489998144451E-01 1.67678424185293136E-04 1.12978317487287734E-03
1.32530566E+01 4.45484861844408289E-02 2.49531079042301842E-03 1.88264363593479700E-01 1.67290882150275902E-04 1.11515494876669968E-03
1.32949438E+01 4.43654504592172205E-02 2.47951756016881377E-03 1.89313899240651506E-01 1.66905185820407552E-04 1.10157866806301634E-03
1.33364872E+01 4.41852043328298180E-02 2.46424901736543370E-03 1.90435137618776729E-01 1.66514734344040232E-04 1.08898439394626112E-03
1.33778718E+01 4.40068855469487943E-02 2.44942302576915986E-03 1.91633359878945447E-01 1.66120049627543654E-04 1.07725662009440634E-03
1.34192614E+01 4.38297482163294005E-02 2.43496649416343174E-03 1.92914370012662817E-01 1.65724626201488220E-04 1.06623606416725520E-03
1.34607995E+01 4.36531529003566371E-02 2.42081570626215053E-03 1.94283857414461109E-01 1.65334055652307252E-04 1.05574280519195188E-03
1.35026104E+01 4.34765571630719438E-02 2.40691619328895455E-03 1.95747322160043424E-01 1.64956212262525981E-04 1.04561503429102527E-03
1.35447996E+01 4.32995065367688045E-02 2.39322179570238599E-03 1.97309950403184081E-01 1.64588924957861568E-04 1.03574883099755697E-03
1.35868803E+01 4.31240165918723856E-02 2.37987193273482512E-03 1.98954380461707325E-01 1.64229525493443006E-04 1.02623629595129605E-03
1.36286571E+01 4.29508529363362909E-02 2.36690219004356090E-03 2.00669833496388533E-01 1.63871802239722058E-04 1.01712654330411733E-03
1.36703610E+01 4.27790183166872132E-02 2.35421617797251228E-03 2.02461455594658085E-01 1.63509499517898395E-04 1.00835808994116280E-03
1.37122104E+01 4.26075974428192020E-02 2.34172620737057528E-03 2.04335745171446675E-01 1.63144773588806832E-04 9.99828056236728947E-04
1.37539531E+01 4.24376125270323409E-02 2.32948206821895426E-03 2.06278827237123208E-01 1.62788872118265599E-04 9.91486559000615301E-04
1.37949994E+01 4.22714300997937900E-02 2.31762089478642188E-03 2.08258065833442918E-01 1.62450649401624995E-04 9.83346833926436546E-04
1.38355927E+01 4.21080286850671545E-02 2.30603505425530870E-03 2.10277416016462382E-01 1.62121228895963478E-04 9.75296986612632258E-04
1.38759549E+01 4.19465060022710876E-02 2.29462691992110687E-03 2.12341711287193202E-01 1.61793477952838251E-04 9.67264210549718517E-04
1.39162885E+01 4.17860633378346405E-02 2.28330577497761270E-03 2.14456439699434120E-01 1.61464142012746504E-04 9.59189947426552733E-04
1.39567789E+01 4.16259943224920256E-02 2.27198664519007772E-03 2.16627021848387585E-01 1.61132018303357285E-04 9.51016529509256269E-04
1.39975946E+01 4.14656780079395992E-02 2.26059034367753504E-03 2.18858614235524718E-01 1.60797878447211523E-04 9.42690576151939677E-04
1.40388876E+01 4.13045756801541444E-02 2.24904422258925991E-03 2.21155877338726409E-01 1.60461524057693244E-04 9.34179301410686816E-04
1.40805532E+01 4.11431534721919956E-02 2.23734991178350809E-03 2.23509269371752362E-01 1.60125585332062580E-04 9.25537811189406918E-04
1.41228540E+01 4.09804537712930919E-02 2.22541066664577476E-03 2.25929493854088254E-01 1.59784687372443388E-04 9.16784071390466804E-04
1.41653862E+01 4.08180777901624645E-02 2.21332169637718278E-03 2.28389248402543044E-01 1.59433650421550986E-04 9.08076402380629858E-04
1.42078484E+01 4.06571895282745316E-02 2.20115728875457974E-03 2.30866079385156464E-01 1.59068829523208047E-04 8.99503942822963971E-04
1.42505183E+01 4.04967461199986847E-02 2.18883315278788591E-03 2.33370677370018070E-01 1.58686572768039572E-04 8.90977849858269632E-04
1.42932779E+01 4.03372030818002492E-02 2.17638110787044979E-03 2.35890976102077238E-01 1.58293613317840901E-04 8.82446089605912589E-04
1.43354570E+01 4.01810350388048035E-02 2.16399716972219417E-03 2.38382500725511065E-01 1.57906468106251165E-04 8.73965422652795451E-04
1.43772782E+01 4.00273717498280251E-02 2.15162065902530907E-03 2.40853257924102809E-01 1.57530591536829358E-04 8.65458618836900174E-04
1.44189477E+01 3.98754268536712295E-02 2.13919420429196103E-03 2.43310440096090486E-01 1.57164343254211406E-04 8.56901700517365226E-04
1.44606572E+01 3.97244869270906159E-02 2.12666237479082953E-03 2.45760698371445041E-01 1.56801873240583093E-04 8.48300812227886910E-04
1.45025859E+01 3.95739047060474497E-02 2.11397229382927643E-03 2.48209767269095744E-01 1.56435040061151921E-04 8.39664869670953039E-04
1.45445516E+01 3.94243366160146533E-02 2.10118132284565920E-03 2.50642172814114106E-01 1.56060134331931477E-04 8.31062521956539763E-04
1.45868361E+01 3.92747853861626431E-02 2.08820896470830698E-03 2.53069235060092046E-01 1.55669671327372534E-04 8.22454755501883300E-04
1.46288943E+01 3.91271744432938121E-02 2.07523027647332770E-03 2.55454735214063144E-01 1.55264411840395889E-04 8.13961602294402051E-04
1.46706825E+01 3.89816312207420107E-02 2.06227123026045877E-03 2.57792082045068038E-01 1.54845408832364988E-04 8.05589758734387602E-04
1.47123844E+01 3.88374944461243599E-02 2.04928917790463691E-03 2.60087259437727536E-01 1.54416364200269627E-04 7.97287887195362462E-04
1.47541714E+01 3.86941641835094885E-02 2.03624530490300161E-03 2.62345035833831730E-01 1.53979756540854727E-04 7.88997597935156081E-04
1.47962055E+01 3.85510898542395300E-02 2.02310345178039440E-03 2.64569015565297772E-01 1.53536211952583971E-04 7.80654836971891625E-04
1.48386413E+01 3.84077619610590087E-02 2.00982966791228177E-03 2.66761616055635253E-01 1.53087170564264826E-04 7.72198685491473353E-04
1.48815801E+01 3.82638643182771632E-02 1.99640664237194215E-03 2.68921679325556939E-01 1.52633821074537246E-04 7.63603656904729140E-04
1.49249478E+01 3.81196724490492425E-02 1.98287152148059892E-03 2.71038835095863462E-01 1.52177337735686589E-04 7.54920020033334111E-04
1.49624739E+01 3.79958241553655235E-02 1.97118104441856281E-03 2.72813436803341691E-01 1.51783442292600555E-04 7.47449476763813181E-04
1.50000000E+01 3.78728337931250186E-02 1.95952295272102967E-03 2.74534897234387509E-01 1.51390057797997995E-04 7.40069250366477867E-04
