#  time, MeanKE MeanKEDR MeanP
0 1.24924716013033330E-01 4.68467768164619505E-04 -5.53602782891480650E-18
1.47262156E-02 1.24916138885605502E-01 4.68446170972837254E-04 2.35754838293825869E-04
2.94623623E-02 1.24908670230678240E-01 4.68449890106016522E-04 2.47573116384174714E-04
4.41998089E-02 1.24901567971573327E-01 4.68476146543929937E-04 2.23228014514070567E-04
5.89389736E-02 1.24894582908207208E-01 4.68524015749016730E-04 1.83354428987792629E-04
7.36803323E-02 1.24887631556111836E-01 4.68593201530848220E-04 1.26530438542913487E-04
8.84243788E-02 1.24880685719169687E-01 4.68683622019518966E-04 5.28178947438075609E-05
1.03171611E-01 1.24873735633552571E-01 4.68795271421880726E-04 -3.80896382091005110E-05
1.17921719E-01 1.24866778061702571E-01 4.68928166042701852E-04 -1.46027128029561714E-04
1.32673378E-01 1.24859812293234215E-01 4.69082320815788654E-04 -2.70957161128792113E-04
1.47427093E-01 1.24852837439580769E-01 4.69257772684664350E-04 -4.12827202447230200E-04
1.62183364E-01 1.24845852839976221E-01 4.69454566339320826E-04 -5.71579485185673983E-04
1.76942690E-01 1.24838857909625414E-01 4.69672753620522512E-04 -7.47151614891907075E-04
1.91705565E-01 1.24831852089120121E-01 4.69912393301392657E-04 -9.39476475879809695E-04
2.06472480E-01 1.24824834827642117E-01 4.70173550993133876E-04 -1.14848219245492996E-03
2.21243922E-01 1.24817805577391597E-01 4.70456299090530401E-04 -1.37409204003658726E-03
2.36020373E-01 1.24810763791766033E-01 4.70760716729151695E-04 -1.61622433310604110E-03
2.50802309E-01 1.24803708924812212E-01 4.71086889744995734E-04 -1.87479229844609414E-03
2.65590201E-01 1.24796640431071262E-01 4.71434910633340286E-04 -2.14970393766629507E-03
2.80384515E-01 1.24789557765568868E-01 4.71804878505822543E-04 -2.44086187913394653E-03
2.95185709E-01 1.24782460383852725E-01 4.72196899045470263E-04 -2.74816322118541902E-03
3.09994234E-01 1.24775347742047987E-01 4.72611084459445519E-04 -3.07149936588299935E-03
3.24809277E-01 1.24768219902679042E-01 4.73047515387936361E-04 -3.41072667700193476E-03
3.39630128E-01 1.24761076877935709E-01 4.73506274960915042E-04 -3.76569266287012051E-03
3.54457246E-01 1.24753918117717633E-01 4.73987484747844445E-04 -4.13626350845052587E-03
3.69291082E-01 1.24746743072636668E-01 4.74491272751617469E-04 -4.52229952392536275E-03
3.84132080E-01 1.24739551193910225E-01 4.75017773352191797E-04 -4.92365479006017480E-03
3.98980675E-01 1.24732341933378427E-01 4.75567127248268653E-04 -5.34017686472097394E-03
4.13837294E-01 1.24725114743536203E-01 4.76139481396782561E-04 -5.77170657551449428E-03
4.28702357E-01 1.24717869077590054E-01 4.76734988950276847E-04 -6.21807780462922156E-03
4.43576272E-01 1.24710604389522667E-01 4.77353809192071986E-04 -6.67911726875385341E-03
4.58459441E-01 1.24703320134141982E-01 4.77996107469294432E-04 -7.15464429228829853E-03
4.73352253E-01 1.24696015767142565E-01 4.78662055123655673E-04 -7.64447057450799543E-03
4.88255090E-01 1.24688690745170541E-01 4.79351829420118455E-04 -8.14839995344912409E-03
5.03168322E-01 1.24681344525871651E-01 4.80065613473357623E-04 -8.66622816421576576E-03
5.18092309E-01 1.24673976567957603E-01 4.80803596172051421E-04 -9.19774259293756544E-03
5.33027400E-01 1.24666586331251036E-01 4.81565972100973382E-04 -9.74272202893914849E-03
5.47973518E-01 1.24659173482239330E-01 4.82352919304693966E-04 -1.03009207762187853E-02
5.62929445E-01 1.24651738252719260E-01 4.83164556357749703E-04 -1.08720389730640760E-02
5.77895538E-01 1.24644280090928414E-01 4.84001087316624108E-04 -1.14558249772168559E-02
5.92872146E-01 1.24636798446535121E-01 4.84862721801525038E-04 -1.20520180165841206E-02
6.07859605E-01 1.24629292770456632E-01 4.85749674910443505E-04 -1.26603478771614899E-02
6.22858239E-01 1.24621762514841458E-01 4.86662167131268742E-04 -1.32805346336996068E-02
6.37868360E-01 1.24614207133093388E-01 4.87600424251685412E-04 -1.39122884020204327E-02
6.52890271E-01 1.24606626079917696E-01 4.88564677267080668E-04 -1.45553090901556857E-02
6.67924258E-01 1.24599018811380399E-01 4.89555162286273529E-04 -1.52092861576577018E-02
6.82970597E-01 1.24591384784951978E-01 4.90572120435202276E-04 -1.58738983747373601E-02
6.98029552E-01 1.24583723459570681E-01 4.91615797758450813E-04 -1.65488135901591289E-02
7.13101372E-01 1.24576034295695873E-01 4.92686445118728110E-04 -1.72336885018248495E-02
7.28186296E-01 1.24568316755354194E-01 4.93784318094215614E-04 -1.79281684380032703E-02
7.43284546E-01 1.24560570302191739E-01 4.94909676873839287E-04 -1.86318871451071344E-02
7.58396334E-01 1.24552794401528333E-01 4.96062786150472650E-04 -1.93444665846559186E-02
7.73521856E-01 1.24544988520400787E-01 4.97243915012013284E-04 -2.00655167440451469E-02
7.88661298E-01 1.24537152127613043E-01 4.98453336830490521E-04 -2.07946354559819593E-02
8.03814828E-01 1.24529284693782299E-01 4.99691329148994217E-04 -2.15314082340055946E-02
8.18982604E-01 1.24521385691379854E-01 5.00958173566679716E-04 -2.22754081221859593E-02
8.34164767E-01 1.24513454594783940E-01 5.02254155621670653E-04 -2.30261955613400328E-02
8.49361447E-01 1.24505490880301092E-01 5.03579564671995344E-04 -2.37833182727374762E-02
8.64571794E-01 1.24497494533823971E-01 5.04934606847501572E-04 -2.45462620597891000E-02
8.79795808E-01 1.24489465092780249E-01 5.06319564147875525E-04 -2.53145433076333408E-02
8.95033628E-01 1.24481402017813408E-01 5.07734735338464952E-04 -2.60876731646960541E-02
9.10285380E-01 1.24473304771673246E-01 5.09180422788213321E-04 -2.68651499032202291E-02
9.25551172E-01 1.24465172819164319E-01 5.10656932341440554E-04 -2.76464590432652230E-02
9.40831101E-01 1.24457005627170048E-01 5.12164573187531900E-04 -2.84310733847280075E-02
9.56125249E-01 1.24448802664662975E-01 5.13703657728312906E-04 -2.92184530419062546E-02
9.71433685E-01 1.24440563402743593E-01 5.15274501443479323E-04 -3.00080455133604138E-02
9.86756461E-01 1.24432287314669279E-01 5.16877422753827284E-04 -3.07992857786235988E-02
1.00209362E+00 1.24423973875880306E-01 5.18512742882606178E-04 -3.15915964305299307E-02
1.01744518E+00 1.24415622564020764E-01 5.20180785714800050E-04 -3.23843878389359907E-02
1.03281116E+00 1.24407232858960895E-01 5.21881877654507744E-04 -3.31770583526733581E-02
1.04819155E+00 1.24398804242812591E-01 5.23616347480442067E-04 -3.39689945372453894E-02
1.06358635E+00 1.24390336199937432E-01 5.25384526199588727E-04 -3.47595714493286537E-02
1.07899551E+00 1.24381828216959964E-01 5.27186746899086867E-04 -3.55481529541681260E-02
1.09441900E+00 1.24373279782762400E-01 5.29023344596411186E-04 -3.63340920805933221E-02
1.10985675E+00 1.24364690388490712E-01 5.30894656087942400E-04 -3.71167314192227121E-02
1.12530870E+00 1.24356059527533550E-01 5.32801019795995203E-04 -3.78954035646824200E-02
1.14077476E+00 1.24347386695524462E-01 5.34742775614343094E-04 -3.86694315971492092E-02
1.15625484E+00 1.24338671390308617E-01 5.36720264752492361E-04 -3.94381296145181470E-02
1.17174883E+00 1.24329913111921458E-01 5.38733829578653934E-04 -4.02008033044055843E-02
1.18725659E+00 1.24321111362558606E-01 5.40783813461621064E-04 -4.09567505649115135E-02
1.20277801E+00 1.24312265646528128E-01 5.42870560611705155E-04 -4.17052621684003560E-02
1.21831292E+00 1.24303375470214694E-01 5.44994415920813991E-04 -4.24456224750873537E-02
1.23386117E+00 1.24294440342014104E-01 5.47155724801874459E-04 -4.31771101876247121E-02
1.24942259E+00 1.24285459772275314E-01 5.49354833027779947E-04 -4.38989991548057595E-02
1.26499699E+00 1.24276433273228792E-01 5.51592086569999704E-04 -4.46105592188298095E-02
1.28058418E+00 1.24267360358908119E-01 5.53867831437158259E-04 -4.53110571053892686E-02
1.29618395E+00 1.24258240545056062E-01 5.56182413513609973E-04 -4.59997573577334978E-02
1.31179609E+00 1.24249073349034747E-01 5.58536178398499851E-04 -4.66759233132641102E-02
1.32742037E+00 1.24239858289710015E-01 5.60929471245311595E-04 -4.73388181161385826E-02
1.34305655E+00 1.24230594887341353E-01 5.63362636602376043E-04 -4.79877057731448939E-02
1.35870438E+00 1.24221282663446106E-01 5.65836018254459476E-04 -4.86218522397072611E-02
1.37436362E+00 1.24211921140667023E-01 5.68349959065839552E-04 -4.92405265437829628E-02
1.39003398E+00 1.24202509842621905E-01 5.70904800825189698E-04 -4.98430019371966238E-02
1.40571520E+00 1.24193048293744751E-01 5.73500884092536167E-04 -5.04285570767144323E-02
1.42140700E+00 1.24183536019109989E-01 5.76138548048775326E-04 -5.09964772273259065E-02
1.43710909E+00 1.24173972544248015E-01 5.78818130347994592E-04 -5.15460554883036132E-02
1.45282116E+00 1.24164357394962066E-01 5.81539966973140940E-04 -5.20765940340979713E-02
1.46854291E+00 1.24154690097106460E-01 5.84304392095402162E-04 -5.25874053712677009E-02
1.48427403E+00 1.24144970176373937E-01 5.87111737937679790E-04 -5.30778136012425641E-02
1.50001421E+00 1.24135197158063412E-01 5.89962334642844658E-04 -5.35471556891765274E-02
1.51576311E+00 1.24125370566832482E-01 5.92856510146991386E-04 -5.39947827348549042E-02
1.53152042E+00 1.24115489926439018E-01 5.95794590058443046E-04 -5.44200612345356050E-02
1.54728579E+00 1.24105554759475475E-01 5.98776897542962453E-04 -5.48223743413332743E-02
1.56305889E+00 1.24095564587075227E-01 6.01803753215683765E-04 -5.52011231042135661E-02
1.57883938E+00 1.24085518928614844E-01 6.04875475040449737E-04 -5.55557276968287189E-02
1.59462692E+00 1.24075417301407337E-01 6.07992378237100402E-04 -5.58856286165963292E-02
1.61042115E+00 1.24065259220374299E-01 6.11154775197400558E-04 -5.61902878590839067E-02
1.62622174E+00 1.24055044197697459E-01 6.14362975410172904E-04 -5.64691900542243427E-02
1.64202832E+00 1.24044771742474066E-01 6.17617285396422741E-04 -5.67218435582883540E-02
1.65784056E+00 1.24034441360336922E-01 6.20918008655043838E-04 -5.69477814971404706E-02
1.67365809E+00 1.24024052553077774E-01 6.24265445619855727E-04 -5.71465627503640952E-02
1.68948058E+00 1.24013604818242126E-01 6.27659893628740480E-04 -5.73177728779129397E-02
1.70530766E+00 1.24003097648713728E-01 6.31101646905540977E-04 -5.74610249828606326E-02
1.72113899E+00 1.23992530532293949E-01 6.34590996555497175E-04 -5.75759604952752260E-02
1.73697423E+00 1.23981902951246961E-01 6.38128230575031466E-04 -5.76622498061736335E-02
1.75281304E+00 1.23971214381839806E-01 6.41713633876605312E-04 -5.77195923537659264E-02
1.76865506E+00 1.23960464293867756E-01 6.45347488329360021E-04 -5.77477119615429774E-02
1.78449998E+00 1.23949652150164374E-01 6.49030072816407185E-04 -5.77468111490810343E-02
1.80034746E+00 1.23938777406117112E-01 6.52761663310168693E-04 -5.77149812748450619E-02
1.81619712E+00 1.23927839548216082E-01 6.56542519363015570E-04 -5.76547012070631540E-02
1.83204845E+00 1.23916838143963232E-01 6.60372866178751011E-04 -5.75638300945077661E-02
1.84790119E+00 1.23905772603834397E-01 6.64252977163133120E-04 -5.74429585981614324E-02
1.86375505E+00 1.23894642326809176E-01 6.68183124164031523E-04 -5.72919297454854842E-02
1.87960978E+00 1.23883446699720540E-01 6.72163577677808619E-04 -5.71106972396221713E-02
1.89546512E+00 1.23872185096597309E-01 6.76194607075770700E-04 -5.68992486477682413E-02
1.91132085E+00 1.23860856878019052E-01 6.80276480851636995E-04 -5.66576037707809052E-02
1.92717673E+00 1.23849461390432333E-01 6.84409466891146702E-04 -5.63858142386300457E-02
1.94303256E+00 1.23837997965458482E-01 6.88593832764047213E-04 -5.60839632019012949E-02
1.95888813E+00 1.23826465919201351E-01 6.92829846039169335E-04 -5.57521649517811607E-02
1.97474325E+00 1.23814864551509654E-01 6.97117774623033388E-04 -5.53905324585008199E-02
1.99059777E+00 1.23803193145256521E-01 7.01457887122274894E-04 -5.49993441176004905E-02
2.00645151E+00 1.23791450965569455E-01 7.05850453230224455E-04 -5.45786851633478301E-02
2.02230434E+00 1.23779637259087416E-01 7.10295744138308266E-04 -5.41288462180798888E-02
2.03815600E+00 1.23767751363393727E-01 7.14793991148085289E-04 -5.36500846382841554E-02
2.05400614E+00 1.23755792657379321E-01 7.19345403611101170E-04 -5.31426973129750235E-02
2.06985463E+00 1.23743760375279482E-01 7.23950239842587528E-04 -5.26070043337817650E-02
2.08570133E+00 1.23731653731784047E-01 7.28608760365818974E-04 -5.20433515839400090E-02
2.10154613E+00 1.23719471921218432E-01 7.33321228443500439E-04 -5.14521099835308707E-02
2.11738894E+00 1.23707214116689848E-01 7.38087910635558614E-04 -5.08336746277723989E-02
2.13322968E+00 1.23694879469220267E-01 7.42909077384903646E-04 -5.01884637759393501E-02
2.14906829E+00 1.23682467106861801E-01 7.47785003630755578E-04 -4.95169178068460350E-02
2.16490473E+00 1.23669976133802886E-01 7.52715969450376034E-04 -4.88194981490597188E-02
2.18073899E+00 1.23657405629445050E-01 7.57702260728552427E-04 -4.80966861890227415E-02
2.19657107E+00 1.23644754647475402E-01 7.62744169855255607E-04 -4.73489821629858240E-02
2.21240098E+00 1.23632022214922643E-01 7.67841996450941626E-04 -4.65769040375153681E-02
2.22822878E+00 1.23619207331197190E-01 7.72996048119662087E-04 -4.57809863840639500E-02
2.24405451E+00 1.23606308967117065E-01 7.78206641229614148E-04 -4.49617792513166553E-02
2.25987827E+00 1.23593326063919762E-01 7.83474101721049702E-04 -4.41198470395083100E-02
2.27570016E+00 1.23580257532269741E-01 7.88798765941322146E-04 -4.32557673858541200E-02
2.29152031E+00 1.23567102251244385E-01 7.94180981506760974E-04 -4.23701300552909860E-02
2.30733888E+00 1.23553859067308161E-01 7.99621108191441951E-04 -4.14635358541806803E-02
2.32315602E+00 1.23540526793289016E-01 8.05119518842442833E-04 -4.05365955574678236E-02
2.33897194E+00 1.23527104207330068E-01 8.10676600321533561E-04 -3.95899288626944887E-02
2.35478686E+00 1.23513590051835653E-01 8.16292754473229481E-04 -3.86241633683905156E-02
2.37060101E+00 1.23499983032416313E-01 8.21968399119234801E-04 -3.76399335818341577E-02
2.38641466E+00 1.23486275866607778E-01 8.27703765304969516E-04 -3.66302754886957613E-02
2.40222809E+00 1.23472470683835003E-01 8.33499429460482391E-04 -3.56115218621537929E-02
2.41804162E+00 1.23458567484541371E-01 8.39355914879181381E-04 -3.45762719149562206E-02
2.43385558E+00 1.23444565279876267E-01 8.45273732463426835E-04 -3.35251267794924729E-02
2.44967031E+00 1.23430462725076365E-01 8.51253402636321910E-04 -3.24587454925347602E-02
2.46548491E+00 1.23416259487633725E-01 8.57294970752749217E-04 -3.13778728651008323E-02
2.48129903E+00 1.23401954688755686E-01 8.63398697908303661E-04 -3.02832209307093946E-02
2.49711304E+00 1.23387546795193925E-01 8.69565121550838391E-04 -2.91754569805850288E-02
2.51292731E+00 1.23373034223607569E-01 8.75794804261561806E-04 -2.80552468409358165E-02
2.52874225E+00 1.23358415342302935E-01 8.82088335215613461E-04 -2.69232547117398829E-02
2.54455827E+00 1.23343688471013083E-01 8.88446331571173388E-04 -2.57801428286393124E-02
2.56037582E+00 1.23328851880005239E-01 8.94869439854121835E-04 -2.46265709278486872E-02
2.57619538E+00 1.23313903788967560E-01 9.01358337362666664E-04 -2.34631957565933739E-02
2.59201742E+00 1.23298842365811151E-01 9.07913733601343077E-04 -2.22906706159462821E-02
2.60784246E+00 1.23283665725443345E-01 9.14536371749165495E-04 -2.11096449598227286E-02
2.62367102E+00 1.23268371928514836E-01 9.21227030164560893E-04 -1.99207640248883835E-02
2.63950365E+00 1.23252958980172092E-01 9.27986523929636873E-04 -1.87246685110510069E-02
2.65534093E+00 1.23237424828770800E-01 9.34815706436287045E-04 -1.75219943002646143E-02
2.67118309E+00 1.23221767704775151E-01 9.41715321341433475E-04 -1.63133981571052557E-02
2.68702834E+00 1.23205987843493403E-01 9.48685242452201221E-04 -1.50996881928874265E-02
2.70287728E+00 1.23190083124212896E-01 9.55726393406457209E-04 -1.38814908721215935E-02
2.71873049E+00 1.23174051362916884E-01 9.62839742416903509E-04 -1.26594255751426663E-02
2.73458859E+00 1.23157890312118420E-01 9.70026304201289618E-04 -1.14341047271018965E-02
2.75045222E+00 1.23141597659901791E-01 9.77287141902906820E-04 -1.02061341659784692E-02
2.76632203E+00 1.23125171028658886E-01 9.84623369047620814E-04 -8.97611310034366477E-03
2.78219870E+00 1.23108607973724526E-01 9.92036151556634173E-04 -7.74463409748562311E-03
2.79808289E+00 1.23091905981947053E-01 9.99526709824902779E-04 -6.51228309481472790E-03
2.81397532E+00 1.23075062470233434E-01 1.00709632087220562E-03 -5.27963944350027387E-03
2.82987670E+00 1.23058074784059182E-01 1.01474632057368518E-03 -4.04727597177094185E-03
2.84578744E+00 1.23040940534712845E-01 1.02247795344612884E-03 -2.81578314176651832E-03
2.86170538E+00 1.23023660098687163E-01 1.03029124555340814E-03 -1.58594397496473159E-03
2.87763126E+00 1.23006230711241726E-01 1.03818766556653709E-03 -3.58312797563465203E-04
2.89356581E+00 1.22988649527146929E-01 1.04616875014923883E-03 8.66563642443245511E-04
2.90950981E+00 1.22970913620981503E-01 1.05423610676962250E-03 2.08814565126022025E-03
2.92546402E+00 1.22953019986089221E-01 1.06239141652202671E-03 3.30590017871936403E-03
2.94142922E+00 1.22934965533071872E-01 1.07063643703630734E-03 4.51930061959242724E-03
2.95740620E+00 1.22916747088070447E-01 1.07897300550775115E-03 5.72782660247881867E-03
2.97339577E+00 1.22898361390940250E-01 1.08740304186629865E-03 6.93096377233692884E-03
2.98939874E+00 1.22879805093312283E-01 1.09592855209879499E-03 8.12820356157931828E-03
3.00541526E+00 1.22861075539040035E-01 1.10455127246437555E-03 9.31899375105137845E-03
3.02144330E+00 1.22842172625261328E-01 1.11327181290712951E-03 1.05026265805187417E-02
3.03748369E+00 1.22823092840449857E-01 1.12209239787827730E-03 1.16786151554255316E-02
3.05353726E+00 1.22803832572883506E-01 1.13101535160123811E-03 1.28464785468187029E-02
3.06960488E+00 1.22784388110795742E-01 1.14004310239129280E-03 1.40057412001107079E-02
3.08568739E+00 1.22764755640804774E-01 1.14917818705209001E-03 1.51559327058726091E-02
3.10178565E+00 1.22744931245644090E-01 1.15842325545337005E-03 1.62965875249535298E-02
3.11790054E+00 1.22724910901580650E-01 1.16778107533513603E-03 1.74272447126869144E-02
3.13403292E+00 1.22704690475579220E-01 1.17725453736222045E-03 1.85474476481576438E-02
3.15018367E+00 1.22684265722290714E-01 1.18684666044636131E-03 1.96567437636835894E-02
3.16635040E+00 1.22663636470713600E-01 1.19655863036302167E-03 2.07544634919262193E-02
3.18253353E+00 1.22642798965809957E-01 1.20639338768238581E-03 2.18401388693080754E-02
3.19873396E+00 1.22621748716390172E-01 1.21635430193179966E-03 2.29133394645285628E-02
3.21495259E+00 1.22600481103514194E-01 1.22644489257674356E-03 2.39736381859470098E-02
3.23119032E+00 1.22578991377999297E-01 1.23666883571201609E-03 2.50206112581834970E-02
3.24744805E+00 1.22557274656672016E-01 1.24702997097242418E-03 2.60538379839591119E-02
3.26372670E+00 1.22535325917936311E-01 1.25753230872880642E-03 2.70729004565215883E-02
3.28002716E+00 1.22513139996924314E-01 1.26818003759478302E-03 2.80773832795749127E-02
3.29635033E+00 1.22490711580194978E-01 1.27897753225309852E-03 2.90668732857673646E-02
3.31269372E+00 1.22468039968530285E-01 1.28992706507612825E-03 3.00407561101837840E-02
3.32905779E+00 1.22445120279424821E-01 1.30103302962957142E-03 3.09986093149383392E-02
3.34544347E+00 1.22421946832376033E-01 1.31230032768528100E-03 3.19400403017380680E-02
3.36185170E+00 1.22398513772682682E-01 1.32373407722263781E-03 3.28646573974647818E-02
3.37828340E+00 1.22374815065999648E-01 1.33533962161214745E-03 3.37720700892130479E-02
3.39473949E+00 1.22350844491248681E-01 1.34712253895618748E-03 3.46618887848353027E-02
3.41122089E+00 1.22326595632569299E-01 1.35908865165335936E-03 3.55337244948805489E-02
3.42772852E+00 1.22302061870599652E-01 1.37124403619950474E-03 3.63871885139613466E-02
3.44426300E+00 1.22277236794858274E-01 1.38359482397772690E-03 3.72218780050504322E-02
3.46082160E+00 1.22252118941789986E-01 1.39614484164482674E-03 3.80372250497879941E-02
3.47740526E+00 1.22226701150438308E-01 1.40890089224320579E-03 3.88328589041489133E-02
3.49401492E+00 1.22200976012670298E-01 1.42187006723427998E-03 3.96084070589892492E-02
3.51065152E+00 1.22174935866962167E-01 1.43505975717762662E-03 4.03634950341472051E-02
3.52731598E+00 1.22148572788614171E-01 1.44847766206909496E-03 4.10977468388155284E-02
3.54400922E+00 1.22121878578514143E-01 1.46213180148460067E-03 4.18107845989839008E-02
3.56073216E+00 1.22094844751241258E-01 1.47603052450452849E-03 4.25022281872066768E-02
3.57748571E+00 1.22067462522839662E-01 1.49018251931529893E-03 4.31716948465359907E-02
3.59426938E+00 1.22039725099618163E-01 1.50459562992314431E-03 4.38187452675894568E-02
3.61108151E+00 1.22011627448900956E-01 1.51927694793215374E-03 4.44429017476666716E-02
3.62792306E+00 1.21983159964218740E-01 1.53423610138125541E-03 4.50437926855010301E-02
3.64479494E+00 1.21954312692391445E-01 1.54948307909164701E-03 4.56210410634581356E-02
3.66169808E+00 1.21925075327738941E-01 1.56502823562923660E-03 4.61742647351292210E-02
3.67863340E+00 1.21895437204063317E-01 1.58088229406899749E-03 4.67030767628856605E-02
3.69554741E+00 1.21865484663859824E-01 1.59700409873181717E-03 4.72054478417561693E-02
3.71242877E+00 1.21835232281635300E-01 1.61339025692499314E-03 4.76809239454265635E-02
3.72928085E+00 1.21804668390116458E-01 1.63005133308296744E-03 4.81295090415303009E-02
3.74610686E+00 1.21773781063714823E-01 1.64699806328817938E-03 4.85511639333219211E-02
3.76290990E+00 1.21742558176103619E-01 1.66424135368485018E-03 4.89458266343077153E-02
3.77969294E+00 1.21710987421918299E-01 1.68179226854979665E-03 4.93134173381378355E-02
3.79644097E+00 1.21679090754720429E-01 1.69964281858917660E-03 4.96534671715010423E-02
3.81314939E+00 1.21646871267444820E-01 1.71779518702997120E-03 4.99658231536766334E-02
3.82982180E+00 1.21614316254514784E-01 1.73626023728364292E-03 5.02505072782932702E-02
3.84646168E+00 1.21581412771137681E-01 1.75504890853739152E-03 5.05075101221081207E-02
3.86307246E+00 1.21548147664911801E-01 1.77417219804164089E-03 5.07367991539268287E-02
3.87965747E+00 1.21514507594624496E-01 1.79364113409740430E-03 5.09383214932154146E-02
3.89621998E+00 1.21480479049150811E-01 1.81346674197244021E-03 5.11120039190701841E-02
3.91276316E+00 1.21446048370258450E-01 1.83366000395004621E-03 5.12577527713428058E-02
3.92928830E+00 1.21411205669625571E-01 1.85422953084600343E-03 5.13754394627912656E-02
3.94578997E+00 1.21375955504613747E-01 1.87517516366023573E-03 5.14648871552971093E-02
3.96225006E+00 1.21340331140769891E-01 1.89647923594398783E-03 5.15258987517112910E-02
3.97867167E+00 1.21304320961216530E-01 1.91815008885654319E-03 5.15583984575551518E-02
3.99505797E+00 1.21267913043567196E-01 1.94019587294014207E-03 5.15639697013363860E-02
4.01141213E+00 1.21231095223288635E-01 1.96262454408706799E-03 5.15381942121831207E-02
4.02773736E+00 1.21193855114694035E-01 1.98544385078919857E-03 5.14857708875138056E-02
4.04403693E+00 1.21156180118090359E-01 2.00866131741898792E-03 5.14045395100175342E-02
4.06031415E+00 1.21118057425427153E-01 2.03228422547089942E-03 5.12944943827083610E-02
4.07657236E+00 1.21079474026109593E-01 2.05631959325861631E-03 5.11556253510469239E-02
4.09281497E+00 1.21040416714411250E-01 2.08077415400322128E-03 5.09877981415254866E-02
4.10904543E+00 1.21000872098293674E-01 2.10565433182174824E-03 5.07908598453880311E-02
4.12526723E+00 1.20960826609380165E-01 2.13096621493141574E-03 5.05646426660404588E-02
4.14148391E+00 1.20920266513604810E-01 2.15671552538640975E-03 5.03089654814634982E-02
4.15769907E+00 1.20879152467698939E-01 2.18290553094773517E-03 5.00234828402274304E-02
4.17389901E+00 1.20837531596605111E-01 2.20951362722213813E-03 4.97085320307512485E-02
4.19007631E+00 1.20795426050627666E-01 2.23652454793410883E-03 4.93642036251333780E-02
4.20623488E+00 1.20752825775757522E-01 2.26394033754961140E-03 4.89904564394900849E-02
4.22220731E+00 1.20710186508875814E-01 2.29146590515887528E-03 4.85913741552178868E-02
4.23798678E+00 1.20667547007507758E-01 2.31907049095010035E-03 4.81683801073141821E-02
4.25359626E+00 1.20624862298744362E-01 2.34677497476697139E-03 4.77219843129535609E-02
4.26905645E+00 1.20582089819118804E-01 2.37459789215949645E-03 4.72525506980244550E-02
4.28438602E+00 1.20539190141347466E-01 2.40255550484329500E-03 4.67604037303290601E-02
4.29960162E+00 1.20496127201234871E-01 2.43066176996229594E-03 4.62458613386225251E-02
4.31471810E+00 1.20452868357766571E-01 2.45892827138134750E-03 4.57092585384363259E-02
4.32966054E+00 1.20409644695874826E-01 2.48719739887691329E-03 4.51541612567945977E-02
4.34438740E+00 1.20366599172080743E-01 2.51536926204418794E-03 4.45835481481887952E-02
4.35892520E+00 1.20323674194638228E-01 2.54347245113426988E-03 4.39980020346141115E-02
4.37329775E+00 1.20280815437138588E-01 2.57153219186077473E-03 4.33980121677157160E-02
4.38752636E+00 1.20237972582827007E-01 2.59957055799361035E-03 4.27840896514269375E-02
4.40163008E+00 1.20195099387428214E-01 2.62760658045945329E-03 4.21568027559990136E-02
4.41562591E+00 1.20152153493721589E-01 2.65565634190597505E-03 4.15167976014762935E-02
4.42952900E+00 1.20109096134935533E-01 2.68373309613250798E-03 4.08648162144288757E-02
4.44335282E+00 1.20065891768125668E-01 2.71184742863244668E-03 4.02017117737484969E-02
4.45710943E+00 1.20022507652625468E-01 2.74000746098623273E-03 3.95284609870425324E-02
4.47080965E+00 1.19978913386866726E-01 2.76821909184228740E-03 3.88461735854742155E-02
4.48446325E+00 1.19935080422974460E-01 2.79648625913348501E-03 3.81560990974171219E-02
4.49807919E+00 1.19890981586253942E-01 2.82481120211278743E-03 3.74596312583516319E-02
4.51166576E+00 1.19846590632826822E-01 2.85319469837227915E-03 3.67583105779752464E-02
4.52518391E+00 1.19802039918467995E-01 2.88153840403747698E-03 3.60562336886164070E-02
4.53862638E+00 1.19757359341273836E-01 2.90980946823879210E-03 3.53560430931291955E-02
4.55200473E+00 1.19712514566009093E-01 2.93801410249683054E-03 3.46594527667455701E-02
4.56532929E+00 1.19667473343510883E-01 2.96615586455916845E-03 3.39682999127948193E-02
4.57860962E+00 1.19622204810789848E-01 2.99423646951133037E-03 3.32845373103097877E-02
4.59185487E+00 1.19576678547388598E-01 3.02225648411384067E-03 3.26102032787598806E-02
4.60507404E+00 1.19530863673087989E-01 3.05021590575114661E-03 3.19473980405590580E-02
4.61827625E+00 1.19484728110890934E-01 3.07811461692213432E-03 3.12982701677036318E-02
4.63147091E+00 1.19438238072000436E-01 3.10595271291107212E-03 3.06650084869201610E-02
4.64466772E+00 1.19391357780629495E-01 3.13373071305570773E-03 3.00498288120801017E-02
4.65787678E+00 1.19344049429089702E-01 3.16144967943783346E-03 2.94549605401155830E-02
4.67110845E+00 1.19296273333786007E-01 3.18911127619149427E-03 2.88826378703178864E-02
4.68432539E+00 1.19248166111229792E-01 3.21661888202003001E-03 2.83370774693966418E-02
4.69751041E+00 1.19199794890239255E-01 3.24392014759120962E-03 2.78212608901610044E-02
4.71066701E+00 1.19151150725796628E-01 3.27100754541819611E-03 2.73370220626112624E-02
4.72379926E+00 1.19102221829547300E-01 3.29787642128849794E-03 2.68860105843759731E-02
4.73691163E+00 1.19052994238211765E-01 3.32452494323790546E-03 2.64696755874869807E-02
4.75000895E+00 1.19003452331981022E-01 3.35095379686063330E-03 2.60892370210063680E-02
4.76309622E+00 1.18953579353530584E-01 3.37716567353133932E-03 2.57456776549300284E-02
4.77617853E+00 1.18903357948698232E-01 3.40316462239904829E-03 2.54397359702833691E-02
4.78926092E+00 1.18852770709114097E-01 3.42895535665477518E-03 2.51719004072265447E-02
4.80234825E+00 1.18801800684200598E-01 3.45454260185436074E-03 2.49424057415138303E-02
4.81544512E+00 1.18750431831263201E-01 3.47993055008369431E-03 2.47512329076129758E-02
4.82855579E+00 1.18698649379794421E-01 3.50512245124052048E-03 2.45981143652852195E-02
4.84168410E+00 1.18646440094351435E-01 3.53012034640537474E-03 2.44825474785014575E-02
4.85483345E+00 1.18593792426723119E-01 3.55492493542933262E-03 2.44038081504625928E-02
4.86800683E+00 1.18540696552470945E-01 3.57953556878721785E-03 2.43872391616407683E-02
4.88120678E+00 1.18487144289976254E-01 3.60395035518642787E-03 2.43135399770594597E-02
4.89443554E+00 1.18433128910802946E-01 3.62816637574215782E-03 2.43408842498264756E-02
4.90769503E+00 1.18378644834254337E-01 3.65217999355234562E-03 2.44719073599483951E-02
4.92098704E+00 1.18323687234496197E-01 3.67598724648042540E-03 2.44895418157395524E-02
4.93431329E+00 1.18268251579323469E-01 3.69958430534881146E-03 2.46464560370471542E-02
4.94767558E+00 1.18212333096690964E-01 3.72296797202516672E-03 2.47596167097636176E-02
4.96107590E+00 1.18155926237573025E-01 3.74613617381578876E-03 2.49308185234678632E-02
4.97451652E+00 1.18099024139127554E-01 3.76908839198159939E-03 2.51146313151213475E-02
4.98800013E+00 1.18041618145095631E-01 3.79182595497033195E-03 2.53220343370372004E-02
5.00152989E+00 1.17983697404040869E-01 3.81435214039485505E-03 2.55481948035465138E-02
5.01510949E+00 1.17925248566366062E-01 3.83667206523514992E-03 2.57926151119355421E-02
5.02874320E+00 1.17866255579937726E-01 3.85879238938117161E-03 2.60539630503861773E-02
5.04243590E+00 1.17806699570697421E-01 3.88072089833982076E-03 2.63313255287105676E-02
5.05619304E+00 1.17746558784811772E-01 3.90246605454944422E-03 2.66239637728345191E-02
5.07002068E+00 1.17685808566219158E-01 3.92403660866584916E-03 2.69313708427233976E-02
5.08392540E+00 1.17624421346978064E-01 3.94544134419460776E-03 2.72532626497082042E-02
5.09780460E+00 1.17562853991099101E-01 3.96652370742256108E-03 2.75870519560298226E-02
5.11163956E+00 1.17501197093763568E-01 3.98726041824165600E-03 2.79318482689808988E-02
5.12542106E+00 1.17439499235864636E-01 4.00764373312771215E-03 2.82871668072980087E-02
5.13916289E+00 1.17377705355496201E-01 4.02770035713397728E-03 2.86532439892627257E-02
5.15287825E+00 1.17315761127429308E-01 4.04745589117182138E-03 2.90304838757333428E-02
5.16657940E+00 1.17253614296011346E-01 4.06693502447683444E-03 2.94193988760876081E-02
5.18027744E+00 1.17191215952915428E-01 4.08616172799104206E-03 2.98205674236223586E-02
5.19398206E+00 1.17128521682824116E-01 4.10515945561073722E-03 3.02345994017064017E-02
5.20770133E+00 1.17065492493656914E-01 4.12395135984843994E-03 3.06621041184306359E-02
5.22144155E+00 1.17002095447984067E-01 4.14256051113199002E-03 3.11036613075354670E-02
5.23520731E+00 1.16938303914575228E-01 4.16101009739338040E-03 3.15597958840680981E-02
5.24900145E+00 1.16874097372116820E-01 4.17932358147816031E-03 3.20309575842283104E-02
5.26282537E+00 1.16809458719375259E-01 4.19752618108261508E-03 3.25178414600520369E-02
5.27667928E+00 1.16744378140101093E-01 4.21564117144265695E-03 3.30200934417613362E-02
5.29056261E+00 1.16678848016340334E-01 4.23369305483431262E-03 3.35381697848644370E-02
5.30447448E+00 1.16612861159027151E-01 4.25170700777729657E-03 3.40721571802685419E-02
5.31841421E+00 1.16546409037323148E-01 4.26970875101137168E-03 3.46220754118188520E-02
5.33238179E+00 1.16479479909368272E-01 4.28772449393944460E-03 3.51878976392194162E-02
5.34637666E+00 1.16412064840768131E-01 4.30577881281333803E-03 3.57695110770474972E-02
5.36038980E+00 1.16344196484035628E-01 4.32388391137126897E-03 3.63663895334827708E-02
5.37442529E+00 1.16275845448929660E-01 4.34206698090611708E-03 3.69784620535279357E-02
5.38848738E+00 1.16206981901778972E-01 4.36035324013054216E-03 3.76056480424433598E-02
5.40258083E+00 1.16137574138375416E-01 4.37876625384490785E-03 3.82478691948498414E-02
5.41671103E+00 1.16067587412996512E-01 4.39732841396173711E-03 3.89050617332173734E-02
5.43088419E+00 1.15996983148858729E-01 4.41606159271468440E-03 3.95771884312530742E-02
5.44510726E+00 1.15925718634870167E-01 4.43498795213277067E-03 4.02642443448400569E-02
5.45938783E+00 1.15853747270068932E-01 4.45413083019560990E-03 4.09662554416072092E-02
5.47373386E+00 1.15781019363210641E-01 4.47351555501669228E-03 4.16832699710002960E-02
5.48815338E+00 1.15707483434970906E-01 4.49317000276806128E-03 4.24153432002257261E-02
5.50265410E+00 1.15633087905852402E-01 4.51312474155914512E-03 4.31625168354683522E-02
5.51724310E+00 1.15557782991583063E-01 4.53341268593776200E-03 4.39247951061215863E-02
5.53192643E+00 1.15481522584288149E-01 4.55406828363760091E-03 4.47021200146470524E-02
5.54662152E+00 1.15404724332954317E-01 4.57500166538814430E-03 4.54897834411228177E-02
5.56131874E+00 1.15327433340196572E-01 4.59622327298878346E-03 4.62865716550268161E-02
5.57601908E+00 1.15249639842434207E-01 4.61775642945739216E-03 4.70918702678371354E-02
5.59072290E+00 1.15171337955563516E-01 4.63961996732312979E-03 4.79050395432814580E-02
5.60538174E+00 1.15092785440512727E-01 4.66175410455671978E-03 4.87227643786321551E-02
5.62003157E+00 1.15013790995269038E-01 4.68421892432019198E-03 4.95461893435374251E-02
5.63471216E+00 1.14934137511748594E-01 4.70707663853491259E-03 5.03768237442750733E-02
5.64944436E+00 1.14853706378935466E-01 4.73035608941091510E-03 5.12151870334550605E-02
5.66418628E+00 1.14772723224669498E-01 4.75398121826947628E-03 5.20582832853736244E-02
5.67893895E+00 1.14691182153151106E-01 4.77793790026785192E-03 5.29053864435448315E-02
5.69365253E+00 1.14609361454748662E-01 4.80212533601297176E-03 5.37529713291341818E-02
5.70828377E+00 1.14527509759934282E-01 4.82644980402842545E-03 5.45978129518903121E-02
5.72287446E+00 1.14445398689464919E-01 4.85095953090243417E-03 5.54415163598488345E-02
5.73747126E+00 1.14362762923550493E-01 4.87571697699833856E-03 5.62861378691625336E-02
5.75212664E+00 1.14279293893870371E-01 4.90080303283537810E-03 5.71341227606423432E-02
5.76680407E+00 1.14195186320717026E-01 4.92615620838801702E-03 5.79829355023225440E-02
5.78137811E+00 1.14111156413366485E-01 4.95156907853299896E-03 5.88249613750689362E-02
5.79589966E+00 1.14026908273742941E-01 4.97714740370605417E-03 5.96624697999845535E-02
5.81038060E+00 1.13942362693234850E-01 5.00293845827712129E-03 6.04958160387734506E-02
5.82484101E+00 1.13857387699324686E-01 5.02901255328437862E-03 6.13258100056436883E-02
5.83932650E+00 1.13771694245769286E-01 5.05549412283381322E-03 6.21547359190736184E-02
5.85380095E+00 1.13685475739133152E-01 5.08236403791021470E-03 6.29803931360000263E-02
5.86812018E+00 1.13599589388168151E-01 5.10939612294026343E-03 6.37945604027490426E-02
5.88233679E+00 1.13513723062282482E-01 5.13672105813482716E-03 6.45998771264019583E-02
5.89650408E+00 1.13427549406342601E-01 5.16446591506454934E-03 6.53993198736200210E-02
5.91067483E+00 1.13340736066756237E-01 5.19275010379946066E-03 6.61958014522287946E-02
5.92465371E+00 1.13254489770712632E-01 5.22117942343429137E-03 6.69787100516372191E-02
5.93841715E+00 1.13168985294688149E-01 5.24967560663822802E-03 6.77465453029413994E-02
5.95198722E+00 1.13084113440188996E-01 5.27823940569221734E-03 6.85005905661859316E-02
5.96540795E+00 1.12999621273025944E-01 5.30691027994411365E-03 6.92433319163778399E-02
5.97871618E+00 1.12915294293227053E-01 5.33570969583575371E-03 6.99768556935980585E-02
5.99194255E+00 1.12830952366778287E-01 5.36464511981097920E-03 7.07028649229909933E-02
6.00511250E+00 1.12746444774789720E-01 5.39371338624904106E-03 7.14227405181594166E-02
6.01824726E+00 1.12661644640791911E-01 5.42290366747996515E-03 7.21375971610842687E-02
6.03136486E+00 1.12576442788272182E-01 5.45220028486953241E-03 7.28483408797013093E-02
6.04448121E+00 1.12490741002281250E-01 5.48158546856099445E-03 7.35557296396425336E-02
6.05761130E+00 1.12404444639817441E-01 5.51104205053532924E-03 7.42604379963944100E-02
6.07069818E+00 1.12317935534776495E-01 5.54039430744698771E-03 7.49593958646789238E-02
6.08367436E+00 1.12231676135196662E-01 5.56944742686113145E-03 7.56489206342741694E-02
6.09656677E+00 1.12145504465688703E-01 5.59822300793244403E-03 7.63302261170865221E-02
6.10939963E+00 1.12059270249590323E-01 5.62673965497037607E-03 7.70045548986417472E-02
6.12219585E+00 1.11972827309015463E-01 5.65501628456786375E-03 7.76730386266547002E-02
6.13497837E+00 1.11886024867858827E-01 5.68307574895508035E-03 7.83368109409514068E-02
6.14777144E+00 1.11798698799774401E-01 5.71094776143152381E-03 7.89970743605829528E-02
6.16057155E+00 1.11710872240676093E-01 5.73860533739457661E-03 7.96536661908323618E-02
6.17337710E+00 1.11622556034806530E-01 5.76602931692839389E-03 8.03064961356538126E-02
6.18621730E+00 1.11533546685044588E-01 5.79326749044819633E-03 8.09570219717150458E-02
6.19911953E+00 1.11443649452851484E-01 5.82036077884008022E-03 8.16066661469550814E-02
6.21210974E+00 1.11352675813961507E-01 5.84734344180335049E-03 8.22567606334671797E-02
6.22521295E+00 1.11260439871973413E-01 5.87424498474127532E-03 8.29085864913338411E-02
6.23845380E+00 1.11166753786011735E-01 5.90109363324458399E-03 8.35633974201719643E-02
6.25185717E+00 1.11071422377516479E-01 5.92792086805465999E-03 8.42224463801111017E-02
6.26540003E+00 1.10974587739054803E-01 5.95466999955475244E-03 8.48847442730643470E-02
6.27888463E+00 1.10877654220235711E-01 5.98095876695660476E-03 8.55411609892015590E-02
6.29236335E+00 1.10780243862116282E-01 6.00691686422855000E-03 8.61938494823620421E-02
6.30587989E+00 1.10682029741022342E-01 6.03265885079800820E-03 8.68451524329325181E-02
6.31946931E+00 1.10582740370202603E-01 6.05828095644717936E-03 8.74968728826783226E-02
6.33315783E+00 1.10482164257295845E-01 6.08385892075696214E-03 8.81503766428782809E-02
6.34696291E+00 1.10380153147007984E-01 6.10944678842885881E-03 8.88065854586699843E-02
6.36089354E+00 1.10276622064126834E-01 6.13507763642850285E-03 8.94659910608469611E-02
6.37495124E+00 1.10171544182683087E-01 6.16076686786722234E-03 9.01286965841488208E-02
6.38913180E+00 1.10064939025393146E-01 6.18651776496549188E-03 9.07944919082425278E-02
6.40342784E+00 1.09956853774086954E-01 6.21232795917353413E-03 9.14629651221420953E-02
6.41783205E+00 1.09847339226513865E-01 6.23819502077058163E-03 9.21336426623819427E-02
6.43234057E+00 1.09736423427405708E-01 6.26412007269505199E-03 9.28061404589386046E-02
6.44695608E+00 1.09624086535971027E-01 6.29010985425287709E-03 9.34803032399051798E-02
6.46169029E+00 1.09510239875810156E-01 6.31617865855825435E-03 9.41563130825102124E-02
6.47656542E+00 1.09394710690202526E-01 6.34235106115910163E-03 9.48347591944371932E-02
6.49152556E+00 1.09277935033759530E-01 6.36851036851033940E-03 9.55128786388810269E-02
6.50646563E+00 1.09160747318110790E-01 6.39445915579317514E-03 9.61856823823873663E-02
6.52138552E+00 1.09043168513497574E-01 6.42018870726461001E-03 9.68525653256918639E-02
6.53628482E+00 1.08925220546932475E-01 6.44569209330539926E-03 9.75131928324560887E-02
6.55116268E+00 1.08806928597826036E-01 6.47096729787280563E-03 9.81672308830562057E-02
6.56601779E+00 1.08688322275620849E-01 6.49602161527839186E-03 9.88143288527439934E-02
6.58084841E+00 1.08569435596731767E-01 6.52087443206527534E-03 9.94541138250503998E-02
6.59564619E+00 1.08450355897027020E-01 6.54554566960138112E-03 1.00085954782025227E-01
6.61041050E+00 1.08331109528274863E-01 6.57007180118866860E-03 1.00709536212268011E-01
6.62514093E+00 1.08211721647513234E-01 6.59447991164412422E-03 1.01324602994368185E-01
6.63983688E+00 1.08092221130883334E-01 6.61877196560572457E-03 1.01930933900798146E-01
6.65449752E+00 1.07972641710158315E-01 6.64291458736718937E-03 1.02528341940865519E-01
6.66912177E+00 1.07853021187075584E-01 6.66684016550365532E-03 1.03116673101374609E-01
6.68370350E+00 1.07733437643011368E-01 6.69045313777429009E-03 1.03695630814916756E-01
6.69823750E+00 1.07613958073755775E-01 6.71366066868447561E-03 1.04264989646031328E-01
6.71265797E+00 1.07495145064522027E-01 6.73629627034985374E-03 1.04822402528509898E-01
6.72693613E+00 1.07377253191822952E-01 6.75828626406602649E-03 1.05366856733201203E-01
6.74111481E+00 1.07259935610895127E-01 6.77969115120910949E-03 1.05900041292500094E-01
6.75523547E+00 1.07142845776121515E-01 6.80057779827521885E-03 1.06423749436652615E-01
6.76933877E+00 1.07025636539181249E-01 6.82101288082973684E-03 1.06939725009051315E-01
6.78346520E+00 1.06907957401244064E-01 6.84105949113550989E-03 1.07449711474147946E-01
6.79762455E+00 1.06789712725453192E-01 6.86073453128592092E-03 1.07954461525091153E-01
6.81172918E+00 1.06671629795216549E-01 6.87992774992501020E-03 1.08451562516131264E-01
6.82578011E+00 1.06553698533996585E-01 6.89866835182976687E-03 1.08941421142889919E-01
6.83977863E+00 1.06435902841130123E-01 6.91700286288750212E-03 1.09424765432050916E-01
6.85372626E+00 1.06318220275178593E-01 6.93499724080430101E-03 1.09902360652735953E-01
6.86762472E+00 1.06200623842752889E-01 6.95273082387512942E-03 1.10375017344090123E-01
6.88147584E+00 1.06083085858026713E-01 6.97028171347804752E-03 1.10843571892921197E-01
6.89528160E+00 1.05965582286620605E-01 6.98770953161837599E-03 1.11308882978910104E-01
6.90904410E+00 1.05848095323979818E-01 7.00504402973463162E-03 1.11771843245052446E-01
6.92275700E+00 1.05730686465156209E-01 7.02227465780874693E-03 1.12233131456596219E-01
6.93641736E+00 1.05613392751781915E-01 7.03937684940044665E-03 1.12693554457686862E-01
6.95002701E+00 1.05496209799423743E-01 7.05632894352475806E-03 1.13154107950741697E-01
6.96358804E+00 1.05379128301547748E-01 7.07311676297381255E-03 1.13615808240451532E-01
6.97710274E+00 1.05262134442771327E-01 7.08973453815891618E-03 1.14079649476042363E-01
6.99057364E+00 1.05145211912147402E-01 7.10617891755478247E-03 1.14546583789780901E-01
7.00400352E+00 1.05028343498652615E-01 7.12244350895557300E-03 1.15017516609778311E-01
7.01739543E+00 1.04911510694256402E-01 7.13852027150671965E-03 1.15493316275531138E-01
7.03075268E+00 1.04794691289522762E-01 7.15440828719454431E-03 1.15974827734621047E-01
7.04407895E+00 1.04677856282148818E-01 7.17012508193022764E-03 1.16462879559424401E-01
7.05737831E+00 1.04560967555392750E-01 7.18571458942872648E-03 1.16958282142933759E-01
7.07065523E+00 1.04443976945904404E-01 7.20124861311145868E-03 1.17461825694970670E-01
7.08391469E+00 1.04326826478108120E-01 7.21682209135464121E-03 1.17974287303620723E-01
7.09716222E+00 1.04209449304977012E-01 7.23254434670013348E-03 1.18496446147679568E-01
7.11040393E+00 1.04091771064333732E-01 7.24852880387472434E-03 1.19029097065922115E-01
7.12364656E+00 1.03973711452437070E-01 7.26488331688551238E-03 1.19573054916203403E-01
7.13689756E+00 1.03855185689542523E-01 7.28170272998677343E-03 1.20129152491610061E-01
7.15016506E+00 1.03736105419103081E-01 7.29906473861365469E-03 1.20698240509007224E-01
7.16345794E+00 1.03616378664803110E-01 7.31702964228187966E-03 1.21281194056285624E-01
7.17678582E+00 1.03495908810456838E-01 7.33564397650874733E-03 1.21878923278078824E-01
7.19015906E+00 1.03374593054084113E-01 7.35494675943908736E-03 1.22492382836479688E-01
7.20358872E+00 1.03252321175827139E-01 7.37497545030006262E-03 1.23122574211671859E-01
7.21708655E+00 1.03128975434163980E-01 7.39576818914548448E-03 1.23770536994593089E-01
7.23066489E+00 1.03004431818257053E-01 7.41736077760718482E-03 1.24437330924788842E-01
7.24432349E+00 1.02878683624230804E-01 7.43975866479275327E-03 1.25123405245268382E-01
7.25806040E+00 1.02751743390219724E-01 7.46294838313993434E-03 1.25828997619131217E-01
7.27188811E+00 1.02623491166744574E-01 7.48692749342194392E-03 1.26554945367289756E-01
7.28581649E+00 1.02493828588363312E-01 7.51168580214550338E-03 1.27301986519337329E-01
7.29986446E+00 1.02362566528201818E-01 7.53723916075123637E-03 1.28071297175420734E-01
7.31394400E+00 1.02230517598358564E-01 7.56342529330399343E-03 1.28858512278694465E-01
7.32808582E+00 1.02097377012728502E-01 7.59032378691312532E-03 1.29664725327256203E-01
7.34238363E+00 1.01962223868097279E-01 7.61816734699738169E-03 1.30494796358124027E-01
7.35659347E+00 1.01827346110811928E-01 7.64653993695315823E-03 1.31335547540375019E-01
7.37073328E+00 1.01692565000121124E-01 7.67552786780074849E-03 1.32186339573469647E-01
7.38489445E+00 1.01556984728306432E-01 7.70536695813943406E-03 1.33051441496292416E-01
7.39908417E+00 1.01420508672513496E-01 7.73610831576632997E-03 1.33931068675900322E-01
7.41314785E+00 1.01284623164995230E-01 7.76742031559291349E-03 1.34815721508637354E-01
7.42719679E+00 1.01148251026265679E-01 7.79953591413979665E-03 1.35710670653979321E-01
7.44134542E+00 1.01010257723482849E-01 7.83270850686578618E-03 1.36622535286040653E-01
7.45548605E+00 1.00871680058231092E-01 7.86667417478675510E-03 1.37544953155843364E-01
7.46952972E+00 1.00733396778696624E-01 7.90120073380716666E-03 1.38471713388730128E-01
7.48339757E+00 1.00596201715194483E-01 7.93607682495395782E-03 1.39396874544748139E-01
7.49713354E+00 1.00459667592818297E-01 7.97140556850370503E-03 1.40322147837161210E-01
7.51077662E+00 1.00323397786712953E-01 8.00729477377789059E-03 1.41249502202658223E-01
7.52435995E+00 1.00187041473753430E-01 8.04384916359997433E-03 1.42180758575122135E-01
7.53784347E+00 1.00050983743775190E-01 8.08097765741985254E-03 1.43113042399921370E-01
7.55120371E+00 9.99154515152109735E-02 8.11862225036974819E-03 1.44044250301532423E-01
7.56447786E+00 9.97800546868605615E-02 8.15688734143520458E-03 1.44976259634867322E-01
7.57769883E+00 9.96444380143922670E-02 8.19586498090471918E-03 1.45910980015082958E-01
7.59089450E+00 9.95082908938964422E-02 8.23563381020819135E-03 1.46850095541272013E-01
7.60408713E+00 9.93713541468113498E-02 8.27625867578665395E-03 1.47794945327426985E-01
7.61729317E+00 9.92334241678052564E-02 8.31778941916035304E-03 1.48746481546249892E-01
7.63052328E+00 9.90943540581215587E-02 8.36025918087109424E-03 1.49705254705940510E-01
7.64368115E+00 9.89551368600354309E-02 8.40334899845885004E-03 1.50664425123689327E-01
7.65665616E+00 9.88169516429321243E-02 8.44666902031227657E-03 1.51615641029688303E-01
7.66964072E+00 9.86777351028846061E-02 8.49084121000023492E-03 1.52571350399466871E-01
7.68264138E+00 9.85373796175405825E-02 8.53588666511617515E-03 1.53532284907544697E-01
7.69562023E+00 9.83962653788803127E-02 8.58167585231457350E-03 1.54495675144705635E-01
7.70881968E+00 9.82516892241850071E-02 8.62908627280052631E-03 1.55478154934812485E-01
7.72210326E+00 9.81050763638376122E-02 8.67765931111133711E-03 1.56470717580010632E-01
7.73535822E+00 9.79576458539786754E-02 8.72698857467027987E-03 1.57464864238615138E-01
7.74861177E+00 9.78090821718526349E-02 8.77716049419049842E-03 1.58461684009150866E-01
7.76189272E+00 9.76590430607372911E-02 8.82825442030879537E-03 1.59462898846235240E-01
7.77513017E+00 9.75083263039174669E-02 8.87994542452578452E-03 1.60463257503314249E-01
7.78832376E+00 9.73569477916548104E-02 8.93215792632704765E-03 1.61462167967073716E-01
7.80149707E+00 9.72046489026391208E-02 8.98489815064713176E-03 1.62460894400435291E-01
7.81467519E+00 9.70511481191568409E-02 9.03817104419767613E-03 1.63460951737190746E-01
7.82788426E+00 9.68961468683313398E-02 9.09198142549216652E-03 1.64463945753966334E-01
7.84115093E+00 9.67393350159858473E-02 9.14633446358968302E-03 1.65471509365008845E-01
7.85450180E+00 9.65803968290669113E-02 9.20123396874560767E-03 1.66485255411355365E-01
7.86790661E+00 9.64196985709666055E-02 9.25644755136491304E-03 1.67502702410510046E-01
7.88115235E+00 9.62598445318132018E-02 9.31099343995053785E-03 1.68508116428563087E-01
7.89421507E+00 9.61012034900021878E-02 9.36467302651346374E-03 1.69498588784894461E-01
7.90714644E+00 9.59432156742085207E-02 9.41759547248876595E-03 1.70477143073658743E-01
7.91999551E+00 9.57853344032980752E-02 9.46984867873248981E-03 1.71447059774734734E-01
7.93280915E+00 9.56270270891044494E-02 9.52149805388213637E-03 1.72411499809874774E-01
7.94563221E+00 9.54677762131486279E-02 9.57258895432769145E-03 1.73373432603309896E-01
7.95850767E+00 9.53070773913163305E-02 9.62315570514063294E-03 1.74335634104040127E-01
7.97147702E+00 9.51444340413035439E-02 9.67323315401141109E-03 1.75300703876105940E-01
7.98458090E+00 9.49793497072118353E-02 9.72286157168566686E-03 1.76271103572760574E-01
7.99782112E+00 9.48118142365651229E-02 9.77193801124562333E-03 1.77246523121279670E-01
8.01092366E+00 9.46453477044797986E-02 9.81937652946325915E-03 1.78207537917066117E-01
8.02394010E+00 9.44793682131385565E-02 9.86531420027558781E-03 1.79156301664296774E-01
8.03691838E+00 9.43133268585485407E-02 9.90984450700331532E-03 1.80095664646286679E-01
8.04990424E+00 9.41466924462791149E-02 9.95303229759114672E-03 1.81028447375421925E-01
8.06294244E+00 9.39789361027510289E-02 9.99492883521992635E-03 1.81957304187792962E-01
8.07607776E+00 9.38095182649217735E-02 1.00355816175680557E-02 1.82884764234515690E-01
8.08935580E+00 9.36378795523305912E-02 1.00750376699010030E-02 1.83813249400507583E-01
8.10272301E+00 9.34647432524277344E-02 1.01130625682542483E-02 1.84738598307878754E-01
8.11612318E+00 9.32908767551101914E-02 1.01494537653227749E-02 1.85656222691460981E-01
8.12953561E+00 9.31165935159293939E-02 1.01841277509056097E-02 1.86563865134621948E-01
8.14280352E+00 9.29439872126220923E-02 1.02166826629068348E-02 1.87451047073060567E-01
8.15603403E+00 9.27717177694840495E-02 1.02473892867245113E-02 1.88323466385615479E-01
8.16932360E+00 9.25985680861581839E-02 1.02764371405435449E-02 1.89186792689305910E-01
8.18276052E+00 9.24234131589582175E-02 1.03039640028982811E-02 1.90045917332379272E-01
8.19604081E+00 9.22502387932627593E-02 1.03293848868229853E-02 1.90882679321402682E-01
8.20917398E+00 9.20789306963008675E-02 1.03528770794078448E-02 1.91696325542302731E-01
8.22229328E+00 9.19077299485983046E-02 1.03748503821111358E-02 1.92494298391539309E-01
8.23552095E+00 9.17349938533298104E-02 1.03956572616232014E-02 1.93283502341668828E-01
8.24897428E+00 9.15591254347114109E-02 1.04155937889560991E-02 1.94070022035998935E-01
8.26214353E+00 9.13867454965856946E-02 1.04340521758284881E-02 1.94826963287474397E-01
8.27508098E+00 9.12171595801760243E-02 1.04512630190818148E-02 1.95554992134656602E-01
8.28797221E+00 9.10479174353774623E-02 1.04675287826594566E-02 1.96264369553203061E-01
8.30099871E+00 9.08766070265693282E-02 1.04830371752214647E-02 1.96964691816102794E-01
8.31435525E+00 9.07006251220569132E-02 1.04979059588610844E-02 1.97665284512309636E-01
8.32827094E+00 9.05168902680270615E-02 1.05122175933778823E-02 1.98376091045545516E-01
8.34215424E+00 9.03331762089392004E-02 1.05252782876823492E-02 1.99069738989180123E-01
8.35565433E+00 9.01541582303089922E-02 1.05368676636317278E-02 1.99727530909949519E-01
8.36889381E+00 8.99782493752488421E-02 1.05472499005419187E-02 2.00354768782203985E-01
8.38205964E+00 8.98029737750944412E-02 1.05566777253817672E-02 2.00961104373552774E-01
8.39509858E+00 8.96290376724224597E-02 1.05651948330695508E-02 2.01545438371917462E-01
8.40789070E+00 8.94580501702273989E-02 1.05728239428004283E-02 2.02103129364972267E-01
8.42062700E+00 8.92874646648334352E-02 1.05797704377408736E-02 2.02641222049410374E-01
8.43347824E+00 8.91149768204555770E-02 1.05861728298367892E-02 2.03167296623970650E-01
8.44660948E+00 8.89383368445855887E-02 1.05921105570016012E-02 2.03687291355104771E-01
8.46019274E+00 8.87551855843709825E-02 1.05975937780627642E-02 2.04206646877861109E-01
8.47371064E+00 8.85724853902179893E-02 1.06023110544313723E-02 2.04709013551139990E-01
8.48679392E+00 8.83952951588933278E-02 1.06060753747726621E-02 2.05179708845674658E-01
8.49945246E+00 8.82235794411924679E-02 1.06088573277990181E-02 2.05619069558150430E-01
8.51189878E+00 8.80545336478062712E-02 1.06106511644906143E-02 2.06035177181621038E-01
8.52430475E+00 8.78858755130898089E-02 1.06114055276212791E-02 2.06434836863017085E-01
8.53665331E+00 8.77178769859328494E-02 1.06110685524304482E-02 2.06818703072786408E-01
8.54867710E+00 8.75542123701172348E-02 1.06096995853165142E-02 2.07180367259369641E-01
8.56057235E+00 8.73922451714573417E-02 1.06074128725365553E-02 2.07397156885768902E-01
8.57251391E+00 8.72296096114606873E-02 1.06043141932586973E-02 2.08024553580651167E-01
8.58466987E+00 8.70640202647217504E-02 1.06004972164039212E-02 2.08067452167888800E-01
8.59721199E+00 8.68931367624132533E-02 1.05960296272632950E-02 2.08585486740372111E-01
8.60982827E+00 8.67212126083756196E-02 1.05911105786213652E-02 2.08659129205685578E-01
8.62205997E+00 8.65545263202795734E-02 1.05859653820172695E-02 2.09265286655346189E-01
8.63414129E+00 8.63899437246985064E-02 1.05804713700592603E-02 2.09289657205151580E-01
8.64627406E+00 8.62247821470142894E-02 1.05743937179924932E-02 2.09671078575696612E-01
8.65865042E+00 8.60565066415615310E-02 1.05673886924995079E-02 2.09743014674663719E-01
8.67146983E+00 8.58825043923340942E-02 1.05590135113714512E-02 2.10284936425917363E-01
8.68421253E+00 8.57099071929106893E-02 1.05493319284435342E-02 2.10300562105642547E-01
8.69666447E+00 8.55416521650878142E-02 1.05384756787972860E-02 2.10484971272076077E-01
8.70903388E+00 8.53749382736378598E-02 1.05263946619181658E-02 2.10920458600426242E-01
8.72151034E+00 8.52072067450441450E-02 1.05130906937534810E-02 2.10927599361071694E-01
8.73428156E+00 8.50359225657377621E-02 1.04985882833624877E-02 2.11018430098318693E-01
8.74754684E+00 8.48584042548608530E-02 1.04829033066662063E-02 2.11496158249562527E-01
8.76093177E+00 8.46796406550986008E-02 1.04667149799196474E-02 2.11483878802713354E-01
8.77395833E+00 8.45059860680511532E-02 1.04508101957164271E-02 2.11526329976982452E-01
8.78686702E+00 8.43342246503658438E-02 1.04350477496501590E-02 2.11880303411033810E-01
8.79986052E+00 8.41616608864917959E-02 1.04192605880099754E-02 2.11884320675831156E-01
8.81244559E+00 8.39948229415099640E-02 1.04040794093193424E-02 2.11931346450045688E-01
8.82480649E+00 8.38312379850231909E-02 1.03893304168122414E-02 2.12108261493901606E-01
8.83711102E+00 8.36686525323468017E-02 1.03748737013139320E-02 2.12193138394612901E-01
8.84952143E+00 8.35048880232935747E-02 1.03605856268485629E-02 2.12278591932757610E-01
8.86220483E+00 8.33377074812093888E-02 1.03463412218908323E-02 2.12355188921904886E-01
8.87523548E+00 8.31661048003177888E-02 1.03321069144511335E-02 2.12411653145125390E-01
8.88808302E+00 8.29970367012522608E-02 1.03184494325309958E-02 2.12461515206696344E-01
8.90096747E+00 8.28276001790251293E-02 1.03051017824257740E-02 2.12502852124566849E-01
8.91373990E+00 8.26597452071282657E-02 1.02921745065840797E-02 2.12534153923098629E-01
8.92651338E+00 8.24919790579197315E-02 1.02795240033004068E-02 2.12553958954174282E-01
8.93942610E+00 8.23224795482339344E-02 1.02670062869979050E-02 2.12561849616475174E-01
8.95242421E+00 8.21519468016065485E-02 1.02546619465652741E-02 2.12558692393625598E-01
8.96492155E+00 8.19880692294601698E-02 1.02429882361393040E-02 2.12546413743595286E-01
8.97707486E+00 8.18288142678178232E-02 1.02317507941240039E-02 2.12526432978715207E-01
8.98902529E+00 8.16723632762495627E-02 1.02206973995870327E-02 2.12499510901485333E-01
9.00090283E+00 8.15170495701440651E-02 1.02095611821865981E-02 2.12465555982093796E-01
9.01283136E+00 8.13612929593006545E-02 1.01980710252432116E-02 2.12423853298049581E-01
9.02493357E+00 8.12035355045534202E-02 1.01859557920902389E-02 2.12373418935972252E-01
9.03733564E+00 8.10421815842657239E-02 1.01729408917249700E-02 2.12313243164572424E-01
9.05017157E+00 8.08755448397938254E-02 1.01587382696276905E-02 2.12234237841844059E-01
9.06298590E+00 8.07095713748603311E-02 1.01437498370097121E-02 2.12149316235275914E-01
9.07588629E+00 8.05428969880599421E-02 1.01278201131535951E-02 2.12060230002488359E-01
9.08899940E+00 8.03739249712567549E-02 1.01107493527198868E-02 2.11965988597627608E-01
9.10183943E+00 8.02089260753580530E-02 1.00931496523135131E-02 2.11815946124966487E-01
9.11460413E+00 8.00453722061346407E-02 1.00747631384703693E-02 2.11757473244204270E-01
9.12748691E+00 7.98808198944654102E-02 1.00552542023394503E-02 2.11668528674942236E-01
9.14069523E+00 7.97126809872696629E-02 1.00341654271264881E-02 2.11485606882933885E-01
9.15408737E+00 7.95428281184675373E-02 1.00115303743960396E-02 2.11403271029858952E-01
9.16714587E+00 7.93778464907677339E-02 9.98812582857005159E-03 2.11235404195997400E-01
9.17944525E+00 7.92230622922805161E-02 9.96482973821091397E-03 2.11153394209256245E-01
9.19130092E+00 7.90744407561191354E-02 9.94126230875107958E-03 2.10986998718047547E-01
9.20295083E+00 7.89289459010049654E-02 9.91713335102457905E-03 2.10924123486733256E-01
9.21459993E+00 7.87839767921093004E-02 9.89218420523882772E-03 2.10762511969416755E-01
9.22644876E+00 7.86370122790027298E-02 9.86614404239657440E-03 2.10687633258990342E-01
9.23871864E+00 7.84853022965395358E-02 9.83867701237645803E-03 2.10520186855369190E-01
9.25168235E+00 7.83254996230871997E-02 9.80930543840177749E-03 2.10438503760008500E-01
9.26509397E+00 7.81606634523367289E-02 9.77867776873974845E-03 2.10249798989207981E-01
9.27803262E+00 7.80020882919645608E-02 9.74892953162751971E-03 2.10166715499317425E-01
9.29055933E+00 7.78490048156668668E-02 9.71994384407099017E-03 2.09995527831004086E-01
9.30290026E+00 7.76986522104499144E-02 9.69118766551346940E-03 2.09936385420931987E-01
9.31532266E+00 7.75477996127460489E-02 9.66200599967938049E-03 2.09794595652737087E-01
9.32808596E+00 7.73933458283293657E-02 9.63175373126881097E-03 2.09724154544388530E-01
9.34091718E+00 7.72386246059828530E-02 9.60105902924762895E-03 2.09578021869972875E-01
9.35373321E+00 7.70846414786318795E-02 9.57016512707520306E-03 2.09512037896846248E-01
9.36673786E+00 7.69289560580497245E-02 9.53867573217868046E-03 2.09388540587426453E-01
9.38013277E+00 7.67691778595644136E-02 9.50622199736899168E-03 2.09332880292578460E-01
9.39321010E+00 7.66137142813362870E-02 9.47461911482195239E-03 2.09207839695606967E-01
9.40605156E+00 7.64615400409396906E-02 9.44377889346625574E-03 2.09160542206566602E-01
9.41884349E+00 7.63104137499099472E-02 9.41334765392283328E-03 2.09098666851631421E-01
9.43177205E+00 7.61581211200230701E-02 9.38295819311551864E-03 2.09032291038260765E-01
9.44504171E+00 7.60022569269276776E-02 9.35220165721581224E-03 2.08967356221594180E-01
9.45889837E+00 7.58399570532157508E-02 9.32059471125811119E-03 2.08915085175747778E-01
9.47366438E+00 7.56674962819685604E-02 9.28752681535790874E-03 2.08865485280846835E-01
9.48866087E+00 7.54927904578228948E-02 9.25458816781978867E-03 2.08819532553505410E-01
9.50329971E+00 7.53226903369818707E-02 9.22310509372702841E-03 2.08781632532681616E-01
9.51769906E+00 7.51557904109563246E-02 9.19284054991252944E-03 2.08756915068026488E-01
9.53213522E+00 7.49888869848731460E-02 9.16324262846440751E-03 2.08746491706182036E-01
9.54686696E+00 7.48190144947247782E-02 9.13381015953079398E-03 2.08747034773544615E-01
9.56154214E+00 7.46502530902015821E-02 9.10521169896012436E-03 2.08754472111450901E-01
9.57602865E+00 7.44841381654896828E-02 9.07761662019688359E-03 2.08766658841365943E-01
9.59047514E+00 7.43189944191096075E-02 9.05065273340226358E-03 2.08782921675085664E-01
9.60503043E+00 7.41531638047651931E-02 9.02395823566825607E-03 2.08803553938471470E-01
9.61985131E+00 7.39849170027212510E-02 8.99716427089210409E-03 2.08829287564585186E-01
9.63511153E+00 7.38123564622727990E-02 8.96987992948069385E-03 2.08860813269731244E-01
9.65101292E+00 7.36332749210776294E-02 8.94166448161855081E-03 2.08898566946100289E-01
9.66758335E+00 7.34474746785059446E-02 8.91240545013651658E-03 2.08943152463907489E-01
9.68429512E+00 7.32609338385515063E-02 8.88297531482996026E-03 2.08996071568554043E-01
9.70094640E+00 7.30759119386688583E-02 8.85373630789532302E-03 2.09064440282825753E-01
9.71733330E+00 7.28946416900091293E-02 8.82510511011249006E-03 2.09134184141319818E-01
9.73372168E+00 7.27141462400434507E-02 8.79671063561800887E-03 2.09202014742387921E-01
9.75045271E+00 7.25306601445028926E-02 8.76806357723960809E-03 2.09267849745006812E-01
9.76718893E+00 7.23478632575720454E-02 8.73980340843458388E-03 2.09335918169389484E-01
9.78373606E+00 7.21678332935640487E-02 8.71228712862442793E-03 2.09440959036467839E-01
9.79993516E+00 7.19922630612035291E-02 8.68578516562653648E-03 2.09484817145546315E-01
9.81581536E+00 7.18207716958312870E-02 8.66022237552129676E-03 2.09547635529281573E-01
9.83168949E+00 7.16499515788807800E-02 8.63507414398095863E-03 2.09657656505717660E-01
9.84785019E+00 7.14766602938522455E-02 8.60986218672084996E-03 2.09701954517725331E-01
9.86413169E+00 7.13026855762236011E-02 8.58481329473836235E-03 2.09764157157103975E-01
9.88052423E+00 7.11281419516205660E-02 8.55991842648046349E-03 2.09870041228799376E-01
9.89668285E+00 7.09566946177383334E-02 8.53567878654391994E-03 2.09915545478741666E-01
9.91264130E+00 7.07879706480236404E-02 8.51204203413678979E-03 2.09977110726313670E-01
9.92844553E+00 7.06214729686519688E-02 8.48894719266935979E-03 2.10074991422892432E-01
9.94414458E+00 7.04566764649571242E-02 8.46632519977590786E-03 2.10113327535275257E-01
9.95978921E+00 7.02930437710216488E-02 8.44409862287963907E-03 2.10157260766903664E-01
9.97543099E+00 7.01300356119107099E-02 8.42218499743458901E-03 2.10216117369019850E-01
9.99112158E+00 6.99671175583884697E-02 8.40050124328126958E-03 2.10275799771577454E-01
1.00069122E+01 6.98037655522869283E-02 8.37896754782758296E-03 2.10329830751411956E-01
1.00228530E+01 6.96394718251236444E-02 8.35751063963292157E-03 2.10370858803788058E-01
1.00389923E+01 6.94737520929039898E-02 8.33606785734261960E-03 2.10408734988756119E-01
1.00553755E+01 6.93061547321338761E-02 8.31459327294915319E-03 2.10444589174209468E-01
1.00719551E+01 6.91371769830891325E-02 8.29317699688831775E-03 2.10478736041621928E-01
1.00883814E+01 6.89703580042903969E-02 8.27229755452521878E-03 2.10511138785319601E-01
1.01049122E+01 6.88030612870260544E-02 8.25168487403961370E-03 2.10540173295086924E-01
1.01216352E+01 6.86343861712875869E-02 8.23129880349563262E-03 2.10564456759386898E-01
1.01381271E+01 6.84685608278926272E-02 8.21168837418251134E-03 2.10584342002353042E-01
1.01543726E+01 6.83056909245395583E-02 8.19288471907963708E-03 2.10600379051195941E-01
1.01705991E+01 6.81434625292251100E-02 8.17463516437101287E-03 2.10612768393693417E-01
1.01870059E+01 6.79798679105793613E-02 8.15672067869112859E-03 2.10621531831917702E-01
1.02037712E+01 6.78131297944247063E-02 8.13894635111750246E-03 2.10626624971261056E-01
1.02206363E+01 6.76458076306920564E-02 8.12155730602438439E-03 2.10628569744230859E-01
1.02374601E+01 6.74792792317035206E-02 8.10465934936470574E-03 2.10628147154521467E-01
1.02543948E+01 6.73120228561363554E-02 8.08808470126960027E-03 2.10625732575632968E-01
1.02716565E+01 6.71418898369606360E-02 8.07163704362700435E-03 2.10621061582215580E-01
1.02886971E+01 6.69742425687197690E-02 8.05583237342675888E-03 2.10614390045863131E-01
1.03054714E+01 6.68094853244025205E-02 8.04070761537225426E-03 2.10606504442244352E-01
1.03221909E+01 6.66455104916105767E-02 8.02607996663073746E-03 2.10597857111514769E-01
1.03390471E+01 6.64804204223020251E-02 8.01178856813666851E-03 2.10588256692707032E-01
1.03562198E+01 6.63124462598563835E-02 7.99768092826002273E-03 2.10577203896239046E-01
1.03738030E+01 6.61406651907219950E-02 7.98366761385645510E-03 2.10564428550189808E-01
1.03912273E+01 6.59706300208870028E-02 7.97014170249491817E-03 2.10550845764609612E-01
1.04086516E+01 6.58007986808474415E-02 7.95692638383545953E-03 2.10538176671547589E-01
1.04261262E+01 6.56306889411219785E-02 7.94393475136295941E-03 2.10527492555224655E-01
1.04436996E+01 6.54598414907429649E-02 7.93107679348957831E-03 2.10519009944519914E-01
1.04609409E+01 6.52924461576681325E-02 7.91859241621434631E-03 2.10512870588295375E-01
1.04780201E+01 6.51268603528291773E-02 7.90630280026844226E-03 2.10509309479429807E-01
1.04950968E+01 6.49615451824362283E-02 7.89404897081742198E-03 2.10508053966254438E-01
1.05123247E+01 6.47950232469183679E-02 7.88168413375821102E-03 2.10508633984104576E-01
1.05298548E+01 6.46258456829204436E-02 7.86907554291328692E-03 2.10510837278115454E-01
1.05474357E+01 6.44564404912055244E-02 7.85638662318155490E-03 2.10515341872147654E-01
1.05648410E+01 6.42889877844517732E-02 7.84378529729018448E-03 2.10523576281040320E-01
1.05821996E+01 6.41222447282752545E-02 7.83120655399771604E-03 2.10536542996428655E-01
1.05996374E+01 6.39550051556509042E-02 7.81858857820917977E-03 2.10554273618657140E-01
1.06172787E+01 6.37860807522608736E-02 7.80586405286587924E-03 2.10576215236708303E-01
1.06352482E+01 6.36142875420618176E-02 7.79296036084459968E-03 2.10601884251306326E-01
1.06531062E+01 6.34438289345896772E-02 7.78019153537977230E-03 2.10631980974970989E-01
1.06709242E+01 6.32740257881805740E-02 7.76752069884536090E-03 2.10667107750597438E-01
1.06888172E+01 6.31037845982696383E-02 7.75488628693562620E-03 2.10707317862467353E-01
1.07068952E+01 6.29320645433663617E-02 7.74222614241360831E-03 2.10752401237086828E-01
1.07252653E+01 6.27578556712386632E-02 7.72947121087984301E-03 2.10807401068623751E-01
1.07434645E+01 6.25855443316607613E-02 7.71691766270454944E-03 2.10864389923273970E-01
1.07615865E+01 6.24142454893315615E-02 7.70447965817963511E-03 2.10923940743109967E-01
1.07797654E+01 6.22426989326716473E-02 7.69204056682958222E-03 2.10987236696072528E-01
1.07981053E+01 6.20699313527836929E-02 7.67949349416927312E-03 2.11082483624585066E-01
1.08165761E+01 6.18962377673290473E-02 7.66681128488270851E-03 2.11128327260393600E-01
1.08352039E+01 6.17213886463006886E-02 7.65392364430003431E-03 2.11221671025814184E-01
1.08536314E+01 6.15487466662610547E-02 7.64101553347543670E-03 2.11285591147173768E-01
1.08718356E+01 6.13785354124252933E-02 7.62805499702770735E-03 2.11483498362707217E-01
1.08899341E+01 6.12096634820698607E-02 7.61491274266564485E-03 2.11482486678476383E-01
1.09080368E+01 6.10411171178394038E-02 7.60145240690958054E-03 2.11513924420339200E-01
1.09262443E+01 6.08719763701085909E-02 7.58752885021983167E-03 2.11737791107597467E-01
1.09446466E+01 6.07014298607147854E-02 7.57298917169266662E-03 2.11755604631492456E-01
1.09631593E+01 6.05302836693084323E-02 7.55780691175565386E-03 2.11820212030536942E-01
1.09815584E+01 6.03606271923212284E-02 7.54208740499932861E-03 2.12100790603661132E-01
1.09999480E+01 6.01915157242129961E-02 7.52569050517257372E-03 2.12099445381353446E-01
1.10184240E+01 6.00220869190264059E-02 7.50848231191639671E-03 2.12136109705572617E-01
1.10370724E+01 5.98515742436760007E-02 7.49033177063201938E-03 2.12395060288246063E-01
1.10559677E+01 5.96793225630817617E-02 7.47110879297890971E-03 2.12411205265518793E-01
1.10751717E+01 5.95048038903066151E-02 7.45068100629636253E-03 2.12476075935674719E-01
1.10945624E+01 5.93291638911289596E-02 7.42910136795130269E-03 2.12763120540591905E-01
1.11140868E+01 5.91529236693454710E-02 7.40636451768094187E-03 2.12762007610559495E-01
1.11338189E+01 5.89754637147002492E-02 7.38232861860349098E-03 2.12795316108277177E-01
1.11536845E+01 5.87975012104445180E-02 7.35703761655510848E-03 2.13020866631412176E-01
1.11735403E+01 5.86203604176276788E-02 7.33065919541265633E-03 2.13034190603053508E-01
1.11933072E+01 5.84447785839842804E-02 7.30331792409641932E-03 2.13074594842806386E-01
1.12130208E+01 5.82704666063680043E-02 7.27500035490728954E-03 2.13185733611325173E-01
1.12327079E+01 5.80972120626901470E-02 7.24571023563372937E-03 2.13243476570747686E-01
1.12522218E+01 5.79263132471042608E-02 7.21573281011302775E-03 2.13287138568557050E-01
1.12716541E+01 5.77569678111421389E-02 7.18503420715336551E-03 2.13317398015086063E-01
1.12911004E+01 5.75883415603136509E-02 7.15358835664670501E-03 2.13328640792485064E-01
1.13105438E+01 5.74205739459063280E-02 7.12156375411091176E-03 2.13318392192612866E-01
1.13297830E+01 5.72553729417756563E-02 7.08944851931639190E-03 2.13283060985455464E-01
1.13489377E+01 5.70916798292259650E-02 7.05720631970986785E-03 2.13207781612235553E-01
1.13681325E+01 5.69284130989326301E-02 7.02476706146302338E-03 2.13161622222319630E-01
1.13873845E+01 5.67654205660006184E-02 6.99220790713997713E-03 2.12989319070659128E-01
1.14065091E+01 5.66042481577292284E-02 6.95990852520607210E-03 2.12991085116136347E-01
1.14254224E+01 5.64455820160231353E-02 6.92805144983310323E-03 2.12915943085234927E-01
1.14441590E+01 5.62891117558215401E-02 6.89660007717333729E-03 2.12645510994285358E-01
1.14627592E+01 5.61344873639006148E-02 6.86549301846910934E-03 2.12634348057921446E-01
1.14812677E+01 5.59813278535927980E-02 6.83465013462058752E-03 2.12399116432375051E-01
1.14997327E+01 5.58292305098217895E-02 6.80397789756223385E-03 2.12335676472170221E-01
1.15182050E+01 5.56777794985521962E-02 6.77337326275288462E-03 2.12021927267692284E-01
1.15367370E+01 5.55265538574224032E-02 6.74272656372390360E-03 2.11988848407153208E-01
1.15553820E+01 5.53751352511343414E-02 6.71192393850962750E-03 2.11643780600068721E-01
1.15741600E+01 5.52233799728839708E-02 6.68090313327889679E-03 2.11605443643352598E-01
1.15928133E+01 5.50733741492047332E-02 6.65005463839164930E-03 2.11229584170718881E-01
1.16113851E+01 5.49247670837701985E-02 6.61928500548988538E-03 2.11195612414473405E-01
1.16299195E+01 5.47772058281350005E-02 6.58850896676501339E-03 2.10829853810373086E-01
1.16484615E+01 5.46303374401829467E-02 6.55764933987927102E-03 2.10791922034642226E-01
1.16670561E+01 5.44838118904111546E-02 6.52663937746147168E-03 2.10416213265486374E-01
1.16857484E+01 5.43372844914346911E-02 6.49542399622792845E-03 2.10384210423694762E-01
1.17045829E+01 5.41904178910780701E-02 6.46395957407690149E-03 2.10033925981560704E-01
1.17236039E+01 5.40428840169992486E-02 6.43221282243143250E-03 2.10000129903426203E-01
1.17427159E+01 5.38954314220711980E-02 6.40038718799721112E-03 2.09658566292594856E-01
1.17617411E+01 5.37494206428280330E-02 6.36882291787242705E-03 2.09637675249402938E-01
1.17807378E+01 5.36043911816776880E-02 6.33747215852937043E-03 2.09344997641950997E-01
1.17997719E+01 5.34598323280114363E-02 6.30627432505179077E-03 2.09325964766200162E-01
1.18187323E+01 5.33165744625885146E-02 6.27545054751301509E-03 2.09069753661022012E-01
1.18375234E+01 5.31753141886797398E-02 6.24518594409688085E-03 2.09058924702012344E-01
1.18561942E+01 5.30356591759274174E-02 6.21542886759013195E-03 2.08869277237366091E-01
1.18747997E+01 5.28971787468265550E-02 6.18611702914067130E-03 2.08859610345948660E-01
1.18934004E+01 5.27594117959369405E-02 6.15717963667310880E-03 2.08709551527468118E-01
1.19120610E+01 5.26218741060949929E-02 6.12853899554902451E-03 2.08707699607432351E-01
1.19308497E+01 5.24840646455069573E-02 6.10010987186715165E-03 2.08677305659326268E-01
1.19498384E+01 5.23454714281872679E-02 6.07179679670214693E-03 2.08537568908965909E-01
1.19690146E+01 5.22062063268860441E-02 6.04361575978856497E-03 2.08562903817692852E-01
1.19882220E+01 5.20674184248336169E-02 6.01576659783541537E-03 2.08588668442531378E-01
1.20075209E+01 5.19286934688991120E-02 5.98811595413788894E-03 2.08604464088907482E-01
1.20269523E+01 5.17897647493258950E-02 5.96054731568151745E-03 2.08613096291769384E-01
1.20465223E+01 5.16506246334419994E-02 5.93298628008924033E-03 2.08625559279003475E-01
1.20663138E+01 5.15107259962873792E-02 5.90525051687212227E-03 2.08653055210705846E-01
1.20864130E+01 5.13695121669461505E-02 5.87715787437182498E-03 2.08725820701423259E-01
1.21069085E+01 5.12264235413489172E-02 5.84852748226157362E-03 2.08799364403941395E-01
1.21277299E+01 5.10820133267915685E-02 5.81940101751313599E-03 2.08870626337102794E-01
1.21487698E+01 5.09370752375493674E-02 5.78987466892438851E-03 2.08950754098516545E-01
1.21701059E+01 5.07911218907836567E-02 5.75979177973062056E-03 2.09098328553725926E-01
1.21918203E+01 5.06436517940547365E-02 5.72899062317514061E-03 2.09115249784916440E-01
1.22139980E+01 5.04941552095861321E-02 5.69730592428752732E-03 2.09279546835548474E-01
1.22363546E+01 5.03445916602672933E-02 5.66510499877220710E-03 2.09317919642441064E-01
1.22586305E+01 5.01966946255838070E-02 5.63274963565713310E-03 2.09563297668151960E-01
1.22808849E+01 5.00500543946301862E-02 5.60017130196469037E-03 2.09582049825369876E-01
1.23031953E+01 4.99041461401890443E-02 5.56728384728015589E-03 2.09796870652915191E-01
1.23255718E+01 4.97588913438654495E-02 5.53410296996965142E-03 2.09836196787748896E-01
1.23475760E+01 4.96170824459891205E-02 5.50130892833265977E-03 2.10126288834185049E-01
1.23693398E+01 4.94778050170747510E-02 5.46875321678882021E-03 2.10147503203047731E-01
1.23909856E+01 4.93402276414050753E-02 5.43630001914629374E-03 2.10415794172288034E-01
1.24126252E+01 4.92036053658667788E-02 5.40382597098770009E-03 2.10478699667086877E-01
1.24343586E+01 4.90672859938049086E-02 5.37122544469137691E-03 2.10775360830323472E-01
1.24562719E+01 4.89307189242629489E-02 5.33841631489509298E-03 2.10896392189480031E-01
1.24780638E+01 4.87957564350528714E-02 5.30589148327461398E-03 2.11122091617409774E-01
1.24997682E+01 4.86621538853102761E-02 5.27364882462634001E-03 2.11339997278206515E-01
1.25214592E+01 4.85294318066891231E-02 5.24163114509430556E-03 2.11576623998796620E-01
1.25430920E+01 4.83978415930862785E-02 5.20995342835430322E-03 2.11827704238298220E-01
1.25644828E+01 4.82684682322328459E-02 5.17892326050290765E-03 2.12093173298455590E-01
1.25857258E+01 4.81407102549486071E-02 5.14844001236297154E-03 2.12373598374603983E-01
1.26069092E+01 4.80140163258543987E-02 5.11840929521229730E-03 2.12670285596603753E-01
1.26281138E+01 4.78878942132553720E-02 5.08874284051022072E-03 2.12984683150218318E-01
1.26494107E+01 4.77619200631758598E-02 5.05936070817743656E-03 2.13318229814142057E-01
1.26707613E+01 4.76363236450526098E-02 5.03032429841161061E-03 2.13670851406279866E-01
1.26921256E+01 4.75113384218691023E-02 5.00168357550672196E-03 2.14041965349201030E-01
1.27135978E+01 4.73864185078260100E-02 4.97330397032232259E-03 2.14432789876436408E-01
1.27352241E+01 4.72613058017580662E-02 4.94511220337133257E-03 2.14844131795632415E-01
1.27569244E+01 4.71364711491821797E-02 4.91719174553199422E-03 2.15274556445491733E-01
1.27786245E+01 4.70123410108335416E-02 4.88961083957150083E-03 2.15722092066745474E-01
1.28002649E+01 4.68892490611192148E-02 4.86241591518650311E-03 2.16184620874080580E-01
1.28219851E+01 4.67664002035719784E-02 4.83540997080969797E-03 2.16663777620437537E-01
1.28439250E+01 4.66430147382902241E-02 4.80840616298874347E-03 2.17161819718546395E-01
1.28660939E+01 4.65190532099214252E-02 4.78138254933080983E-03 2.17678558623352530E-01
1.28882720E+01 4.63957451402692567E-02 4.75459263933233553E-03 2.18208414363295883E-01
1.29104607E+01 4.62730719961110329E-02 4.72802553637777668E-03 2.18749740852878488E-01
1.29324001E+01 4.61524454426099351E-02 4.70198065289713450E-03 2.19295010603850205E-01
1.29542307E+01 4.60330663017241501E-02 4.67628811914850770E-03 2.19845327607858132E-01
1.29760800E+01 4.59142245360678394E-02 4.65080296513045634E-03 2.20402147126292691E-01
1.29980645E+01 4.57952829237152845E-02 4.62539813139259404E-03 2.20966940635201919E-01
1.30198159E+01 4.56782142148856110E-02 4.60049483202520319E-03 2.21529454598093450E-01
1.30413469E+01 4.55629196293294778E-02 4.57607382009851162E-03 2.22087824535917688E-01
1.30627878E+01 4.54486832315427747E-02 4.55198965313704986E-03 2.22643425178554288E-01
1.30842660E+01 4.53348174529406081E-02 4.52810471181609372E-03 2.23197937938645369E-01
1.31057980E+01 4.52212334387453521E-02 4.50440566741836315E-03 2.23750360116576924E-01
1.31273638E+01 4.51080332848014520E-02 4.48091684362413208E-03 2.24298680490881863E-01
1.31490537E+01 4.49947468319437105E-02 4.45754471959591489E-03 2.24843439780411519E-01
1.31709491E+01 4.48809589039498580E-02 4.43420841575137194E-03 2.25384976056165476E-01
1.31928104E+01 4.47679178116710055E-02 4.41116166607551877E-03 2.25916159942406519E-01
1.32145620E+01 4.46560056399945629E-02 4.38847864740313925E-03 2.26433704073307707E-01
1.32363411E+01 4.45445152118925797E-02 4.36601823425983044E-03 2.26939321303007868E-01
1.32582059E+01 4.44331541321067516E-02 4.34372746658959197E-03 2.27433075055780282E-01
1.32800798E+01 4.43223139307098654E-02 4.32169114743796799E-03 2.27912165463637573E-01
1.33019856E+01 4.42118788037101154E-02 4.29989641250236396E-03 2.28375949203452000E-01
1.33239442E+01 4.41017445083705106E-02 4.27833716330110365E-03 2.28823851269737283E-01
1.33459016E+01 4.39921797928998076E-02 4.25708196057543540E-03 2.29253984059951399E-01
1.33677856E+01 4.38835362594858225E-02 4.23621478495743702E-03 2.29664381347698093E-01
1.33896253E+01 4.37756604518922329E-02 4.21572343618663390E-03 2.30055115531591359E-01
1.34114510E+01 4.36683964522079845E-02 4.19559678489434505E-03 2.30426377403831567E-01
1.34332934E+01 4.35615874667085526E-02 4.17582411652606296E-03 2.30778392780605635E-01
1.34551836E+01 4.34550777434391661E-02 4.15639517787860790E-03 2.31111398669857054E-01
1.34771527E+01 4.33487144036171709E-02 4.13730036764047970E-03 2.31425631655236136E-01
1.34992313E+01 4.32423490757230730E-02 4.11853097782973344E-03 2.31721320425667482E-01
1.35214458E+01 4.31358546398788317E-02 4.10008208370772793E-03 2.31998646283685855E-01
1.35435815E+01 4.30302508338515563E-02 4.08213935072564496E-03 2.32255282128461055E-01
1.35656709E+01 4.29253691090728251E-02 4.06467917786926432E-03 2.32491965095020375E-01
1.35877459E+01 4.28210457507580688E-02 4.04768012803753598E-03 2.32709574705260935E-01
1.36098381E+01 4.27171219911758188E-02 4.03112200937589139E-03 2.32908955092614584E-01
1.36319779E+01 4.26134445664685113E-02 4.01498594354355535E-03 2.33090928030651179E-01
1.36541953E+01 4.25098659701679746E-02 3.99925451096895968E-03 2.33256299692340907E-01
1.36765191E+01 4.24062442276045767E-02 3.98391192377278713E-03 2.33405869983082326E-01
1.36989775E+01 4.23024422054638222E-02 3.96894421044404009E-03 2.33540444607909320E-01
1.37215327E+01 4.21986270584824921E-02 3.95438019981995872E-03 2.33660573847147918E-01
1.37441505E+01 4.20949443605886514E-02 3.94024205314726182E-03 2.33766959784872719E-01
1.37668624E+01 4.19912396836965088E-02 3.92650928699065944E-03 2.33860673650297668E-01
1.37897002E+01 4.18873594750239914E-02 3.91316102754285609E-03 2.33942857974251711E-01
1.38126958E+01 4.17831517408606898E-02 3.90017467758577239E-03 2.34014671442189737E-01
1.38358813E+01 4.16784667027890188E-02 3.88752518827158514E-03 2.34077319570012182E-01
1.38592888E+01 4.15731573444260288E-02 3.87518481873371564E-03 2.34106080608426581E-01
1.38828894E+01 4.14673518936369070E-02 3.86315325221857223E-03 2.34214760166536085E-01
1.39065924E+01 4.13614535007967785E-02 3.85145356156033590E-03 2.34211096206327490E-01
1.39303918E+01 4.12554845528721389E-02 3.84006116682523600E-03 2.34239838340564971E-01
1.39543217E+01 4.11492906273823317E-02 3.82893149090015629E-03 2.34332804965195346E-01
1.39784163E+01 4.10427209889774394E-02 3.81802036493732481E-03 2.34327115306066397E-01
1.40027093E+01 4.09356283668595791E-02 3.80728406641229252E-03 2.34348829049494556E-01
1.40272346E+01 4.08278691231761318E-02 3.79667949267463271E-03 2.34445657341493308E-01
1.40520253E+01 4.07193038620856096E-02 3.78616415452739247E-03 2.34444187403795523E-01
1.40771141E+01 4.06097986296081945E-02 3.77569596477272821E-03 2.34524325454960075E-01
1.41025328E+01 4.04992267727549357E-02 3.76523300577848510E-03 2.34547904725503492E-01
1.41281385E+01 4.03882176885118974E-02 3.75480216781998036E-03 2.34684828831955350E-01
1.41536826E+01 4.02778498532622431E-02 3.74447032042752237E-03 2.34698591373891069E-01
1.41791961E+01 4.01679873390101624E-02 3.73419459773996270E-03 2.34880918297382696E-01
1.42047178E+01 4.00584642033633281E-02 3.72393292287931908E-03 2.34946998588798028E-01
1.42302933E+01 3.99490870908264378E-02 3.71364317439491212E-03 2.35096909449381886E-01
1.42559509E+01 3.98397389937314647E-02 3.70329288226695650E-03 2.35250667609855385E-01
1.42815648E+01 3.97309561026514824E-02 3.69291414418494160E-03 2.35428894626900587E-01
1.43071538E+01 3.96226561251146539E-02 3.68248602824369905E-03 2.35628648342511571E-01
1.43327449E+01 3.95147245475215916E-02 3.67198862776316496E-03 2.35852311142782600E-01
1.43583721E+01 3.94070170856292076E-02 3.66140224152605243E-03 2.36101270451440193E-01
1.43840758E+01 3.92993649450471480E-02 3.65070728474290200E-03 2.36377191189793723E-01
1.44098595E+01 3.91917542881261294E-02 3.63990175117201832E-03 2.36681394010502477E-01
1.44356318E+01 3.90845651998268859E-02 3.62902586538281025E-03 2.37013949464954909E-01
1.44614517E+01 3.89775506599242191E-02 3.61806015549097013E-03 2.37376267217655867E-01
1.44873473E+01 3.88705939873571910E-02 3.60699940545050916E-03 2.37769583861650424E-01
1.45132434E+01 3.87640056667532193E-02 3.59588289767483974E-03 2.38193573431421696E-01
1.45390455E+01 3.86581688302210513E-02 3.58475883520262620E-03 2.38646992867312113E-01
1.45648330E+01 3.85527554594913974E-02 3.57360211432159120E-03 2.39131043505159985E-01
1.45906714E+01 3.84474966695755108E-02 3.56239271333121240E-03 2.39647067977558331E-01
1.46166130E+01 3.83421824279557705E-02 3.55111549258385747E-03 2.40196370237243773E-01
1.46426958E+01 3.82366615412043087E-02 3.53976052055364476E-03 2.40780033845370028E-01
1.46687316E+01 3.81316965553439857E-02 3.52841503252894094E-03 2.41393978532762066E-01
1.46947244E+01 3.80272684822118151E-02 3.51708365799366634E-03 2.42037463148938481E-01
1.47207448E+01 3.79230934871784761E-02 3.50574288944250365E-03 2.42711343201863106E-01
1.47468508E+01 3.78189409525124393E-02 3.49437455317214802E-03 2.43416464118133224E-01
1.47730881E+01 3.77146332611158971E-02 3.48296562096953640E-03 2.44153433624585525E-01
1.47994890E+01 3.76100455168624087E-02 3.47150822409392256E-03 2.44922492441776690E-01
1.48258766E+01 3.75058802722178092E-02 3.46008417700874836E-03 2.45717634462930823E-01
1.48522475E+01 3.74021479323629266E-02 3.44870111100545156E-03 2.46537115372617827E-01
1.48786636E+01 3.72986021746268895E-02 3.43734055532267076E-03 2.47381140492249824E-01
1.49051755E+01 3.71950443802245151E-02 3.42599139199647150E-03 2.48249765025243152E-01
1.49318217E+01 3.70913228580494470E-02 3.41465016585652380E-03 2.49142715897857470E-01
1.49586290E+01 3.69873319729067396E-02 3.40332113652858830E-03 2.50059303323322157E-01
1.49793145E+01 3.69073178341218361E-02 3.39462743714427986E-03 2.50783019336341506E-01
1.50000000E+01 3.68275209681381901E-02 3.38600476502103022E-03 2.51511763273877698E-01
