#  time, MeanKE MeanKEDR MeanP MeanNuT MeanLesProduction
0,04430    0,00004885
0,2269    0,00004856
0,4095    0,00004739
0,5920    0,00004622
0,7855    0,00004288
0,9572    0,00003501
1,140    0,00003384
1,322    0,00005128
1,505    0,00006207
1,688    0,0001378
1,870    0,0001538
2,053    0,0001786
2,235    0,0002049
2,418    0,0002386
2,600    0,0002811
2,783    0,0003355
2,966    0,0004076
3,148    0,0005048
3,300    0,0006042
3,422    0,0007037
3,529    0,0008143
3,620    0,0009234
3,723    0,001043
3,815    0,001177
3,863    0,001278
3,924    0,001385
3,985    0,001498
4,046    0,001629
4,107    0,001757
4,168    0,001892
4,228    0,002021
4,289    0,002158
4,350    0,002288
4,411    0,002426
4,472    0,002558
4,533    0,002693
4,594    0,002831
4,654    0,002957
4,715    0,003083
4,776    0,003196
4,837    0,003307
4,910    0,003433
4,989    0,003568
5,080    0,003683
5,187    0,003800
5,309    0,003906
5,446    0,004003
5,598    0,004102
5,735    0,004196
5,856    0,004293
5,978    0,004401
6,085    0,004502
6,191    0,004609
6,313    0,004738
6,419    0,004836
6,526    0,004946
6,632    0,005054
6,708    0,005156
6,952    0,005390
7,058    0,005487
7,165    0,005607
7,271    0,005717
7,363    0,005824
7,454    0,005933
7,545    0,006032
7,606    0,006147
7,667    0,006271
7,728    0,006408
7,789    0,006558
7,850    0,006711
7,910    0,006866
7,971    0,007008
8,032    0,007134
8,093    0,007247
8,230    0,007373
8,382    0,007322
8,489    0,007195
8,537    0,007087
8,610    0,006969
8,683    0,006851
8,747    0,006741
8,808    0,006637
8,854    0,006551
8,927    0,006443
8,976    0,006347
9,036    0,006240
9,097    0,006124
9,158    0,006007
9,219    0,005885
9,292    0,005759
9,356    0,005646
9,478    0,005528
9,630    0,005444
9,812    0,005424
9,995    0,005412
10,18    0,005351
10,34    0,005252
10,48    0,005148
10,59    0,005042
10,68    0,004941
10,76    0,004806
10,83    0,004680
10,90    0,004555
10,95    0,004442
11,01    0,004316
11,08    0,004196
11,14    0,004072
11,20    0,003941
11,26    0,003808
11,31    0,003695
11,42    0,003611
11,47    0,003472
11,52    0,003338
11,58    0,003234
11,71    0,003152
11,81    0,003037
11,87    0,002910
11,98    0,002828
12,09    0,002686
12,22    0,002575
12,34    0,002466
12,46    0,002367
12,60    0,002262
12,76    0,002156
12,95    0,002061
13,13    0,001991
13,32    0,001943
13,49    0,001907
13,68    0,001814
13,84    0,001738
14,13    0,001690
14,32    0,001627
14,50    0,001568
14,68    0,001510
14,86    0,001461
15,00    0,001431

