#  time, MeanKE MeanKEDR MeanP MeanNuT MeanLesProduction
0 1.24699045417004245E-01 4.67622748076392068E-04 -1.16783768910644872E-17 3.00265312788478142E-04 3.21895706960341769E-04
2.94524311E-02 1.24671635883678161E-01 4.67561975822023735E-04 9.46924077451031620E-04 3.00283546519579739E-04 3.21820317064822644E-04
5.89833439E-02 1.24648428302554320E-01 4.67601395958921085E-04 9.84610456816909733E-04 3.00385693958909344E-04 3.21843648471285501E-04
8.85236170E-02 1.24626569090448489E-01 4.67730371659072193E-04 8.87270452304153340E-04 3.00552396228826054E-04 3.21953642920288065E-04
1.18076569E-01 1.24605081916764310E-01 4.67945401546733736E-04 7.33410489087462356E-04 3.00773123667455293E-04 3.22146934495561813E-04
1.47645951E-01 1.24583634692912781E-01 4.68245505175093435E-04 5.15781369718226941E-04 3.01041026409108563E-04 3.22423342886202788E-04
1.77235626E-01 1.24562110964305292E-01 4.68630616013132801E-04 2.34463572499822337E-04 3.01351180034003651E-04 3.22783945717301009E-04
2.06849453E-01 1.24540466293224780E-01 4.69101041583134919E-04 -1.10331012103743935E-04 3.01699706446381481E-04 3.23230420645229620E-04
2.36486374E-01 1.24518683898049751E-01 4.69657184038774894E-04 -5.17765802496194930E-04 3.02083130081229508E-04 3.23764719925356619E-04
2.66134561E-01 1.24496763055307935E-01 4.70299273370217933E-04 -9.86961834707688994E-04 3.02498019497323464E-04 3.24388776751080229E-04
2.95797965E-01 1.24474694259698246E-01 4.71027880869035430E-04 -1.51698832683024379E-03 3.02941431435041974E-04 3.25104977254080010E-04
3.25480473E-01 1.24452468955015300E-01 4.71843682100193007E-04 -2.10685201202910838E-03 3.03410845957580622E-04 3.25915920973573743E-04
3.55185894E-01 1.24430078921388992E-01 4.72747452914291716E-04 -2.75547325426215217E-03 3.03904163081402572E-04 3.26824403285422933E-04
3.84917943E-01 1.24407516066007154E-01 4.73740066774125184E-04 -3.46167823477730929E-03 3.04419640501400344E-04 3.27833400403723879E-04
4.14680227E-01 1.24384772350407416E-01 4.74822492396369950E-04 -4.22419404503768681E-03 3.04955830825651478E-04 3.28946055497145336E-04
4.44476237E-01 1.24361839764500076E-01 4.75995791373236797E-04 -5.04164323688307842E-03 3.05511534890549126E-04 3.30165665304061836E-04
4.74309328E-01 1.24338710317123693E-01 4.77261115662377933E-04 -5.91253798012645986E-03 3.06085770708464599E-04 3.31495666964752318E-04
5.04182717E-01 1.24315376032847993E-01 4.78619704908293906E-04 -6.83527392912615904E-03 3.06677754672487308E-04 3.32939624929311782E-04
5.34099464E-01 1.24291828951415620E-01 4.80072883584175072E-04 -7.80812387596585122E-03 3.07286890590638114E-04 3.34501217870643850E-04
5.64062468E-01 1.24268061128479823E-01 4.81622057952222249E-04 -8.82923127038001514E-03 3.07912756130766482E-04 3.36184225578777072E-04
5.94074455E-01 1.24244064637095905E-01 4.83268712844006556E-04 -9.89660368937910796E-03 3.08555063024724453E-04 3.37992515837036130E-04
6.24137972E-01 1.24219831569743103E-01 4.85014408263473513E-04 -1.10081063492054407E-02 3.09213568874718893E-04 3.39930031240150067E-04
6.54255380E-01 1.24195354040829084E-01 4.86860775814396270E-04 -1.21614557613978960E-02 3.09887980545702261E-04 3.42000775790700362E-04
6.84428848E-01 1.24170624189690923E-01 4.88809514950947432E-04 -1.33542136405877566E-02 3.10577945971822445E-04 3.44208801079810866E-04
7.14649844E-01 1.24145642832506328E-01 4.90861658101758515E-04 -1.45833567865509932E-02 3.11282890969449388E-04 3.46557351801582707E-04
7.44917898E-01 1.24120404228054912E-01 4.93018758319225896E-04 -1.58459872541849636E-02 3.12002528275014417E-04 3.49050194294557331E-04
7.75235364E-01 1.24094900224677493E-01 4.95282621948760823E-04 -1.71391704036399917E-02 3.12736780914207467E-04 3.51691320756058275E-04
8.05604393E-01 1.24069122708649837E-01 4.97655114198271666E-04 -1.84598113533392741E-02 3.13485713365531263E-04 3.54484722189214372E-04
8.36026931E-01 1.24043063600156503E-01 5.00138154528927538E-04 -1.98046486534007929E-02 3.14249520902693924E-04 3.57434375789218164E-04
8.66504715E-01 1.24016714854588858E-01 5.02733711872170802E-04 -2.11702516847471559E-02 3.15028517656929386E-04 3.60544232653218274E-04
8.97039270E-01 1.23990068465505934E-01 5.05443799670213354E-04 -2.25530191487768004E-02 3.15823123582289599E-04 3.63818205903246783E-04
9.27631905E-01 1.23963116467932552E-01 5.08270470740749994E-04 -2.39491787677536261E-02 3.16633847266908951E-04 3.67260159324114344E-04
9.58283719E-01 1.23935850941524955E-01 5.11215811967918226E-04 -2.53547883430885398E-02 3.17461262074882360E-04 3.70873896617841088E-04
9.88995592E-01 1.23908264013431371E-01 5.14281938821955619E-04 -2.67657383181427941E-02 3.18305977456521385E-04 3.74663151359416226E-04
1.01976819E+00 1.23880347860767057E-01 5.17470989710405662E-04 -2.81777559859285355E-02 3.19168613480878122E-04 3.78631577719883421E-04
1.05060198E+00 1.23852094712644231E-01 5.20785120164707132E-04 -2.95864114751797601E-02 3.20049788525570940E-04 3.82782742031249781E-04
1.08149721E+00 1.23823496851669393E-01 5.24226496868252195E-04 -3.09871256222836455E-02 3.20950123304109079E-04 3.87120115319214647E-04
1.11245391E+00 1.23794546614766243E-01 5.27797291535927549E-04 -3.23751798031223711E-02 3.21870254588267765E-04 3.91647066999214674E-04
1.14347193E+00 1.23765236393152372E-01 5.31499674660492025E-04 -3.37457277859802493E-02 3.22810848520828288E-04 3.96366859975942664E-04
1.17455092E+00 1.23735558631289169E-01 5.35335809147119922E-04 -3.50938096941000519E-02 3.23772607266296821E-04 4.01282647391049824E-04
1.20569033E+00 1.23705505824642029E-01 5.39307843863558829E-04 -3.64143681952962331E-02 3.24756267935215185E-04 4.06397471244665379E-04
1.23688942E+00 1.23675070516099606E-01 5.43417907139448334E-04 -3.77022669517745601E-02 3.25762595471101521E-04 4.11714263093119809E-04
1.26814728E+00 1.23644245290911170E-01 5.47668100254665750E-04 -3.89523112339501751E-02 3.26792371850286414E-04 4.17235847004856402E-04
1.29946283E+00 1.23613022769998915E-01 5.52060490962984402E-04 -4.01592705546337456E-02 3.27846383852542543E-04 4.22964944938859051E-04
1.33083483E+00 1.23581395601506702E-01 5.56597107104036398E-04 -4.13179032104662586E-02 3.28925411392761639E-04 4.28904184694607995E-04
1.36226188E+00 1.23549356450439698E-01 5.61279930363041087E-04 -4.24229826133595903E-02 3.30030217915544587E-04 4.35056110570002335E-04
1.39374244E+00 1.23516897986255994E-01 5.66110890243896815E-04 -4.34693252355333182E-02 3.31161543557008820E-04 4.41423196853336290E-04
1.42527484E+00 1.23484012868271154E-01 5.71091858326776866E-04 -4.44518199274122894E-02 3.32320100847620121E-04 4.48007864263860560E-04
1.45685731E+00 1.23450693728748589E-01 5.76224642886041458E-04 -4.53654583143562537E-02 3.33506572024328148E-04 4.54812499437636994E-04
1.48848794E+00 1.23416933153569816E-01 5.81510983947971854E-04 -4.62053659411809300E-02 3.34721606796650425E-04 4.61839477527181664E-04
1.52016477E+00 1.23382723660403565E-01 5.86952548870471494E-04 -4.69668337960739216E-02 3.35965819653150717E-04 4.69091187943808179E-04
1.55188573E+00 1.23348057674327313E-01 5.92550928528198404E-04 -4.76453498197907180E-02 3.37239786282077616E-04 4.76570063223173061E-04
1.58364874E+00 1.23312927500883102E-01 5.98307634186748542E-04 -4.82366299818467320E-02 3.38544039168373328E-04 4.84278610941434962E-04
1.61545162E+00 1.23277325296581516E-01 6.04224095148277380E-04 -4.87366484863941268E-02 3.39879062763606069E-04 4.92219448556689416E-04
1.64729222E+00 1.23241243036893322E-01 6.10301657248405491E-04 -4.91416816983950913E-02 3.41245288749927997E-04 5.00395341006680300E-04
1.67916836E+00 1.23204672481839653E-01 6.16541582280607375E-04 -4.94482595787513676E-02 3.42643091865871469E-04 5.08809240814549224E-04
1.71107787E+00 1.23167605138945632E-01 6.22945048417762929E-04 -4.96533493652991584E-02 3.44072786547500425E-04 5.17464330529586263E-04
1.74301863E+00 1.23130032224304020E-01 6.29513151698779137E-04 -4.97542037350461944E-02 3.45534624470560537E-04 5.26364067124790512E-04
1.77498858E+00 1.23091944621059060E-01 6.36246908632417930E-04 -4.97491210516567348E-02 3.47028792866936424E-04 5.35512228083634910E-04
1.80698570E+00 1.23053332836077028E-01 6.43147259983339816E-04 -4.96334359471216832E-02 3.48555413421638733E-04 5.44912959167391390E-04
1.83900810E+00 1.23014186953118151E-01 6.50215075737564326E-04 -4.94101715830854368E-02 3.50114541670207171E-04 5.54570822575499575E-04
1.87105397E+00 1.22974496587348658E-01 6.57451161357401051E-04 -4.90745483795271137E-02 3.51706166717053760E-04 5.64490846851457514E-04
1.90312166E+00 1.22934250833693720E-01 6.64856265254503711E-04 -4.86272735722373742E-02 3.53330211437246028E-04 5.74678576569510684E-04
1.93520966E+00 1.22893438216108458E-01 6.72431087559726423E-04 -4.80679087270885139E-02 3.54986533221696404E-04 5.85140122578554022E-04
1.96731662E+00 1.22852046633860165E-01 6.80176290155697972E-04 -4.73966231150394143E-02 3.56674925448362333E-04 5.95882212217706026E-04
1.99944139E+00 1.22810063306018846E-01 6.88092507968637054E-04 -4.66140108266432651E-02 3.58395119823439541E-04 6.06912239391740947E-04
2.03158302E+00 1.22767474713939131E-01 6.96180361494082192E-04 -4.57210785689014729E-02 3.60146789685445552E-04 6.18238314385099129E-04
2.06374077E+00 1.22724266541662089E-01 7.04440470521420625E-04 -4.47192333452954352E-02 3.61929554296556717E-04 6.29869313356150947E-04
2.09591417E+00 1.22680423614134462E-01 7.12873469011521179E-04 -4.36102670814474680E-02 3.63742984083067328E-04 6.41814927516777675E-04
2.12810295E+00 1.22635929833112056E-01 7.21480021072070667E-04 -4.23963384895074055E-02 3.65586606745458989E-04 6.54085712066871609E-04
2.16030715E+00 1.22590768110594925E-01 7.30260837966555240E-04 -4.10799525206098082E-02 3.67459914142267247E-04 6.66693135017726161E-04
2.19252706E+00 1.22544920299610130E-01 7.39216696085660146E-04 -3.96639377832420092E-02 3.69362369853943728E-04 6.79649626101400920E-04
2.22476326E+00 1.22498367122140031E-01 7.48348455804188689E-04 -3.81514223238954495E-02 3.71293417340628985E-04 6.92968626024237193E-04
2.25701663E+00 1.22451088093964433E-01 7.57657081142813836E-04 -3.65458081765641096E-02 3.73252488608898753E-04 7.06664636380107541E-04
2.28928834E+00 1.22403061446163544E-01 7.67143660152106994E-04 -3.48507450886112527E-02 3.75239013290878248E-04 7.20753270589650488E-04
2.32157988E+00 1.22354264043004965E-01 7.76809425936434393E-04 -3.30701038196798344E-02 3.77252428017530665E-04 7.35251306270847684E-04
2.35389304E+00 1.22304671295909342E-01 7.86655778237347432E-04 -3.12079493948972664E-02 3.79292185947837247E-04 7.50176739467345072E-04
2.38622993E+00 1.22254257073165340E-01 7.96684305500046678E-04 -2.92685146681287214E-02 3.81357766312060927E-04 7.65548841158730895E-04
2.41859298E+00 1.22202993605043983E-01 8.06896807351908940E-04 -2.72561745188050937E-02 3.83448683850571756E-04 7.81388216451941054E-04
2.45098492E+00 1.22150851383932169E-01 8.17295317428577673E-04 -2.51754209718786648E-02 3.85564498075171354E-04 7.97716866818068025E-04
2.48340878E+00 1.22097799059077292E-01 8.27882126489941405E-04 -2.30308394886364169E-02 3.87704822321706388E-04 8.14558255725595813E-04
2.51586792E+00 1.22043803325507294E-01 8.38659805774708087E-04 -2.08270866326586805E-02 3.89869332556171176E-04 8.31937378081226849E-04
2.54835959E+00 1.21988839704194565E-01 8.49629060620195786E-04 -1.85693065284739910E-02 3.92057344469817000E-04 8.49877259148808933E-04
2.58087767E+00 1.21932888664452607E-01 8.60789513620631636E-04 -1.62629745609089750E-02 3.94267986212018095E-04 8.68400034169928463E-04
2.61342559E+00 1.21875913237592420E-01 8.72144167413867969E-04 -1.39129705760547163E-02 3.96501084804399293E-04 8.87534362053218396E-04
2.64600709E+00 1.21817874096700793E-01 8.83696390357623725E-04 -1.15241478613260003E-02 3.98756557540845091E-04 9.07310645944292668E-04
2.67862619E+00 1.21758729419927506E-01 8.95449941900736644E-04 -9.10132118658374054E-03 4.01034412093446209E-04 9.27761133160741260E-04
2.71128725E+00 1.21698434741398215E-01 9.07408997024631214E-04 -6.64925882077611538E-03 4.03334741719340282E-04 9.48920027357330934E-04
2.74399484E+00 1.21636942793126909E-01 9.19578170031471755E-04 -4.17268092402340446E-03 4.05657715521735797E-04 9.70823614360099467E-04
2.77675386E+00 1.21574203338901135E-01 9.31962537699518637E-04 -1.67619807762475845E-03 4.08003565029843379E-04 9.93510400561780759E-04
2.80956940E+00 1.21510163001044724E-01 9.44567661783695767E-04 8.35584880133139005E-04 4.10372570021676772E-04 1.01702125986130793E-03
2.84244685E+00 1.21444765079501582E-01 9.57399610690080373E-04 3.35820106283497193E-03 4.12765047586985401E-04 1.04139958255376796E-03
2.87539175E+00 1.21377949364319102E-01 9.70464980196987471E-04 5.88724911165845136E-03 4.15181348563128428E-04 1.06669141902265602E-03
2.90840989E+00 1.21309651940257973E-01 9.83770912934113419E-04 8.41842078202115381E-03 4.17621863729171700E-04 1.09294561372723495E-03
2.94150722E+00 1.21239804982753038E-01 9.97325116259983272E-04 1.09475007204406609E-02 4.20087038834816308E-04 1.12021393176841449E-03
2.97467371E+00 1.21168347802373608E-01 1.01112859391425309E-03 1.34719981051245122E-02 4.22576079193307810E-04 1.14853607543447369E-03
3.00790727E+00 1.21095239995745924E-01 1.02518662076781799E-03 1.59818532258629784E-02 4.25088981227086677E-04 1.17796158271733049E-03
3.04121410E+00 1.21020409730026729E-01 1.03950817037086951E-03 1.84757276636802886E-02 4.27626384271829541E-04 1.20854938983473996E-03
3.07460061E+00 1.20943777209584283E-01 1.05410275326862229E-03 2.09498554231019561E-02 4.30188946627158898E-04 1.24036180720149157E-03
3.10807332E+00 1.20865256638362187E-01 1.06898046109742562E-03 2.34005890083365045E-02 4.32777261921729226E-04 1.27346498030846372E-03
3.14163891E+00 1.20784756752033720E-01 1.08415197965195764E-03 2.58243964967477119E-02 4.35391736128283363E-04 1.30792934909997960E-03
3.17530419E+00 1.20702180864320094E-01 1.09962858861125659E-03 2.82178607926677240E-02 4.38032460672870439E-04 1.34383007465513262E-03
3.20907602E+00 1.20617426766709043E-01 1.11542215500679519E-03 3.05776781463299521E-02 4.40699129401393860E-04 1.38124735315481805E-03
3.24296140E+00 1.20530386594127445E-01 1.13154512253730330E-03 3.29006563336074823E-02 4.43391040054761385E-04 1.42026653380917557E-03
3.27696735E+00 1.20440946687118453E-01 1.14801049666991102E-03 3.51837128642418576E-02 4.46107192745400589E-04 1.46097799914660792E-03
3.31109014E+00 1.20349017073467443E-01 1.16482645315643869E-03 3.74231596100333547E-02 4.48845595434560019E-04 1.50346311579849213E-03
3.34531981E+00 1.20254522201623859E-01 1.18199815224361710E-03 3.96150904703046203E-02 4.51603824654310678E-04 1.54779708449838123E-03
3.37966381E+00 1.20157335451343675E-01 1.19953952378298759E-03 4.17569247867081300E-02 4.54381111587726918E-04 1.59407894738715470E-03
3.41412960E+00 1.20057323958469894E-01 1.21746491938696925E-03 4.38461922757871422E-02 4.57177059454555066E-04 1.64241096450494354E-03
3.44872470E+00 1.19954348511206899E-01 1.23578906947086498E-03 4.58805387008148283E-02 4.59991591178200720E-04 1.69289850482844139E-03
3.48345660E+00 1.19848263433260313E-01 1.25452703465839558E-03 4.78577299763573299E-02 4.62824718637718532E-04 1.74565003586571606E-03
3.51833282E+00 1.19738916515860314E-01 1.27369415696049378E-03 4.97756521666666285E-02 4.65676201750199437E-04 1.80077697847516767E-03
3.55335782E+00 1.19626159039333296E-01 1.29330429171309975E-03 5.16321466936258203E-02 4.68545027222089065E-04 1.85838797329226620E-03
3.58853156E+00 1.19509851893855976E-01 1.31336881700234499E-03 5.34249726613466383E-02 4.71429270427398725E-04 1.91858408644117353E-03
3.62385800E+00 1.19389838925600886E-01 1.33390126140060772E-03 5.51522740023015004E-02 4.74327030397642493E-04 1.98147020714644620E-03
3.65933263E+00 1.19265989243443185E-01 1.35491010432235628E-03 5.68119398697854924E-02 4.77235814136879393E-04 2.04713023136001695E-03
3.69496132E+00 1.19138133345765423E-01 1.37640964630933644E-03 5.84025641038780699E-02 4.80154453460155978E-04 2.11565745559381740E-03
3.73074623E+00 1.19006110957056807E-01 1.39841182569935395E-03 5.99227025695859630E-02 4.83082225368271646E-04 2.18712655910532601E-03
3.76668272E+00 1.18869785313752155E-01 1.42092399245560461E-03 6.13707966302307478E-02 4.86018707001956987E-04 2.26158273457424805E-03
3.80277868E+00 1.18728970486664365E-01 1.44396088073917516E-03 6.27460203724956728E-02 4.88965262369396234E-04 2.33907865842933717E-03
3.83877683E+00 1.18584560184342672E-01 1.46736341595297254E-03 6.40378905680187849E-02 4.91902160635953331E-04 2.41905042236554733E-03
3.87462747E+00 1.18436697542321528E-01 1.49109821385747182E-03 6.52456249257850895E-02 4.94826736089121265E-04 2.50132019545038333E-03
3.91035909E+00 1.18285214928485857E-01 1.51518173527669629E-03 6.63721234754802436E-02 4.97742559465492399E-04 2.58586166865472020E-03
3.94599577E+00 1.18129955388055458E-01 1.53962789194016106E-03 6.74192211044178508E-02 5.00652758941366760E-04 2.67262433229408175E-03
3.98155751E+00 1.17970774368054920E-01 1.56444808289711666E-03 6.83887495950177698E-02 5.03560253571541053E-04 2.76153342978042050E-03
4.01706059E+00 1.17807540503926514E-01 1.58965122413371363E-03 6.92823782959497286E-02 5.06467962889063758E-04 2.85249091670193057E-03
4.05239563E+00 1.17640724298954114E-01 1.61515502359527510E-03 7.00986689412489289E-02 5.09368877179379757E-04 2.94505451566194317E-03
4.08750934E+00 1.17470582142965768E-01 1.64091280641705597E-03 7.08386940619580574E-02 5.12260801964159853E-04 3.03889892143919356E-03
4.12243053E+00 1.17296987582264714E-01 1.66693624900599393E-03 7.15056659392411947E-02 5.15148399559371044E-04 3.13390928713942534E-03
4.15718344E+00 1.17119827808831387E-01 1.69323407465858211E-03 7.21023571202203811E-02 5.18035966967490043E-04 3.22996397961445095E-03
4.19178827E+00 1.16939003523768084E-01 1.71981225273967319E-03 7.26313294661364989E-02 5.20927359939785139E-04 3.32693867692750818E-03
4.22626188E+00 1.16754427830699017E-01 1.74667417750755979E-03 7.30950275711184927E-02 5.23825928379816064E-04 3.42471024174821398E-03
4.26061837E+00 1.16566024560575437E-01 1.77382083910400347E-03 7.34958299197944476E-02 5.26734473373637003E-04 3.52316024229586827E-03
4.29486971E+00 1.16373726211887130E-01 1.80125097914916031E-03 7.38360958973753867E-02 5.29655234309100954E-04 3.62217799223053675E-03
4.32902640E+00 1.16177471627472592E-01 1.82896121532707262E-03 7.41182089887025553E-02 5.32589914098610152E-04 3.72166302995065789E-03
4.36309808E+00 1.15977203511297602E-01 1.85694611683788892E-03 7.43446164933945497E-02 5.35539744747320912E-04 3.82152701848605461E-03
4.39709410E+00 1.15772865880773221E-01 1.88519821368406571E-03 7.45178646595410776E-02 5.38505582647680857E-04 3.92169507822395617E-03
4.43102411E+00 1.15564401542892187E-01 1.91370792708795475E-03 7.46406175926822707E-02 5.41488009994402241E-04 4.02210652189592417E-03
4.46489850E+00 1.15351749673453352E-01 1.94246341552001657E-03 7.47059559912061494E-02 5.44487415342679161E-04 4.12271482843412640E-03
4.49872885E+00 1.15134843572668497E-01 1.97145033928394038E-03 7.47571376928526377E-02 5.47504033780567625E-04 4.22348650283993921E-03
4.53252830E+00 1.14913608625919941E-01 2.00065155796596335E-03 7.47374926813456214E-02 5.50537937841338691E-04 4.32439834717044010E-03
4.56594931E+00 1.14690434524533272E-01 2.02973243081868695E-03 7.46875564706439565E-02 5.53556349164485055E-04 4.42435451955831664E-03
4.59892480E+00 1.14465970301782571E-01 2.05859268961902609E-03 7.46093580798088407E-02 5.56550847047920794E-04 4.52308902426862627E-03
4.63148598E+00 1.14240206765205674E-01 2.08721395759995558E-03 7.45039200113775252E-02 5.59521366035456067E-04 4.62061603001715903E-03
4.66368277E+00 1.14012985723469948E-01 2.11559210252737322E-03 7.43776075134150866E-02 5.62469154479034610E-04 4.71698510217426984E-03
4.69556776E+00 1.13784109215179716E-01 2.14372363741165400E-03 7.42357001964645685E-02 5.65395409074083422E-04 4.81222586339111712E-03
4.72719540E+00 1.13553346218602302E-01 2.17160522113739578E-03 7.40835602984601105E-02 5.68301301374758163E-04 4.90633886075386456E-03
4.75862123E+00 1.13320438690748843E-01 2.19923318834164792E-03 7.39266999286797566E-02 5.71187989561244814E-04 4.99928824593979648E-03
4.78990116E+00 1.13085107321387268E-01 2.22660321131154526E-03 7.37708710261220507E-02 5.74056580302450712E-04 5.09099745899799921E-03
4.82109079E+00 1.12847057051018565E-01 2.25371014971097617E-03 7.36221502414721451E-02 5.76908070446422025E-04 5.18134917949714807E-03
4.85224480E+00 1.12605982330763479E-01 2.28054810496541513E-03 7.34870270356226402E-02 5.79743358521624249E-04 5.27019089853052354E-03
4.88326822E+00 1.12362757361360283E-01 2.30698637124695724E-03 7.33730212644191221E-02 5.82550081992534870E-04 5.35694235971431992E-03
4.91405828E+00 1.12118366366524086E-01 2.33289685572327619E-03 7.32877277556257117E-02 5.85315893491906319E-04 5.44104867596889238E-03
4.94466087E+00 1.11872614727705585E-01 2.35828403196821018E-03 7.32380916332535520E-02 5.88042283086765392E-04 5.52242141239222238E-03
4.97511642E+00 1.11625321696526600E-01 2.38315238120827451E-03 7.32407474952988663E-02 5.90730353990337616E-04 5.60101700832680779E-03
5.00546092E+00 1.11376317622755669E-01 2.40750765173763839E-03 7.32602284367346313E-02 5.93380754796114080E-04 5.67685172393626435E-03
5.03572685E+00 1.11125439222587954E-01 2.43135750356042544E-03 7.33780458897924509E-02 5.95993698295481074E-04 5.75000248950645245E-03
5.06594393E+00 1.10872525579648773E-01 2.45471172249327055E-03 7.35403496866684769E-02 5.98569112934080132E-04 5.82059365113283579E-03
5.09613983E+00 1.10617415999645682E-01 2.47758207401360328E-03 7.37786821370173818E-02 6.01106944390718853E-04 5.88877312946562825E-03
5.12634067E+00 1.10359949597727075E-01 2.49998177224443167E-03 7.40972376596793630E-02 6.03607575699405068E-04 5.95468425310416959E-03
5.15657152E+00 1.10099965761911944E-01 2.52192448838559156E-03 7.45032437513656470E-02 6.06072170649583908E-04 6.01844026734113351E-03
5.18685657E+00 1.09837304763566221E-01 2.54342292103199724E-03 7.50035673365787858E-02 6.08502666776352254E-04 6.08010697055975154E-03
5.21721940E+00 1.09571809025948735E-01 2.56448717275896236E-03 7.56046021157985304E-02 6.10901460159242373E-04 6.13969555559813491E-03
5.24768301E+00 1.09303325839880047E-01 2.58512323202091067E-03 7.63120920866009605E-02 6.13271227656303182E-04 6.19716373107359608E-03
5.27826996E+00 1.09031710521080252E-01 2.60533161704805481E-03 7.71305346369993844E-02 6.15615108903532588E-04 6.25242023018007104E-03
5.30900239E+00 1.08756827873590825E-01 2.62510610958196881E-03 7.80654377187560283E-02 6.17936947899916681E-04 6.30532732005176927E-03
5.33990214E+00 1.08478534012241987E-01 2.64443317043420480E-03 7.91190001867992099E-02 6.20241296079595736E-04 6.35570042129766748E-03
5.37099096E+00 1.08196719688739756E-01 2.66329036313710417E-03 8.02910961620896257E-02 6.22532820335508909E-04 6.40329584374020339E-03
5.40229075E+00 1.07911271591614927E-01 2.68164799773361589E-03 8.15838401744342356E-02 6.24815715017094930E-04 6.44781157504856900E-03
5.43382388E+00 1.07622071739513256E-01 2.69947041755483428E-03 8.29953798224932066E-02 6.27093073683034400E-04 6.48889059102063757E-03
5.46561361E+00 1.07328994047829737E-01 2.71671840354477260E-03 8.45230557543118904E-02 6.29366573340476025E-04 6.52613995529852022E-03
5.49768458E+00 1.07031898505879880E-01 2.73335223778476549E-03 8.61625477665395045E-02 6.31636461296307991E-04 6.55916489619430554E-03
5.52981046E+00 1.06732977728478590E-01 2.74921325234817049E-03 8.78949898136965474E-02 6.33884386847859984E-04 6.58740794676315744E-03
5.56189349E+00 1.06433247197852673E-01 2.76423280326245410E-03 8.97038984138897738E-02 6.36101313903679011E-04 6.61063989731010965E-03
5.59395869E+00 1.06132572379224854E-01 2.77841720187636245E-03 9.15778932309938704E-02 6.38287427135347460E-04 6.62889752103477600E-03
5.62602784E+00 1.05830833750186371E-01 2.79178225694667447E-03 9.35055441897045397E-02 6.40443112759539099E-04 6.64235670990213044E-03
5.65811953E+00 1.05527923070573057E-01 2.80435391276852687E-03 9.54753021402512531E-02 6.42568244889626960E-04 6.65132933069145869E-03
5.69019757E+00 1.05224228679454190E-01 2.81614949322029056E-03 9.74725433630569821E-02 6.44659156565488773E-04 6.65624242861498523E-03
5.72222205E+00 1.04920156751128965E-01 2.82719987833371204E-03 9.94827359977425579E-02 6.46712383450310699E-04 6.65763989484202245E-03
5.75423596E+00 1.04615314186175451E-01 2.83757518799425314E-03 1.01497218721308402E-01 6.48729608962785270E-04 6.65613578207181755E-03
5.78628347E+00 1.04309279579456779E-01 2.84734996174251234E-03 1.03508721233707704E-01 6.50712265374525103E-04 6.65235567128198094E-03
5.81841005E+00 1.04001603294003486E-01 2.85660148060285033E-03 1.05511334016130581E-01 6.52662776812397969E-04 6.64691582238789627E-03
5.85060374E+00 1.03692367177695074E-01 2.86539220886982120E-03 1.07496989032936904E-01 6.54582365163679149E-04 6.64042477232971301E-03
5.88272413E+00 1.03382870709148866E-01 2.87375317902902570E-03 1.09451466949088694E-01 6.56463617117247961E-04 6.63349510285929193E-03
5.91479183E+00 1.03072871942005567E-01 2.88176037424445544E-03 1.11371810001212546E-01 6.58303549099499975E-04 6.62666717729348907E-03
5.94678182E+00 1.02762565653119600E-01 2.88947457523298749E-03 1.13254047726872545E-01 6.60095301043011132E-04 6.62041858900754530E-03
5.97874239E+00 1.02451443298143957E-01 2.89697009353357673E-03 1.15099830501930983E-01 6.61837937779881499E-04 6.61511837266963009E-03
6.01072372E+00 1.02138977988198085E-01 2.90431556518590695E-03 1.16911995161100193E-01 6.63533994242406725E-04 6.61103760077989561E-03
6.04277803E+00 1.01824622636983331E-01 2.91157390163539241E-03 1.18694356173254648E-01 6.65191118069026759E-04 6.60836951078276266E-03
6.07495974E+00 1.01507807293065161E-01 2.91880195174446227E-03 1.20451536656948438E-01 6.66819259465565163E-04 6.60726751780835522E-03
6.10732559E+00 1.01187936594768796E-01 2.92604984236089502E-03 1.22188820914419530E-01 6.68427183888048427E-04 6.60788143740225885E-03
6.13993487E+00 1.00864388023828036E-01 2.93336011343406974E-03 1.23912016175067613E-01 6.70018962770896299E-04 6.61037332786133195E-03
6.17284953E+00 1.00536510733790690E-01 2.94076683474946837E-03 1.25627322306185174E-01 6.71593469384548108E-04 6.61490442615148087E-03
6.20613432E+00 1.00203625001821964E-01 2.94829511711535612E-03 1.27341201363327827E-01 6.73150560247242984E-04 6.62160032663477137E-03
6.23957325E+00 9.98678559294676887E-02 2.95589556860791688E-03 1.29046298672588489E-01 6.74677499077489125E-04 6.63042894831404345E-03
6.27309605E+00 9.95299077099275342E-02 2.96354274251822702E-03 1.30742401031517963E-01 6.76172637815757841E-04 6.64126628639343311E-03
6.30670140E+00 9.91898141100730768E-02 2.97121940720890699E-03 1.32432386077379977E-01 6.77636843841806342E-04 6.65394129046093050E-03
6.34033089E+00 9.88481971098892215E-02 2.97888816946636440E-03 1.34115945864548891E-01 6.79058509191967090E-04 6.66824573096718842E-03
6.37399697E+00 9.85049713741790872E-02 2.98652107903656615E-03 1.35795540710518386E-01 6.80435804114652427E-04 6.68402410022837616E-03
6.40771336E+00 9.81600383194020237E-02 2.99408314098057338E-03 1.37472564329328389E-01 6.81766551812963586E-04 6.70115209071955528E-03
6.44149415E+00 9.78132925386765301E-02 3.00153205567714205E-03 1.39149792210331691E-01 6.83046040125864524E-04 6.71949173357804137E-03
6.47535305E+00 9.74646310182526177E-02 3.00881898215352682E-03 1.40825723472922187E-01 6.84267809024885943E-04 6.73882567480158217E-03
6.50930259E+00 9.71139628287366469E-02 3.01589040208106226E-03 1.42500967401696182E-01 6.85425015651748050E-04 6.75881040591994140E-03
6.54335348E+00 9.67612175337091845E-02 3.02269069623136788E-03 1.44174272326182851E-01 6.86515318164611366E-04 6.77897968506650447E-03
6.57751410E+00 9.64063515522356751E-02 3.02916476050301602E-03 1.45843814762912777E-01 6.87540433523397784E-04 6.79879938880460170E-03
6.61179021E+00 9.60493524130010407E-02 3.03526007077980966E-03 1.47507119696045408E-01 6.88503180311931975E-04 6.81774722071850671E-03
6.64618482E+00 9.56902397544414363E-02 3.04092774714197428E-03 1.49161145899043029E-01 6.89410003293127165E-04 6.83538792843915808E-03
6.68069836E+00 9.53290615086271886E-02 3.04612250019764118E-03 1.50802404854839894E-01 6.90266411002548111E-04 6.85142229815922932E-03
6.71532896E+00 9.49658876362101806E-02 3.05080245133023190E-03 1.52427111563331774E-01 6.91071712202647251E-04 6.86568866849869910E-03
6.75007307E+00 9.46008038522140743E-02 3.05492999936705012E-03 1.54031357896613180E-01 6.91819419416983333E-04 6.87810934010095291E-03
6.78492614E+00 9.42339054130076903E-02 3.05847412175808131E-03 1.55611291960772086E-01 6.92500330020847971E-04 6.88860160526144020E-03
6.81988347E+00 9.38652905443093794E-02 3.06141367061033877E-03 1.57163288422440428E-01 6.93109039591630993E-04 6.89700232780885315E-03
6.85494109E+00 9.34950527428085321E-02 3.06374048849143189E-03 1.58684102359282708E-01 6.93647604387007599E-04 6.90306583885456557E-03
6.89009659E+00 9.31232716897094082E-02 3.06546101770125952E-03 1.60171004054198068E-01 6.94123034952611275E-04 6.90654945156301148E-03
6.92534988E+00 9.27500038635990925E-02 3.06659568713981822E-03 1.61621892605493978E-01 6.94544398062454590E-04 6.90732225229101927E-03
6.96070378E+00 9.23752748350868125E-02 3.06717641374221585E-03 1.63035379887304460E-01 6.94921676656988074E-04 6.90540007204071184E-03
6.99616447E+00 9.19990740434186716E-02 3.06724307440997546E-03 1.64410834139321421E-01 6.95265614326504521E-04 6.90088004484197808E-03
7.03174166E+00 9.16213502051220485E-02 3.06683946053350111E-03 1.65748392050057675E-01 6.95584045807617207E-04 6.89385441968614308E-03
7.06744871E+00 9.12420066105457950E-02 3.06600913186848073E-03 1.67048953807529321E-01 6.95876973774248414E-04 6.88439138170653282E-03
7.10330249E+00 9.08608982932268966E-02 3.06479168144733072E-03 1.68314165078907452E-01 6.96139987040319077E-04 6.87258907549285515E-03
7.13932312E+00 9.04778347996386678E-02 3.06322008448584125E-03 1.69546383475305845E-01 6.96370145155753928E-04 6.85862094234401722E-03
7.17553370E+00 9.00925906783221903E-02 3.06131972381976612E-03 1.70748622519139442E-01 6.96569397130920994E-04 6.84270081220802844E-03
7.21162250E+00 8.97085095104484392E-02 3.05912997917800198E-03 1.71914042719804427E-01 6.96739134276625123E-04 6.82517413014209831E-03
7.24784694E+00 8.93228975160039323E-02 3.05665439571920329E-03 1.73054179671515485E-01 6.96879888112298404E-04 6.80605517199111415E-03
7.28428221E+00 8.89350072772853717E-02 3.05389819797799748E-03 1.74175071151206895E-01 6.96985627925120329E-04 6.78536773659207167E-03
7.32023538E+00 8.85522774249483113E-02 3.05092521990597745E-03 1.75260823469005289E-01 6.97046221369970092E-04 6.76358498347469188E-03
7.35590345E+00 8.81726868832040517E-02 3.04773361889341173E-03 1.76321592952545819E-01 6.97062715863589356E-04 6.74069181500556221E-03
7.39159616E+00 8.77930119147952021E-02 3.04430156011899124E-03 1.77370552237281903E-01 6.97042506621736030E-04 6.71655725158750230E-03
7.42752700E+00 8.74110508612258585E-02 3.04060511843102805E-03 1.78418031666816662E-01 6.96989149231853401E-04 6.69108311583691776E-03
7.46308328E+00 8.70333793112152004E-02 3.03670409723490490E-03 1.79451429934714302E-01 6.96901895936414021E-04 6.66479470635015624E-03
7.49831457E+00 8.66595302688413366E-02 3.03259613742755526E-03 1.80475384049779586E-01 6.96775383694959983E-04 6.63780712813144026E-03
7.53340462E+00 8.62876098114075396E-02 3.02826277422495573E-03 1.81498117470434428E-01 6.96607391097628695E-04 6.61013397055038726E-03
7.56837060E+00 8.59174905587961057E-02 3.02370616935432324E-03 1.82523335406040460E-01 6.96403703393555702E-04 6.58190548772469384E-03
7.60339729E+00 8.55472753430572691E-02 3.01891009790443768E-03 1.83558886922535219E-01 6.96170232464765832E-04 6.55312453647383195E-03
7.63788819E+00 8.51833225370636909E-02 3.01397441518141485E-03 1.84590638748537095E-01 6.95910268530691278E-04 6.52446818246284286E-03
7.67196264E+00 8.48244198606618038E-02 3.00891335229796705E-03 1.85622545481523210E-01 6.95622354997263697E-04 6.49605027099031500E-03
7.70584286E+00 8.44682721133963588E-02 3.00372938892316593E-03 1.86661762495779704E-01 6.95314998290787320E-04 6.46789355210706119E-03
7.73975321E+00 8.41125636510614144E-02 2.99842595894145476E-03 1.87715984791673673E-01 6.94999451522422280E-04 6.44004151733880686E-03
7.77375062E+00 8.37567302641929745E-02 2.99303420244465381E-03 1.88788059534343217E-01 6.94679109968217713E-04 6.41275580887620822E-03
7.80720965E+00 8.34073219916945663E-02 2.98769695098410545E-03 1.89859914829353049E-01 6.94340664371981145E-04 6.38689785159795090E-03
7.84041174E+00 8.30613859981608610E-02 2.98241497377475752E-03 1.90938358812316938E-01 6.93956932252729245E-04 6.36255483193582869E-03
7.87363584E+00 8.27160129803789917E-02 2.97718935962888254E-03 1.92031352287839796E-01 6.93523664061144649E-04 6.33972171417420197E-03
7.90716906E+00 8.23682248809577966E-02 2.97202012693897769E-03 1.93147878544057100E-01 6.93067740123017788E-04 6.31833753735086892E-03
7.94052108E+00 8.20230935428238050E-02 2.96702161412831789E-03 1.94272641191715473E-01 6.92627567701725386E-04 6.29887388962486333E-03
7.97353228E+00 8.16822172581861405E-02 2.96224297840205547E-03 1.95398591880273642E-01 6.92187859391838107E-04 6.28162269892548666E-03
8.00654009E+00 8.13420517023586837E-02 2.95765268963175520E-03 1.96534306534978581E-01 6.91722855686971558E-04 6.26655072500697987E-03
8.03989044E+00 8.09989810541288657E-02 2.95321698062147317E-03 1.97689975042794897E-01 6.91225658848484948E-04 6.25353914894000596E-03
8.07395321E+00 8.06491566122073955E-02 2.94889771657558123E-03 1.98877015206325947E-01 6.90708749269291740E-04 6.24244371872074641E-03
8.10854005E+00 8.02944640157992467E-02 2.94472005861271284E-03 2.00088680160457555E-01 6.90215816904553108E-04 6.23335829403335109E-03
8.14324361E+00 7.99390062629177639E-02 2.94071242040730907E-03 2.01309707264269777E-01 6.89723987503225184E-04 6.22647993935357240E-03
8.17844892E+00 7.95787618508443512E-02 2.93679120089988420E-03 2.02549545466453873E-01 6.89207261269743094E-04 6.22174264649531968E-03
8.21339135E+00 7.92214786873692289E-02 2.93298657446183601E-03 2.03781338305315946E-01 6.88653612302826180E-04 6.21909896637966742E-03
8.24828308E+00 7.88649171047576675E-02 2.92920500803126255E-03 2.05008420982232237E-01 6.88029726323971177E-04 6.21819681651701595E-03
8.28357956E+00 7.85043672479627808E-02 2.92531403166733199E-03 2.06243018032243625E-01 6.87356637798846259E-04 6.21848003308122978E-03
8.31921740E+00 7.81404241134627114E-02 2.92122233351879961E-03 2.07481528979840291E-01 6.86652043077185426E-04 6.21921886990273436E-03
8.35511387E+00 7.77738940660314820E-02 2.91683202441989434E-03 2.08718915181144021E-01 6.85925110162946788E-04 6.21964574005773579E-03
8.39043372E+00 7.74132842843991142E-02 2.91214860573089668E-03 2.09926233227070463E-01 6.85144799956705422E-04 6.21919534584692690E-03
8.42575828E+00 7.70526723373846645E-02 2.90701121184983513E-03 2.11118419981869920E-01 6.84297083182331084E-04 6.21725871404981301E-03
8.46170963E+00 7.66857479568689715E-02 2.90123522519043168E-03 2.12313130495362545E-01 6.83398723855703125E-04 6.21283193059766949E-03
8.49895058E+00 7.63058127132660302E-02 2.89460335893269123E-03 2.13529056570543635E-01 6.82457341432125331E-04 6.20459065114911754E-03
8.53577995E+00 7.59303142954851629E-02 2.88736427401267834E-03 2.14714192276624999E-01 6.81480499493871978E-04 6.19232513019247338E-03
8.57277914E+00 7.55534685586425753E-02 2.87942031563020355E-03 2.15881742452886993E-01 6.80423587911183265E-04 6.17591070000003510E-03
8.60959021E+00 7.51790940660121143E-02 2.87090093209268387E-03 2.17020821263203545E-01 6.79338625325493894E-04 6.15552417755098856E-03
8.64626849E+00 7.48067960313232999E-02 2.86189360191354495E-03 2.18129700526864340E-01 6.78268628391368879E-04 6.13129978069496245E-03
8.68287335E+00 7.44361230861346757E-02 2.85251574387920207E-03 2.19211451093126897E-01 6.77172909993280572E-04 6.10381948437322894E-03
8.71946674E+00 7.40665904992870300E-02 2.84290977552135527E-03 2.20268689771600940E-01 6.76019339526060079E-04 6.07399680840952673E-03
8.75611199E+00 7.36976749117946722E-02 2.83323010708267167E-03 2.21300122549684342E-01 6.74864263765000355E-04 6.04276690019874517E-03
8.79287279E+00 7.33287951176991581E-02 2.82362652736928635E-03 2.22308774431004802E-01 6.73726108120726707E-04 6.01120151318528927E-03
8.82981250E+00 7.29593442526128289E-02 2.81423967103615249E-03 2.23296049839393218E-01 6.72574608086835227E-04 5.98031740792858563E-03
8.86699380E+00 7.25887113037466530E-02 2.80519503121734199E-03 2.24263559319654415E-01 6.71421327518705036E-04 5.95072271906573001E-03
8.90447862E+00 7.22162632514596614E-02 2.79658806320218266E-03 2.25212814870440398E-01 6.70303081506891428E-04 5.92275554859043613E-03
8.94232828E+00 7.18413427554706052E-02 2.78847552268611867E-03 2.26145306545224578E-01 6.69243207271725746E-04 5.89679896260707388E-03
8.98060382E+00 7.14632942953827704E-02 2.78088185803595416E-03 2.27063571851227358E-01 6.68217120449430407E-04 5.87327251449276319E-03
9.01920979E+00 7.10830237805163551E-02 2.77383963978319317E-03 2.27962281099467035E-01 6.67196080847194499E-04 5.85222254598628637E-03
9.05811593E+00 7.07007917512403050E-02 2.76734737017525923E-03 2.28844684427084666E-01 6.66207364183776709E-04 5.83307142198516079E-03
9.09737922E+00 7.03159773934693838E-02 2.76136944737359310E-03 2.29710338371921313E-01 6.65292665848569043E-04 5.81555698371130289E-03
9.13705506E+00 6.99279599312046529E-02 2.75586471182624748E-03 2.30561182500120448E-01 6.64405202105712231E-04 5.80007134957344871E-03
9.17719756E+00 6.95362084706898365E-02 2.75080451222890288E-03 2.31398724739086986E-01 6.63501339249105955E-04 5.78676573882096895E-03
9.21786000E+00 6.91402271665068485E-02 2.74616257282026812E-03 2.32224537019136562E-01 6.62618034873659859E-04 5.77516596677339102E-03
9.25861368E+00 6.87441765272679278E-02 2.74194339861291670E-03 2.33030290331865064E-01 6.61794893346484407E-04 5.76487802399328151E-03
9.29890278E+00 6.83534083887749611E-02 2.73812857450916143E-03 2.33812035680584895E-01 6.60992020496923498E-04 5.75588132840587283E-03
9.33937813E+00 6.79616521268878032E-02 2.73458041681566913E-03 2.34575495793644950E-01 6.60249458186993135E-04 5.74782206341056465E-03
9.37868092E+00 6.75820540508212803E-02 2.73131506306502347E-03 2.35302902477792064E-01 6.59575838199340692E-04 5.74061632344057948E-03
9.41743448E+00 6.72086229778226657E-02 2.72816945420866061E-03 2.36004241464668557E-01 6.58917592679130783E-04 5.73360732183406802E-03
9.45619848E+00 6.68360501933532719E-02 2.72498535774626845E-03 2.36689988388403411E-01 6.58267232777114239E-04 5.72609997550983449E-03
9.49549068E+00 6.64595064732974028E-02 2.72160055131816670E-03 2.37369830913372160E-01 6.57611615781151333E-04 5.71752283693937116E-03
9.53468404E+00 6.60851648513452045E-02 2.71795411128322945E-03 2.38035162536895717E-01 6.56941370522311262E-04 5.70761667465261805E-03
9.57316859E+00 6.57189646981096026E-02 2.71401700969153446E-03 2.38676772535784676E-01 6.56242524025055685E-04 5.69613431066917295E-03
9.61115270E+00 6.53590098366126915E-02 2.70970867371103348E-03 2.39297558122302578E-01 6.55513936279512074E-04 5.68266355372273012E-03
9.64884921E+00 6.50033771675189859E-02 2.70495929213675906E-03 2.39901295086972166E-01 6.54782596789533285E-04 5.66697642039185479E-03
9.68647180E+00 6.46501626227059395E-02 2.69971045897909922E-03 2.40491839137823488E-01 6.54054963281040054E-04 5.64906225110854698E-03
9.72423284E+00 6.42975008664919134E-02 2.69391171986738164E-03 2.41072709517523964E-01 6.53282276611179638E-04 5.62903559051569982E-03
9.76234138E+00 6.39435850342822271E-02 2.68751937703722889E-03 2.41647031211041363E-01 6.52421915805837557E-04 5.60694678668696624E-03
9.80084520E+00 6.35881197624592193E-02 2.68052743601724253E-03 2.42215422931829100E-01 6.51485481626030332E-04 5.58279228152494013E-03
9.83867818E+00 6.32409605722116935E-02 2.67316605962311920E-03 2.42763688514723658E-01 6.50524684589735250E-04 5.55734795818995948E-03
9.87616209E+00 6.28990981046578107E-02 2.66543351537857449E-03 2.43295470202787023E-01 6.49536756728862226E-04 5.53070812838208845E-03
9.91359856E+00 6.25597529166482119E-02 2.65731846061731522E-03 2.43814741098929477E-01 6.48509357311504407E-04 5.50303177424891436E-03
9.95127326E+00 6.22203296911225459E-02 2.64879973412953393E-03 2.44325283643896995E-01 6.47425343531650584E-04 5.47447300517423657E-03
9.98892653E+00 6.18831349194575858E-02 2.63997463808052007E-03 2.44823846457374567E-01 6.46299349545503355E-04 5.44552096080345473E-03
1.00262429E+01 6.15509088699156479E-02 2.63096046579728085E-03 2.45306227929551646E-01 6.45168514237114154E-04 5.41660906620099452E-03
1.00634291E+01 6.12217370274601089E-02 2.62174821349758259E-03 2.45775704461538541E-01 6.44036073996659018E-04 5.38764101590454535E-03
1.01006839E+01 6.08938284162034715E-02 2.61232017036284450E-03 2.46228976277074241E-01 6.42907878494753575E-04 5.35838181700531557E-03
1.01381996E+01 6.05654944866957576E-02 2.60264955949014633E-03 2.46672794291907721E-01 6.41787204327362647E-04 5.32855005930960111E-03
1.01761622E+01 6.02351408738016417E-02 2.59270170547138594E-03 2.47104665783023203E-01 6.40651475378394204E-04 5.29790050701325031E-03
1.02147515E+01 5.99012776080949869E-02 2.58243685582310294E-03 2.47524627975516470E-01 6.39467629510100956E-04 5.26619346024069512E-03
1.02538615E+01 5.95649103076034067E-02 2.57188741981222982E-03 2.47928877833023059E-01 6.38225301801778849E-04 5.23333241224792009E-03
1.02926907E+01 5.92329496054447568E-02 2.56127502748119225E-03 2.48307142829826050E-01 6.36969814391437133E-04 5.19972134900661791E-03
1.03314803E+01 5.89033398764169450E-02 2.55054112216608403E-03 2.48657190210472778E-01 6.35725781700176339E-04 5.16496644593999066E-03
1.03704546E+01 5.85742339086778030E-02 2.53962242561877770E-03 2.48982950387911822E-01 6.34496660156498062E-04 5.12892909534430792E-03
1.04098237E+01 5.82439555118561547E-02 2.52844708171596046E-03 2.49275859095280883E-01 6.33271472817756222E-04 5.09176526432716763E-03
1.04497851E+01 5.79109892313418653E-02 2.51693210629229478E-03 2.49536021525738366E-01 6.32029773543254505E-04 5.05375865896993525E-03
1.04905216E+01 5.75739924347317134E-02 2.50498348192851024E-03 2.49758590503956157E-01 6.30738489155953418E-04 5.01499017795410066E-03
1.05321970E+01 5.72318412460101761E-02 2.49250348337268354E-03 2.49938071966603115E-01 6.29373622345529406E-04 4.97500118439333106E-03
1.05745684E+01 5.68867811746624485E-02 2.47951995929601232E-03 2.50066502531783641E-01 6.27967891890703978E-04 4.93311918212871459E-03
1.06166451E+01 5.65470104619398353E-02 2.46631141050872521E-03 2.50136060620008593E-01 6.26602037969962761E-04 4.88936259936046790E-03
1.06585191E+01 5.62118385576206026E-02 2.45284487943163258E-03 2.50150137967508457E-01 6.25281587726162543E-04 4.84329514473576164E-03
1.07003086E+01 5.58803902630401542E-02 2.43908309820978176E-03 2.50098111340255225E-01 6.23990248024911963E-04 4.79508486016864098E-03
1.07421504E+01 5.55516712651161412E-02 2.42498415660749806E-03 2.49952014765976477E-01 6.22713073388198078E-04 4.74511566555011182E-03
1.07841941E+01 5.52246213728140173E-02 2.41050345592618877E-03 2.49766511018610887E-01 6.21430908022331877E-04 4.69352672781965172E-03
1.08265988E+01 5.48981542865717848E-02 2.39559836792329912E-03 2.49490041924067846E-01 6.20121965728304245E-04 4.64002283924899814E-03
1.08695318E+01 5.45711889980781545E-02 2.38023630391303621E-03 2.49134550806721117E-01 6.18790538585173885E-04 4.58407863706958036E-03
1.09131681E+01 5.42426397503516095E-02 2.36439187088217451E-03 2.48692536560339017E-01 6.17452338756655427E-04 4.52540141185572408E-03
1.09565855E+01 5.39195532509025091E-02 2.34844148078337291E-03 2.48172627737994339E-01 6.16140780949637795E-04 4.46577548001740425E-03
1.09997672E+01 5.36020175419966230E-02 2.33243897729019673E-03 2.47578004877884311E-01 6.14840883166545716E-04 4.40615982152980316E-03
1.10428949E+01 5.32886666458721597E-02 2.31636229682601882E-03 2.46909395433210999E-01 6.13526120239291702E-04 4.34707619245727327E-03
1.10861595E+01 5.29781087232325323E-02 2.30018201709837828E-03 2.46166744290820472E-01 6.12182234265926605E-04 4.28860794653009979E-03
1.11297575E+01 5.26689566942321816E-02 2.28386641942545472E-03 2.45349310191765313E-01 6.10812565135248676E-04 4.23046569401781293E-03
1.11738884E+01 5.23598459644392389E-02 2.26738576537767770E-03 2.44456136619685072E-01 6.09433836004473375E-04 4.17222860492024068E-03
1.12187538E+01 5.20494405063164980E-02 2.25071393410291752E-03 2.43484593567794977E-01 6.08056732639066107E-04 4.11357750986575312E-03
1.12645577E+01 5.17364342612526007E-02 2.23383096151953155E-03 2.42434377079671831E-01 6.06669652568292590E-04 4.05438451912617983E-03
1.13112967E+01 5.14209578477126394E-02 2.21680478831791762E-03 2.41308632375117738E-01 6.05268673248134060E-04 3.99494040185856963E-03
1.13579417E+01 5.11099025008190447E-02 2.20007366893010823E-03 2.40139328516938033E-01 6.03892700646651887E-04 3.93687890300448238E-03
1.14044553E+01 5.08033357658792192E-02 2.18370550014424999E-03 2.38935792714385448E-01 6.02559597418461288E-04 3.88059658213043722E-03
1.14509513E+01 5.05003439325833678E-02 2.16770205259018750E-03 2.37703347216450062E-01 6.01276723581354103E-04 3.82632054094369936E-03
1.14975701E+01 5.01998755675997360E-02 2.15203749646222147E-03 2.36446749057935085E-01 6.00035031843967523E-04 3.77415918244763731E-03
1.15444746E+01 4.99007893521618354E-02 2.13666191496366146E-03 2.35170141124098009E-01 5.98809000962207153E-04 3.72402264161244851E-03
1.15918459E+01 4.96018908380872203E-02 2.12150859868251484E-03 2.33877194949059786E-01 5.97570261980873369E-04 3.67565469669872908E-03
1.16398809E+01 4.93019543168212587E-02 2.10650160910006833E-03 2.32571386437336242E-01 5.96301734353439964E-04 3.62875804690996262E-03
1.16875795E+01 4.90071513595574590E-02 2.09192311525243637E-03 2.31290415792290760E-01 5.95030320962014751E-04 3.58418267158037247E-03
1.17351372E+01 4.87161565924238218E-02 2.07767841586509357E-03 2.30036479433141122E-01 5.93751933525299164E-04 3.54159637305543609E-03
1.17827651E+01 4.84276170822384999E-02 2.06367587949124855E-03 2.28811453504481177E-01 5.92455289143750587E-04 3.50060365715646827E-03
1.18306859E+01 4.81401683642002573E-02 2.04982467055021909E-03 2.27617902903690911E-01 5.91132173899629686E-04 3.46068103894963362E-03
1.18791354E+01 4.78524242935610897E-02 2.03603143006284406E-03 2.26458851349381068E-01 5.89792772549851247E-04 3.42123894096043593E-03
1.19283655E+01 4.75629555601462181E-02 2.02219594257059022E-03 2.25338178293548935E-01 5.88450140676297670E-04 3.38176730022747216E-03
1.19786504E+01 4.72702641627146120E-02 2.00820754908633556E-03 2.24260766699636571E-01 5.87081618663286221E-04 3.34192387392917871E-03
1.20302949E+01 4.69727584819457297E-02 1.99394444203296588E-03 2.23234742551763260E-01 5.85651676320611786E-04 3.30142413379474857E-03
1.20828812E+01 4.66730302086365012E-02 1.97948134909281754E-03 2.22282492940137272E-01 5.84169822848664799E-04 3.26040772135767270E-03
1.21357824E+01 4.63747469709258411E-02 1.96495176218463522E-03 2.21430576238068805E-01 5.82678907181496909E-04 3.21896920326050339E-03
1.21893840E+01 4.60758279769167556E-02 1.95022288999911796E-03 2.20681413209058014E-01 5.81194583800770576E-04 3.17640631679615365E-03
1.22436745E+01 4.57764515640249614E-02 1.93528090962330132E-03 2.20047954414279934E-01 5.79725789263203523E-04 3.13254392408572179E-03
1.22986546E+01 4.54767085002240473E-02 1.92011890515412348E-03 2.19542871750940477E-01 5.78257907591064359E-04 3.08750203394960246E-03
1.23543231E+01 4.51766933746439378E-02 1.90474445912168261E-03 2.19177780020017421E-01 5.76764925139851129E-04 3.04159287440074070E-03
1.24096971E+01 4.48816759091321404E-02 1.88945071339650700E-03 2.18968644814007851E-01 5.75260246899406591E-04 2.99590369102680810E-03
1.24650504E+01 4.45901313957427770E-02 1.87420311363392959E-03 2.18914607732208583E-01 5.73747784815102223E-04 2.95032902997622790E-03
1.25206524E+01 4.43006290701892652E-02 1.85898159883295371E-03 2.19001370540325674E-01 5.72240213894935844E-04 2.90468918633997363E-03
1.25767684E+01 4.40118111985445121E-02 1.84377333880961333E-03 2.19262178589308937E-01 5.70740130635533451E-04 2.85890926477573191E-03
1.26332074E+01 4.37246633732795084E-02 1.82868534297253604E-03 2.19662153469784766E-01 5.69244496372450629E-04 2.81347463288688553E-03
1.26898594E+01 4.34397113559903542E-02 1.81379037555236895E-03 2.20211764088350470E-01 5.67751178261136991E-04 2.76887594197062050E-03
1.27467529E+01 4.31567726917355052E-02 1.79911053830090497E-03 2.20898016912062317E-01 5.66271656465739976E-04 2.72535634992372927E-03
1.28038105E+01 4.28761939592414640E-02 1.78468124305258954E-03 2.21708147713299442E-01 5.64815239016344022E-04 2.68300564919766267E-03
1.28610694E+01 4.25977675004041087E-02 1.77049738292008388E-03 2.22627862883640032E-01 5.63398024394689070E-04 2.64166762110610177E-03
1.29185691E+01 4.23212936561369532E-02 1.75654498173816046E-03 2.23641377867957458E-01 5.62003799511441799E-04 2.60117433739209120E-03
1.29763497E+01 4.20465808131210220E-02 1.74280220895006114E-03 2.24731863437077323E-01 5.60622556055160670E-04 2.56143043659892667E-03
1.30344509E+01 4.17734477810915439E-02 1.72923938313223886E-03 2.25881785095241733E-01 5.59250209702196756E-04 2.52242966195920237E-03
1.30926872E+01 4.15027531063260971E-02 1.71586961659456064E-03 2.27069151544246423E-01 5.57892242133907370E-04 2.48438130876810779E-03
1.31510533E+01 4.12344958498454678E-02 1.70265658771406652E-03 2.28275412242276099E-01 5.56549584130213641E-04 2.44740118173628193E-03
1.32095803E+01 4.09685167345350335E-02 1.68955296431171249E-03 2.29484194733447971E-01 5.55189685970936615E-04 2.41154175832848996E-03
1.32683034E+01 4.07046601504084463E-02 1.67651243629614072E-03 2.30681184988862448E-01 5.53782642617825006E-04 2.37670322255635526E-03
1.33272603E+01 4.04427734537105010E-02 1.66349296418370741E-03 2.31854335019737012E-01 5.52329100528255808E-04 2.34260045655643049E-03
1.33864904E+01 4.01827027996406946E-02 1.65045920385408027E-03 2.32994087030518937E-01 5.50847529699531450E-04 2.30886448769922203E-03
1.34460327E+01 3.99242980090448729E-02 1.63738536194465881E-03 2.34093506390236572E-01 5.49365393351672750E-04 2.27519065064885236E-03
1.35059247E+01 3.96674193269196673E-02 1.62425596477347727E-03 2.35148251182564716E-01 5.47894387569346241E-04 2.24143037871418239E-03
1.35661999E+01 3.94119442843315348E-02 1.61106419460643854E-03 2.36156415833153194E-01 5.46429384489665985E-04 2.20759068496982147E-03
1.36268869E+01 3.91577733324638133E-02 1.59780859693648531E-03 2.37118289588676062E-01 5.44964755969418136E-04 2.17378210969599878E-03
1.36876206E+01 3.89064195876798677E-02 1.58457232489221645E-03 2.38030487427214110E-01 5.43499903379850440E-04 2.14038923516332580E-03
1.37483056E+01 3.86582278994147543E-02 1.57137619988107912E-03 2.38896029025479295E-01 5.42011472485990774E-04 2.10766695060390441E-03
1.38089706E+01 3.84130349513454178E-02 1.55821221474713024E-03 2.39720960166663055E-01 5.40458525891280022E-04 2.07573970179027309E-03
1.38696461E+01 3.81706948346009489E-02 1.54507422981497631E-03 2.40512008996624810E-01 5.38823604959759927E-04 2.04458386765611448E-03
1.39303647E+01 3.79310756737889915E-02 1.53195851518084258E-03 2.41276199390039109E-01 5.37125930060391608E-04 2.01403934517030642E-03
1.39911057E+01 3.76942583847994228E-02 1.51887257168843910E-03 2.42019910583104014E-01 5.35403798572519143E-04 1.98394399427936864E-03
1.40518487E+01 3.74603075578332015E-02 1.50582057758679192E-03 2.42749326959975781E-01 5.33665850186071616E-04 1.95420271956512097E-03
1.41125159E+01 3.72294962533264023E-02 1.49281731320084982E-03 2.43469602047335754E-01 5.31901159748231884E-04 1.92479731466252543E-03
1.41731173E+01 3.70017602276592195E-02 1.47986088109331045E-03 2.44186306292304922E-01 5.30119222921330061E-04 1.89565773212703806E-03
1.42337015E+01 3.67768985323012471E-02 1.46694492728113098E-03 2.44904709556423128E-01 5.28333795151776967E-04 1.86669112910386927E-03
1.42943209E+01 3.65547060608974461E-02 1.45406592442617541E-03 2.45629367846135177E-01 5.26542951268557592E-04 1.83783866042306287E-03
1.43549765E+01 3.63351687180654553E-02 1.44123312352303608E-03 2.46363502533991169E-01 5.24737788738969700E-04 1.80911794833071285E-03
1.44154269E+01 3.61191245313170900E-02 1.42850563068540977E-03 2.47106747830970724E-01 5.22917647718436525E-04 1.78069950540083767E-03
1.44757243E+01 3.59063312852927891E-02 1.41587847612111820E-03 2.47861186998774297E-01 5.21082401401145147E-04 1.75263311706012090E-03
1.45359308E+01 3.56965151317504212E-02 1.40334382390968748E-03 2.48628445964028250E-01 5.19238701056586689E-04 1.72495723378129711E-03
1.45961168E+01 3.54893806919426985E-02 1.39089350425052071E-03 2.49409725988650910E-01 5.17389532782284263E-04 1.69766846418390989E-03
1.46563602E+01 3.52846217684317787E-02 1.37852192980302945E-03 2.50205774934495029E-01 5.15531094856323054E-04 1.67071246495938542E-03
1.47167441E+01 3.50819278108447652E-02 1.36622784291425079E-03 2.51016979022567865E-01 5.13657285522236434E-04 1.64401097292396362E-03
1.47773552E+01 3.48809884383781410E-02 1.35401480495576801E-03 2.51843487211324046E-01 5.11776360855995503E-04 1.61751053362380677E-03
1.48382811E+01 3.46814984649607833E-02 1.34189028376991738E-03 2.52685308207782622E-01 5.09909154286063756E-04 1.59123695955449445E-03
1.48990255E+01 3.44850301069911450E-02 1.32997595080910306E-03 2.53534567731018567E-01 5.08078838555521052E-04 1.56556064972064417E-03
1.49495127E+01 3.43235206650645622E-02 1.32021288499904375E-03 2.54252977910527256E-01 5.06570383083358136E-04 1.54474341359894535E-03
1.50000000E+01 3.41636017513333376E-02 1.31059149027781840E-03 2.54971743845625598E-01 5.05064207222630495E-04 1.52451146453829790E-03
