#  time, MeanKE MeanKEDR MeanP MeanNuT MeanLesProduction MeanStrainRate
0 1.24699045417061311E-01 5.20780606989176462E-04 -1.14385921606686266E-17 5.73233284473671973E-05 5.31578589125790738E-05 0.00000000000000000E+00
2.94524311E-02 1.24677404548092563E-01 5.20756978086542028E-04 9.35582047480127050E-04 5.73643695156736560E-05 5.31733622214596076E-05 5.50719414183921119E-01
5.89828622E-02 1.24659979659651421E-01 5.20890276137405349E-04 9.24734686230820947E-04 5.74788558465350001E-05 5.32455137734730478E-05 5.50762932817815409E-01
8.85221650E-02 1.24643907876187274E-01 5.21161778166433763E-04 7.95902307132921117E-04 5.76518254820546877E-05 5.33662312482006729E-05 5.50960383611237114E-01
1.18073646E-01 1.24628215906484319E-01 5.21563146446488244E-04 6.10523115893787591E-04 5.78738213541918402E-05 5.35306344986703850E-05 5.51276278224635874E-01
1.47641039E-01 1.24612574732799977E-01 5.22088885525721197E-04 3.61211809864618952E-04 5.81336221573296635E-05 5.37341642433846711E-05 5.51691338391813058E-01
1.77228183E-01 1.24596870906502830E-01 5.22734596418948910E-04 4.80375632495093580E-05 5.84223440785729023E-05 5.39724437712644774E-05 5.52193027203161879E-01
2.06838908E-01 1.24581062953829633E-01 5.23497823873929737E-04 -3.28870087323225515E-04 5.87349027690876654E-05 5.42426659150535749E-05 5.52772332226462715E-01
2.36472412E-01 1.24565135910991914E-01 5.24377333853494245E-04 -7.68666537217924432E-04 5.90679605148937119E-05 5.45431475717163378E-05 5.53422157570130802E-01
2.66116669E-01 1.24549088949429163E-01 5.25372370336000551E-04 -1.27052401959432126E-03 5.94188757786964292E-05 5.48728714601777961E-05 5.54136156790218104E-01
2.95775606E-01 1.24532915447617160E-01 5.26482960354043785E-04 -1.83354997371162594E-03 5.97854533378707194E-05 5.52312467719499341E-05 5.54908057844354041E-01
3.25453082E-01 1.24516609706954245E-01 5.27709652645215552E-04 -2.45679480949203199E-03 6.01660453469204389E-05 5.56180994667661988E-05 5.55732493779015790E-01
3.55152871E-01 1.24500166341405344E-01 5.29053272618916297E-04 -3.13922215478766239E-03 6.05593229231774500E-05 5.60334311010377180E-05 5.56604870016951248E-01
3.84878650E-01 1.24483580072462491E-01 5.30514814165297297E-04 -3.87970081731305082E-03 6.09641416384683094E-05 5.64773131593795128E-05 5.57521358445533299E-01
4.14633986E-01 1.24466845662235870E-01 5.32095484504457178E-04 -4.67699970304816942E-03 6.13795592439636073E-05 5.69499340860949509E-05 5.58478784260473149E-01
4.44422327E-01 1.24449957891895696E-01 5.33796720094632912E-04 -5.52978220091445132E-03 6.18048303575527159E-05 5.74516173830249009E-05 5.59474511379462691E-01
4.74246987E-01 1.24432911555110881E-01 5.35620168445498433E-04 -6.43660017346135965E-03 6.22393764886379524E-05 5.79828057341690904E-05 5.60506356933223371E-01
5.04111137E-01 1.24415701457008240E-01 5.37567662940003537E-04 -7.39588764651595218E-03 6.26827563869733262E-05 5.85440382963007489E-05 5.61572534179324623E-01
5.34017795E-01 1.24398322415584364E-01 5.39641207110302208E-04 -8.40595427459764170E-03 6.31346535476327961E-05 5.91359376127793910E-05 5.62671617688579317E-01
5.63969817E-01 1.24380769264318639E-01 5.41842969618920589E-04 -9.46497865680125117E-03 6.35948757830600604E-05 5.97592074065040824E-05 5.63802522886608593E-01
5.93969891E-01 1.24363036855312400E-01 5.44175277529862739E-04 -1.05710015822909256E-02 6.40633314285084709E-05 6.04146288392253016E-05 5.64964481996934831E-01
6.24020523E-01 1.24345120062770528E-01 5.46640604485371193E-04 -1.17219192924638057E-02 6.45399520207511052E-05 6.11030518534573064E-05 5.66156975801654028E-01
6.54124037E-01 1.24327013786912188E-01 5.49241558975238609E-04 -1.29154768594342238E-02 6.50245965543378221E-05 6.18253867840641124E-05 5.67379581054325399E-01
6.84282567E-01 1.24308712958385234E-01 5.51980876462820165E-04 -1.41492617871922209E-02 6.55170369269668314E-05 6.25826000065298578E-05 5.68631796663144007E-01
7.14489574E-01 1.24290217700758848E-01 5.54860587421402546E-04 -1.54203444973905444E-02 6.60168943133130064E-05 6.33754856138776779E-05 5.69913017809855149E-01
7.44742662E-01 1.24271525677596070E-01 5.57883127824339124E-04 -1.67257685129650370E-02 6.65239205139708204E-05 6.42049739587628802E-05 5.71222307864033940E-01
7.75044144E-01 1.24252631655144635E-01 5.61051490420903451E-04 -1.80626119369736785E-02 6.70380367166073385E-05 6.50721710687492708E-05 5.72559083903280808E-01
8.05396133E-01 1.24233530449942273E-01 5.64368784178412297E-04 -1.94277904480092099E-02 6.75592478675352752E-05 6.59782364026885736E-05 5.73923225262512604E-01
8.35800539E-01 1.24214216924551091E-01 5.67838227617981626E-04 -2.08180485621837115E-02 6.80876299701526364E-05 6.69243805464635069E-05 5.75314869416963304E-01
8.66259062E-01 1.24194685989217943E-01 5.71463141889166134E-04 -2.22299566178060133E-02 6.86233190487822226E-05 6.79118628323010305E-05 5.76734393682564295E-01
8.96773194E-01 1.24174932605488494E-01 5.75246943723007904E-04 -2.36599088590662733E-02 6.91665015456552351E-05 6.89419890259583426E-05 5.78182393704907649E-01
9.27344210E-01 1.24154951790263812E-01 5.79193138271287956E-04 -2.51041227285179330E-02 6.97174031880980173E-05 7.00161090902726244E-05 5.79659659818699713E-01
9.57973174E-01 1.24134738619767357E-01 5.83305311788366067E-04 -2.65586395197744685E-02 7.02762737378118395E-05 7.11356149798783035E-05 5.81167146167542725E-01
9.88660935E-01 1.24114288233197700E-01 5.87587124096415527E-04 -2.80193265493994224E-02 7.08433682775678103E-05 7.23019384048703413E-05 5.82705928188730238E-01
1.01940813E+00 1.24093595835943135E-01 5.92042300773568575E-04 -2.94818809976234719E-02 7.14189305394761484E-05 7.35165484985042577E-05 5.84277151478118761E-01
1.05021517E+00 1.24072656702277254E-01 5.96674625021940616E-04 -3.09418355612626934E-02 7.20031855225978352E-05 7.47809493398118662E-05 5.85881985821115947E-01
1.08108228E+00 1.24051466177425809E-01 6.01487929214344517E-04 -3.23945660318014916E-02 7.25963437062603057E-05 7.60966773211065343E-05 5.87521601798932314E-01
1.11200945E+00 1.24030019678865636E-01 6.06486086167653030E-04 -3.38353008887364165E-02 7.31986117795734384E-05 7.74652983957603623E-05 5.89197176175507820E-01
1.14299648E+00 1.24008312696713197E-01 6.11673000223133981E-04 -3.52591329980410859E-02 7.38102024503845135E-05 7.88884052690904975E-05 5.90909915161729193E-01
1.17404298E+00 1.23986340793048891E-01 6.17052598230691750E-04 -3.66610335354968231E-02 7.44313391733405697E-05 8.03676146065770286E-05 5.92661077916618151E-01
1.20514834E+00 1.23964099600050989E-01 6.22628820567150865E-04 -3.80358682487510411E-02 7.50622556384480125E-05 8.19045643613117326E-05 5.94451988776435569E-01
1.23631179E+00 1.23941584816819148E-01 6.28405612406387495E-04 -3.93784160596017188E-02 7.57031917336766278E-05 8.35009114048801111E-05 5.96284035784749533E-01
1.26753236E+00 1.23918792204779291E-01 6.34386915618886070E-04 -4.06833899086579062E-02 7.63543879588820011E-05 8.51583297998169050E-05 5.98158658245618313E-01
1.29880890E+00 1.23895717581557180E-01 6.40576661878142477E-04 -4.19454597321379796E-02 7.70160800752708728E-05 8.68785102457562681E-05 6.00077327444044961E-01
1.33014012E+00 1.23872356813200760E-01 6.46978767684484434E-04 -4.31592774830775461E-02 7.76884955078601991E-05 8.86631613582877489E-05 6.02041524621763413E-01
1.36152456E+00 1.23848705804618903E-01 6.53597131901875175E-04 -4.43195040769052348E-02 7.83718524999700160E-05 9.05140133185056893E-05 6.04052719834146656E-01
1.39296062E+00 1.23824760488086369E-01 6.60435635858051991E-04 -4.54208380755853208E-02 7.90663620530354926E-05 9.24328238800297222E-05 6.06112354425405453E-01
1.42444656E+00 1.23800516809672190E-01 6.67498145061884689E-04 -4.64580458620924702E-02 7.97722313987256419E-05 9.44213857180595934E-05 6.08221828418306742E-01
1.45598054E+00 1.23775970713485464E-01 6.74788510460307112E-04 -4.74259930061694673E-02 8.04896666286537620E-05 9.64815329679531502E-05 6.10382492442852254E-01
1.48756060E+00 1.23751118123717696E-01 6.82310566506176704E-04 -4.83196764832125383E-02 8.12188717337683757E-05 9.86151441442416175E-05 6.12595642559904507E-01
1.51918469E+00 1.23725954924604101E-01 6.90068123659521161E-04 -4.91342573694553697E-02 8.19600419724194311E-05 1.00824138976785547E-04 6.14862515925961639E-01
1.55085068E+00 1.23700476938552753E-01 6.98064954597578369E-04 -4.98650936088302146E-02 8.27133512318553327E-05 1.03110468348794826E-04 6.17184285667687682E-01
1.58255640E+00 1.23674679902826726E-01 7.06304777374180482E-04 -5.05077724190133165E-02 8.34789364380911762E-05 1.05476100483042708E-04 6.19562054201180046E-01
1.61429962E+00 1.23648559445129744E-01 7.14791245953143046E-04 -5.10581543481461869E-02 8.42568873592577157E-05 1.07923013705700057E-04 6.21996845104759166E-01
1.64607808E+00 1.23622111058211859E-01 7.23527963386950469E-04 -5.15123395044307375E-02 8.50472527952638623E-05 1.10453210967895803E-04 6.24489594251104285E-01
1.67788953E+00 1.23595330072698420E-01 7.32518523184807471E-04 -5.18668323955150876E-02 8.58500658119240931E-05 1.13068761589108017E-04 6.27041141144870307E-01
1.70973173E+00 1.23568211627819030E-01 7.41766558953927237E-04 -5.21184167750637778E-02 8.66653725332637971E-05 1.15771850233701586E-04 6.29652221247400168E-01
1.74160246E+00 1.23540750638734334E-01 7.51275763742519130E-04 -5.22642718698453079E-02 8.74932378312946811E-05 1.18564794484309869E-04 6.32323459818825873E-01
1.77349956E+00 1.23512941761670797E-01 7.61049863082788477E-04 -5.23019629273437578E-02 8.83337197028006611E-05 1.21450014927654772E-04 6.35055367343935417E-01
1.80542094E+00 1.23484779358468993E-01 7.71092608133930172E-04 -5.22294790271977394E-02 8.91868609294827028E-05 1.24430024060937378E-04 6.37848336374055802E-01
1.83736461E+00 1.23456257460678009E-01 7.81407974357657838E-04 -5.20451896919811030E-02 9.00528207505254429E-05 1.27507619386248085E-04 6.40702639485834835E-01
1.86932866E+00 1.23427369726401504E-01 7.92000672148830795E-04 -5.17479579251900468E-02 9.09321962232812110E-05 1.30686387169909226E-04 6.43618428101188411E-01
1.90131136E+00 1.23398109376517295E-01 8.02875742525855350E-04 -5.13370405122753545E-02 9.18256884558404278E-05 1.33970290167335004E-04 6.46595732030946224E-01
1.93331107E+00 1.23368469136643510E-01 8.14036955264125692E-04 -5.08121554296359981E-02 9.27330174228369850E-05 1.37362056310500700E-04 6.49634459748110293E-01
1.96532638E+00 1.23338441237999905E-01 8.25487640244360206E-04 -5.01734588003829932E-02 9.36535077016514779E-05 1.40863998228045413E-04 6.52734399798086451E-01
1.99735601E+00 1.23308017412102719E-01 8.37231855367671462E-04 -4.94215432534073698E-02 9.45868239798419773E-05 1.44479167888295670E-04 6.55895223986109221E-01
2.02939894E+00 1.23277188843238850E-01 8.49274351104676271E-04 -4.85574286354409218E-02 9.55328742527676523E-05 1.48211307076208544E-04 6.59116492193596248E-01
2.06145433E+00 1.23245946108568857E-01 8.61620035333336524E-04 -4.75825492337263040E-02 9.64914186083994037E-05 1.52064296933905211E-04 6.62397658768031472E-01
2.09352160E+00 1.23214279135156049E-01 8.74273236062911253E-04 -4.64987379134044615E-02 9.74616463470442262E-05 1.56041403649775977E-04 6.65738080744193828E-01
2.12560042E+00 1.23182177191856354E-01 8.87238437379205599E-04 -4.53082076520294405E-02 9.84427720936851869E-05 1.60145995265963711E-04 6.69137028041253967E-01
2.15769072E+00 1.23149628863451377E-01 9.00536822060102023E-04 -4.40135306614899899E-02 9.94451416838825023E-05 1.64398064003653621E-04 6.72593695613286968E-01
2.18979272E+00 1.23116621268475501E-01 9.14166801063566177E-04 -4.26176141634753217E-02 1.00463161911777880E-04 1.68794748769537174E-04 6.76107216965745272E-01
2.22190693E+00 1.23083140781176603E-01 9.28130215135212046E-04 -4.11236736128455446E-02 1.01492996941792015E-04 1.73336500557190595E-04 6.79676673026102685E-01
2.25403414E+00 1.23049173141400264E-01 9.42433533404399217E-04 -3.95352108233570157E-02 1.02533407767882654E-04 1.78028254159927557E-04 6.83301114175468682E-01
2.28617547E+00 1.23014703294681796E-01 9.57084530150996860E-04 -3.78559851088832375E-02 1.03583194354760422E-04 1.82876082193015959E-04 6.86979578581619510E-01
2.31833234E+00 1.22979715298565398E-01 9.72091788857547441E-04 -3.60899846741413594E-02 1.04641162762694439E-04 1.87886674218081223E-04 6.90711109242365673E-01
2.35050651E+00 1.22944192270940139E-01 9.87475858689786405E-04 -3.42413987581480644E-02 1.05713920381747252E-04 1.93078466281408596E-04 6.94494772333378418E-01
2.38270003E+00 1.22908115706159948E-01 1.00326514741772704E-03 -3.23145943449467746E-02 1.06814414479509495E-04 1.98477520841629039E-04 6.98329676277229083E-01
2.41491528E+00 1.22871464631151409E-01 1.01945545289247250E-03 -3.03140828773705018E-02 1.07930918508021003E-04 2.04077049503075295E-04 7.02214985091479060E-01
2.44715497E+00 1.22834217280986230E-01 1.03605574833226109E-03 -2.82444834574865321E-02 1.09059031691755747E-04 2.09883127487575519E-04 7.06149929465865744E-01
2.47942211E+00 1.22796351015887997E-01 1.05308112763656514E-03 -2.61105231316774156E-02 1.10197827747014827E-04 2.15907607114441827E-04 7.10133841934363352E-01
2.51172002E+00 1.22757841961858100E-01 1.07054998065059877E-03 -2.39170058720331938E-02 1.11347641325629243E-04 2.22165267842915759E-04 7.14166176075018977E-01
2.54405235E+00 1.22718664709002542E-01 1.08848489093174073E-03 -2.16687901590882567E-02 1.12511060724387399E-04 2.28674688048008487E-04 7.18246522177440339E-01
2.57640657E+00 1.22678812422727282E-01 1.10690084035459935E-03 -1.93719190243348445E-02 1.13691652943763259E-04 2.35452385725937337E-04 7.22374622302833225E-01
2.60878576E+00 1.22638258113416707E-01 1.12581779563594481E-03 -1.70314614476618047E-02 1.14889587609105881E-04 2.42514194216857728E-04 7.26548254062125309E-01
2.64119363E+00 1.22596972379838839E-01 1.14525444330120332E-03 -1.46524345917945480E-02 1.16101555831384871E-04 2.49874079397309880E-04 7.30767288307698437E-01
2.67363423E+00 1.22554924058618966E-01 1.16523178306671485E-03 -1.22398142958739711E-02 1.17325711824874237E-04 2.57547799040414840E-04 7.35031826658930854E-01
2.70611187E+00 1.22512080187396455E-01 1.18577448875176747E-03 -9.79853388097304788E-03 1.18564759356808497E-04 2.65554221343635246E-04 7.39342165548690033E-01
2.73863117E+00 1.22468405698526364E-01 1.20690862842763114E-03 -7.33347275979548581E-03 1.19818110776436591E-04 2.73913008843353057E-04 7.43698790498899642E-01
2.77119701E+00 1.22423863331996327E-01 1.22866171942943381E-03 -4.84945855763690287E-03 1.21081823150335453E-04 2.82644632774583843E-04 7.48102358036085713E-01
2.80381455E+00 1.22378413653248044E-01 1.25106506332668286E-03 -2.35120053499633360E-03 1.22357373846342468E-04 2.91772664566042751E-04 7.52553673087555275E-01
2.83648917E+00 1.22332014739043884E-01 1.27415316694868565E-03 1.56590514391440511E-04 1.23647281756384449E-04 3.01323158596157408E-04 7.57053666434786221E-01
2.86922646E+00 1.22284621865829543E-01 1.29796522232067282E-03 2.66935017090211453E-03 1.24954614559682966E-04 3.11326093167839336E-04 7.61603373836740816E-01
2.90203226E+00 1.22236187045232744E-01 1.32255927350427680E-03 5.18257415785356324E-03 1.26291865006309556E-04 3.21829506000787966E-04 7.66203928308009097E-01
2.93491256E+00 1.22186656956110654E-01 1.34799920773687599E-03 7.69182792934432723E-03 1.27673122182704217E-04 3.32886529653890961E-04 7.70856568397918496E-01
2.96785817E+00 1.22135966226718864E-01 1.37427906559868095E-03 1.01948469722362590E-02 1.29073752185993967E-04 3.44487194604371175E-04 7.75562644727550987E-01
3.00086561E+00 1.22084089093517589E-01 1.40143560433797650E-03 1.26805950784739489E-02 1.30497103091462973E-04 3.56660331905779841E-04 7.80321219902946339E-01
3.03394115E+00 1.22030970819856241E-01 1.42951245931684429E-03 1.51478220230819461E-02 1.31937407347440495E-04 3.69436725037610412E-04 7.85132575470377958E-01
3.06709122E+00 1.21976549553287350E-01 1.45855910555184928E-03 1.75925636320916068E-02 1.33392866155953492E-04 3.82852058924788808E-04 7.89998439859091794E-01
3.10032243E+00 1.21920758541597327E-01 1.48862925264138003E-03 2.00109457682974487E-02 1.34863686615043101E-04 3.96945240852413644E-04 7.94920564476960578E-01
3.13364152E+00 1.21863526690422164E-01 1.51977828168336007E-03 2.23991939799158442E-02 1.36347086274968114E-04 4.11755789580331975E-04 7.99900549451845300E-01
3.16705533E+00 1.21804778700947205E-01 1.55206577818028956E-03 2.47536480109193553E-02 1.37840572948732886E-04 4.27326327233208854E-04 8.04939608268185447E-01
3.20057082E+00 1.21744434982487187E-01 1.58555693478268258E-03 2.70707485169488574E-02 1.39343583219821284E-04 4.43703947000983860E-04 8.10038348289757626E-01
3.23419502E+00 1.21682411396093981E-01 1.62032187678550627E-03 2.93470258804046716E-02 1.40856273836779744E-04 4.60939510831908891E-04 8.15196654923316277E-01
3.26793501E+00 1.21618618937563039E-01 1.65643614995430208E-03 3.15791008324472211E-02 1.42380134113488953E-04 4.79088115127391850E-04 8.20413743718420241E-01
3.30178038E+00 1.21552998117372968E-01 1.69396083915247884E-03 3.37625475652121795E-02 1.43916280858068175E-04 4.98198838835150907E-04 8.25688385879811748E-01
3.33572727E+00 1.21485474158095311E-01 1.73296837529896800E-03 3.58935872009846779E-02 1.45465642408604940E-04 5.18328057725729878E-04 8.31016480499530474E-01
3.36978319E+00 1.21415945067641584E-01 1.77355821000125678E-03 3.79693249868586283E-02 1.47033448405401595E-04 5.39552072874326799E-04 8.36395165747867209E-01
3.40395570E+00 1.21344302021408001E-01 1.81587086715818209E-03 3.99869450409816238E-02 1.48632626681880511E-04 5.61987130029367927E-04 8.41823886084297812E-01
3.43825236E+00 1.21270426828552963E-01 1.86002706910764278E-03 4.19436929908852743E-02 1.50257469367720548E-04 5.85728701350929576E-04 8.47302688929395753E-01
3.47268076E+00 1.21194192257974287E-01 1.90605037512160246E-03 4.38369878352541723E-02 1.51893495437798620E-04 6.10774158083893866E-04 8.52831956679289904E-01
3.50724845E+00 1.21115469906712167E-01 1.95403860044565236E-03 4.56644123764314847E-02 1.53540701324680890E-04 6.37193706075246864E-04 8.58411891627225310E-01
3.54196142E+00 1.21034131456665459E-01 2.00411158734933306E-03 4.74234852172614046E-02 1.55200082076721834E-04 6.65079332217473535E-04 8.64042042398327492E-01
3.57682083E+00 1.20950055071834636E-01 2.05640781359045077E-03 4.91115919542564131E-02 1.56872417923691380E-04 6.94543815716008352E-04 8.69720777552457025E-01
3.61182825E+00 1.20863112613399271E-01 2.11111249566646626E-03 5.07263038114803347E-02 1.58561367714232966E-04 7.25745892513624067E-04 8.75444989273425955E-01
3.64698258E+00 1.20773175861049922E-01 2.16841230407560518E-03 5.22652319647295069E-02 1.60270038560079807E-04 7.58847410767441105E-04 8.81211556854199163E-01
3.68228662E+00 1.20680099326123821E-01 2.22841895997001735E-03 5.37263408060005832E-02 1.61998158654763782E-04 7.93932761370063473E-04 8.87017555301460425E-01
3.71774375E+00 1.20583730500871955E-01 2.29119950722334867E-03 5.51077544422087437E-02 1.63744177998772442E-04 8.31041249307073820E-04 8.92861920108633744E-01
3.75326537E+00 1.20484177658929964E-01 2.35666265484488040E-03 5.64042666839269374E-02 1.65504611603400621E-04 8.70122786404643636E-04 8.98745225178854246E-01
3.78859029E+00 1.20382091972601774E-01 2.42437248449005067E-03 5.76059116543520128E-02 1.67270289048471996E-04 9.10922656064091498E-04 9.04654275352967163E-01
3.82375324E+00 1.20277320022133413E-01 2.49440969659558238E-03 5.87149669031723012E-02 1.69043564207856258E-04 9.53490538484462946E-04 9.10548054287794395E-01
3.85878399E+00 1.20169711490250561E-01 2.56684361154658558E-03 5.97338935619206937E-02 1.70826384650586563E-04 9.97868129346400189E-04 9.16435002528377840E-01
3.89370769E+00 1.20059122118307174E-01 2.64174795313900073E-03 6.06640416439719124E-02 1.72622926571576696E-04 1.04410499924405113E-03 9.22322849817952872E-01
3.92854527E+00 1.19945415090094584E-01 2.71929179756262183E-03 6.15068335181599285E-02 1.74456793147442687E-04 1.09234965067440720E-03 9.28218742537435304E-01
3.96331382E+00 1.19828460474540072E-01 2.79945820920140045E-03 6.22635284001476080E-02 1.76330153817559425E-04 1.14256824021102452E-03 9.34129543122756312E-01
3.99789105E+00 1.19708621016220165E-01 2.88179540030479098E-03 6.29324184616263660E-02 1.78222400832778362E-04 1.19441660664238152E-03 9.40062069511910292E-01
4.03223320E+00 1.19586033303873504E-01 2.96609167912381590E-03 6.35147676613807138E-02 1.80131196708443005E-04 1.24773073155751146E-03 9.45999812228717207E-01
4.06636874E+00 1.19460587463054005E-01 3.05229490828222254E-03 6.40134321545635931E-02 1.82058741414504657E-04 1.30244414345734132E-03 9.51939693162072387E-01
4.10032144E+00 1.19332184282339923E-01 3.14039307857294720E-03 6.44308451005693589E-02 1.84014605921299521E-04 1.35853429931979183E-03 9.57891116541930487E-01
4.13411109E+00 1.19200732554987823E-01 3.23038942845332855E-03 6.47692469780467711E-02 1.85994981019051403E-04 1.41599744125075534E-03 9.63862687287345254E-01
4.16775417E+00 1.19066145476093566E-01 3.32250784625015214E-03 6.50307778706642331E-02 1.88009589006752953E-04 1.47505376331527019E-03 9.69862129388575189E-01
4.20126464E+00 1.18928334842231614E-01 3.41698124473296949E-03 6.52175465678077049E-02 1.90065051521437673E-04 1.53593555634343269E-03 9.75896191444594052E-01
4.23465459E+00 1.18787209293885143E-01 3.51365448588308524E-03 6.53316013970390297E-02 1.92159156978810391E-04 1.59848942529869733E-03 9.81970571783075341E-01
4.26793501E+00 1.18642680171240619E-01 3.61213079278136298E-03 6.53801942431089245E-02 1.94280033739400396E-04 1.66232139303937386E-03 9.88089972299467156E-01
4.30111638E+00 1.18494664800855409E-01 3.71220358407354546E-03 6.53449137681957060E-02 1.96431637004949714E-04 1.72722797187577952E-03 9.94258340936258311E-01
4.33420929E+00 1.18343080360100952E-01 3.81388272324260100E-03 6.52607490602861995E-02 1.98624542139570867E-04 1.79322284543870962E-03 1.00047916412479232E+00
4.36722498E+00 1.18187834812529660E-01 3.91714019091910122E-03 6.51045752956224411E-02 2.00859960576210190E-04 1.86028362573376267E-03 1.00675563098697252E+00
4.40017580E+00 1.18028825036648369E-01 4.02186403751766605E-03 6.48884599430034348E-02 2.03125249242183659E-04 1.92830612519572344E-03 1.01309062156219065E+00
4.43307556E+00 1.17865937595099987E-01 4.12783626157520265E-03 6.46140246313224864E-02 2.05403955065057312E-04 1.99708241894876485E-03 1.01948668624295036E+00
4.46584872E+00 1.17699529130458225E-01 4.23463330822931080E-03 6.42852976237914819E-02 2.07700357684804986E-04 2.06630621593658801E-03 1.02594596532049120E+00
4.49829990E+00 1.17530652892531493E-01 4.34141941175258863E-03 6.39086351378721218E-02 2.09994253782739150E-04 2.13540871933376279E-03 1.03245195822913249E+00
4.53040686E+00 1.17359531489999419E-01 4.44822179275899694E-03 6.34902226627455657E-02 2.12291140181504755E-04 2.20449779571062340E-03 1.03896229783730409E+00
4.56202012E+00 1.17187112408683194E-01 4.55494399086141168E-03 6.30381256908328080E-02 2.14626688301448648E-04 2.27371820051097771E-03 1.04546679918501040E+00
4.59319609E+00 1.17013230544671776E-01 4.66084579425437868E-03 6.25586852922890707E-02 2.16945351762571996E-04 2.34234061213012138E-03 1.05192751460022227E+00
4.62399503E+00 1.16837689320797730E-01 4.76576425238454254E-03 6.20579602167158004E-02 2.19242043232968989E-04 2.41021167451735451E-03 1.05834616164177842E+00
4.65448000E+00 1.16660262842997797E-01 4.86961977976721905E-03 6.15420700880150162E-02 2.21516550602616179E-04 2.47726218853818988E-03 1.06472450527629925E+00
4.68471579E+00 1.16480696747411669E-01 4.97242503894369456E-03 6.10173467985039783E-02 2.23779457189589802E-04 2.54351781131046013E-03 1.07106431640550803E+00
4.71476789E+00 1.16298710400454586E-01 5.07485044826912549E-03 6.04904560849862730E-02 2.26065478700948413E-04 2.60966579635248845E-03 1.07736745624904184E+00
4.74470162E+00 1.16113990833915853E-01 5.17582414894335232E-03 5.99685051863443550E-02 2.28340049919468162E-04 2.67465699553603780E-03 1.08363606823064273E+00
4.77450713E+00 1.15926705789035314E-01 5.27501026158473316E-03 5.94606720144819842E-02 2.30621057029376365E-04 2.73826452520689210E-03 1.08987258427227895E+00
4.80410591E+00 1.15737470274773074E-01 5.37218373053432053E-03 5.89783436484411366E-02 2.32904923852680587E-04 2.80044471813409388E-03 1.09606503931479793E+00
4.83354300E+00 1.15546145584005472E-01 5.46806862259674713E-03 5.85291374184565213E-02 2.35190837051921838E-04 2.86194551494103801E-03 1.10218781288455969E+00
4.86285866E+00 1.15352570727876400E-01 5.56317495346559440E-03 5.81227187783073598E-02 2.37485190589956747E-04 2.92329822866635837E-03 1.10823961329587206E+00
4.89208964E+00 1.15156565198759997E-01 5.65710625567357548E-03 5.77688280516893207E-02 2.39795299153744993E-04 2.98411910938821369E-03 1.11421505019291334E+00
4.92127024E+00 1.14957943298056253E-01 5.74970819678261112E-03 5.74776941014568388E-02 2.42104603472247229E-04 3.04424750833077367E-03 1.12010463202584232E+00
4.95043322E+00 1.14756520561373615E-01 5.84122585593635415E-03 5.72599238856701873E-02 2.44397866948812799E-04 3.10389967368850496E-03 1.12589646998263748E+00
4.97961032E+00 1.14552110527335091E-01 5.93238343887406584E-03 5.71264810011122628E-02 2.46703837817518513E-04 3.16375015946823235E-03 1.13157934639975499E+00
5.00883256E+00 1.14344508090267152E-01 6.02349491306664910E-03 5.70972703480087176E-02 2.49041597320131972E-04 3.22404702200746645E-03 1.13714725935226957E+00
5.03813025E+00 1.14133489361492840E-01 6.11379934083140005E-03 5.71341831956703322E-02 2.51386743222160283E-04 3.28395282420993785E-03 1.14260329811572015E+00
5.06753269E+00 1.13918834043348044E-01 6.20275870930929972E-03 5.73559753471280659E-02 2.53732592591031153E-04 3.34284774212454750E-03 1.14795969050460922E+00
5.09706780E+00 1.13700330852873177E-01 6.29045857882954643E-03 5.76562760863731233E-02 2.56078174765757228E-04 3.40073865091860281E-03 1.15323524600714533E+00
5.12676168E+00 1.13477781291257379E-01 6.37752872142702439E-03 5.81105968344060586E-02 2.58435195307729897E-04 3.45818995848472081E-03 1.15845445010444359E+00
5.15663823E+00 1.13251000876763153E-01 6.46340105479367537E-03 5.87104182365143223E-02 2.60800639265469658E-04 3.51459373366516366E-03 1.16364738813693402E+00
5.18671880E+00 1.13019840942601646E-01 6.54672199210350712E-03 5.94658445256763604E-02 2.63156436795679175E-04 3.56858634407882132E-03 1.16884571202956411E+00
5.21702220E+00 1.12784212182738403E-01 6.62714313211157889E-03 6.03826259632040466E-02 2.65495380994265032E-04 3.61983756498048198E-03 1.17407561855557474E+00
5.24752915E+00 1.12544369429772251E-01 6.70560767383386776E-03 6.14636167587557097E-02 2.67846920227438328E-04 3.66937530620116154E-03 1.17935294698435378E+00
5.27797900E+00 1.12302526821162665E-01 6.78147787318567410E-03 6.26988498605981770E-02 2.70243614124975734E-04 3.71690476104684147E-03 1.18467946173209149E+00
5.30840253E+00 1.12058641656677643E-01 6.85305851471627262E-03 6.40822347280441823E-02 2.72625734998427382E-04 3.76081748809632167E-03 1.19001211829517484E+00
5.33882725E+00 1.11812731061693954E-01 6.91903872002009625E-03 6.56036415281552043E-02 2.74945664379166554E-04 3.79990309186796146E-03 1.19535432747475179E+00
5.36927748E+00 1.11564873009532731E-01 6.97919647363535924E-03 6.72549844632123472E-02 2.77203752346279360E-04 3.83404281472133051E-03 1.20070633946251681E+00
5.39977449E+00 1.11315174301773831E-01 7.03330799784998312E-03 6.90227138648977917E-02 2.79391649875520675E-04 3.86311148553583270E-03 1.20607045180324102E+00
5.43033668E+00 1.11063751108154821E-01 7.08161615558713670E-03 7.08927897404305341E-02 2.81533151023358739E-04 3.88743598788007317E-03 1.21144700432745678E+00
5.46086601E+00 1.10811643822062142E-01 7.12442877368555695E-03 7.28426121071626270E-02 2.83625443264227646E-04 3.90746795845875374E-03 1.21682856680682572E+00
5.49126506E+00 1.10559848579589295E-01 7.16158369780371760E-03 7.48476103932697590E-02 2.85640290814267940E-04 3.92313870898161523E-03 1.22218342636943045E+00
5.52155305E+00 1.10308360977186715E-01 7.19312370788809195E-03 7.68898321739005658E-02 2.87553873096341661E-04 3.93445301843105104E-03 1.22748280343144955E+00
5.55179001E+00 1.10056794555111664E-01 7.22017967280896237E-03 7.89551929280658815E-02 2.89400548192407254E-04 3.94244328464980580E-03 1.23272244979781376E+00
5.58203556E+00 1.09804706642195660E-01 7.24370557398996105E-03 8.10312147666629318E-02 2.91219246364091730E-04 3.94794282757124533E-03 1.23790763933972303E+00
5.61231260E+00 1.09551901373753008E-01 7.26703545437270160E-03 8.31043302752002694E-02 2.93050409110175744E-04 3.95416680606902344E-03 1.24304669814762936E+00
5.64224953E+00 1.09301385949920435E-01 7.29266289554696655E-03 8.51365591072251598E-02 2.94914166563800474E-04 3.96369544010840864E-03 1.24814599689521488E+00
5.67184332E+00 1.09053040617070510E-01 7.31913012711693511E-03 8.71165870204798076E-02 2.96795774452860220E-04 3.97494261145804086E-03 1.25314252839135065E+00
5.70115681E+00 1.08806181422505047E-01 7.34667201954947863E-03 8.90408288767040590E-02 2.98669820557864979E-04 3.98797706404301500E-03 1.25802024567285642E+00
5.73025074E+00 1.08560152879796618E-01 7.37480140755719660E-03 9.09078255978678501E-02 3.00504108940983562E-04 4.00215106240491697E-03 1.26277059315125295E+00
5.75918396E+00 1.08314331912857803E-01 7.40284702693585258E-03 9.27176370830626456E-02 3.02305742765147944E-04 4.01663705729980725E-03 1.26740264395997460E+00
5.78801390E+00 1.08068118789604012E-01 7.43085204426125780E-03 9.44719923388392252E-02 3.04073244730878819E-04 4.03132635243193781E-03 1.27193895480637242E+00
5.81679708E+00 1.07820925415373081E-01 7.45977898979420257E-03 9.61734509355161166E-02 3.05835599550387271E-04 4.04703734788410506E-03 1.27639433063125352E+00
5.84558979E+00 1.07572151401374702E-01 7.48994205432122577E-03 9.78285497502867363E-02 3.07588308713428597E-04 4.06395314955378117E-03 1.28077937694890931E+00
5.87444884E+00 1.07321176301100399E-01 7.52492317454021755E-03 9.94390574950969469E-02 3.09448769019276192E-04 4.08553677900817726E-03 1.28511718498894001E+00
5.90343232E+00 1.07067310337050053E-01 7.56065639523947116E-03 1.01012139003309381E-01 3.11331801571458275E-04 4.10764621076345829E-03 1.28943307700247467E+00
5.93260064E+00 1.06809869595906201E-01 7.59514777086048830E-03 1.02555322646139466E-01 3.13158463957849637E-04 4.12819260392741604E-03 1.29373745793005956E+00
5.96201741E+00 1.06548190488267705E-01 7.62714693264194242E-03 1.04075791885483784E-01 3.14870560368398574E-04 4.14582196289106988E-03 1.29804748721411456E+00
5.99175048E+00 1.06281619793172633E-01 7.65652466703559912E-03 1.05581314599154125E-01 3.16525186716652403E-04 4.16029638604075921E-03 1.30235251283069431E+00
6.02187317E+00 1.06009477523750673E-01 7.68629851392499050E-03 1.07079987060201637E-01 3.18267849416144037E-04 4.17452466267916565E-03 1.30665867228960164E+00
6.05246543E+00 1.05730946141664284E-01 7.72000394622889517E-03 1.08580541282737364E-01 3.20101083005257551E-04 4.19195366634093902E-03 1.31100339452011072E+00
6.08361527E+00 1.05445072756025979E-01 7.76278552914263630E-03 1.10091401420416860E-01 3.22011657514394362E-04 4.21766568158653526E-03 1.31542639711847831E+00
6.11542020E+00 1.05150757154155630E-01 7.81316646993057175E-03 1.11621488322557666E-01 3.23983254747149826E-04 4.25016148117239503E-03 1.31995407694816214E+00
6.14719444E+00 1.04854219978159260E-01 7.86638412516929737E-03 1.13145304434135230E-01 3.25886782258501847E-04 4.28512878771609984E-03 1.32458356975995972E+00
6.17895506E+00 1.04555380096079870E-01 7.92238876390523664E-03 1.14666997682799171E-01 3.27778526580294050E-04 4.32258477872800653E-03 1.32918426905307951E+00
6.21076387E+00 1.04253741545792603E-01 7.98179265719244774E-03 1.16192022556961122E-01 3.29823885248439524E-04 4.36320245228032089E-03 1.33371581051848498E+00
6.24269431E+00 1.03948658056420035E-01 8.04228067982228415E-03 1.17724842967324203E-01 3.31878703093028645E-04 4.40475054261576550E-03 1.33813002042833751E+00
6.27480533E+00 1.03639638966603345E-01 8.10293697069622634E-03 1.19268666305614487E-01 3.33856708831017479E-04 4.44642002326879875E-03 1.34239662424496564E+00
6.30706434E+00 1.03327095248050116E-01 8.16030888883524479E-03 1.20820861660658502E-01 3.35735330523131525E-04 4.48493805971378681E-03 1.34654017176248164E+00
6.33939073E+00 1.03012013144230558E-01 8.21376928555838520E-03 1.22375372522980946E-01 3.37531765458467842E-04 4.51986573990850130E-03 1.35061130220209868E+00
6.37160697E+00 1.02696373534332031E-01 8.26278411265662233E-03 1.23920401590667972E-01 3.39237397059213624E-04 4.55089119855179875E-03 1.35462419275241697E+00
6.40357109E+00 1.02381769447515786E-01 8.30650244501710509E-03 1.25444536070976331E-01 3.40834616917785177E-04 4.57734194216859874E-03 1.35852126041156596E+00
6.43535472E+00 1.02067713020509362E-01 8.34715433527492140E-03 1.26946086398965041E-01 3.42416375710173756E-04 4.60147172913363822E-03 1.36224231933969997E+00
6.46704218E+00 1.01753498171074347E-01 8.38589592632180310E-03 1.28423523468808726E-01 3.43946472551916519E-04 4.62444598423353195E-03 1.36580476489284441E+00
6.49873186E+00 1.01438208709382777E-01 8.42487821164476791E-03 1.29875606524998632E-01 3.45481149407276178E-04 4.64841492924470811E-03 1.36925877714702726E+00
6.53053765E+00 1.01120728165447704E-01 8.46905710962597182E-03 1.31301775153157774E-01 3.47195901717838810E-04 4.67833738130826390E-03 1.37263568272409220E+00
6.56259069E+00 1.00799622913328779E-01 8.51355336859039094E-03 1.32701693684028510E-01 3.48919179660780771E-04 4.70937625401619733E-03 1.37593081121327065E+00
6.59492093E+00 1.00474487371298285E-01 8.55291531736181339E-03 1.34070164940711251E-01 3.50501623141460711E-04 4.73615944249555342E-03 1.37911495075756108E+00
6.62725620E+00 1.00148111552447405E-01 8.58897838826043827E-03 1.35389604048875622E-01 3.51991703278797406E-04 4.76066044816854730E-03 1.38212486144272129E+00
6.65954642E+00 9.98210641930676601E-02 8.62442572517077045E-03 1.36652513308631818E-01 3.53435148481300422E-04 4.78558767014914538E-03 1.38486328561749028E+00
6.69189912E+00 9.94922459815721638E-02 8.65464298150792587E-03 1.37859008817175915E-01 3.54725013169402651E-04 4.80630880286590269E-03 1.38728319892010754E+00
6.72452479E+00 9.91596011836433089E-02 8.67882777489998453E-03 1.39013128338877023E-01 3.55895341016702676E-04 4.82193397805075804E-03 1.38940818101271346E+00
6.75734488E+00 9.88240405208799660E-02 8.69859789710855993E-03 1.40108775507138350E-01 3.57090214626300956E-04 4.83403687968237804E-03 1.39134935631090784E+00
6.78980030E+00 9.84913895899378611E-02 8.71740743444531993E-03 1.41127158831330340E-01 3.58429343897393100E-04 4.84609131903287159E-03 1.39323851857661274E+00
6.82211109E+00 9.81593561847955848E-02 8.73389164806654371E-03 1.42076473803372960E-01 3.59899843966159062E-04 4.85659778527012045E-03 1.39511698920919835E+00
6.85448629E+00 9.78255432982522433E-02 8.74669808621014386E-03 1.42964175293797402E-01 3.61397801762011989E-04 4.86410369717348717E-03 1.39696094998419618E+00
6.88712318E+00 9.74877322512223421E-02 8.75645363153300382E-03 1.43797615463541334E-01 3.62866207785658462E-04 4.86913625014760362E-03 1.39871565114168805E+00
6.91999602E+00 9.71461031423001137E-02 8.76395833582262022E-03 1.44578643120631789E-01 3.64179989972513969E-04 4.87243540064580087E-03 1.40035200040565644E+00
6.95301839E+00 9.68015409721943582E-02 8.77117632577674791E-03 1.45308388732306032E-01 3.65361260940292839E-04 4.87591396777821776E-03 1.40186559146027356E+00
6.98630837E+00 9.64528360013128666E-02 8.78125811794307036E-03 1.45993551440465191E-01 3.66504164283933218E-04 4.88265178466757137E-03 1.40326628856567859E+00
7.01987088E+00 9.60999351371570609E-02 8.79103626691681711E-03 1.46639531020283792E-01 3.67553102563164622E-04 4.88945306038298094E-03 1.40458299454112678E+00
7.05325577E+00 9.57476888686419753E-02 8.79881785957078999E-03 1.47244335058624332E-01 3.68629119952450950E-04 4.89462889523902597E-03 1.40587274613162139E+00
7.08679224E+00 9.53926941951937502E-02 8.80752228348153331E-03 1.47819371773723368E-01 3.69872557241547541E-04 4.90105691690691236E-03 1.40718950326391701E+00
7.12027853E+00 9.50369536033087020E-02 8.81586454787079872E-03 1.48369077519324016E-01 3.71194835212777558E-04 4.90749088347933009E-03 1.40855517681801756E+00
7.15366734E+00 9.46809351912437785E-02 8.82246336849284996E-03 1.48900942710961603E-01 3.72508438501952595E-04 4.91255310257443165E-03 1.40988278470137640E+00
7.18639183E+00 9.43307585239424595E-02 8.82463881370484753E-03 1.49415027561473790E-01 3.73632859264537388E-04 4.91357186434223867E-03 1.41108938144767215E+00
7.21882307E+00 9.39826235312417185E-02 8.82217537095005867E-03 1.49922073209939694E-01 3.74586220335452840E-04 4.91028761834086998E-03 1.41212364600324913E+00
7.25130075E+00 9.36328925093411063E-02 8.81745927232273005E-03 1.50433514791485395E-01 3.75466345583775870E-04 4.90508497931521625E-03 1.41301056181207718E+00
7.28414120E+00 9.32781985316428336E-02 8.81884922079736663E-03 1.50960364698271288E-01 3.76622076987819128E-04 4.90633692785443463E-03 1.41377043456182672E+00
7.31669942E+00 9.29253920731820116E-02 8.82329933180488364E-03 1.51502892677169543E-01 3.77776022051728522E-04 4.91108851521405466E-03 1.41441049662715201E+00
7.34869510E+00 9.25775019394249471E-02 8.82894851636192336E-03 1.52059773825225786E-01 3.78886403302957481E-04 4.91754455834008276E-03 1.41490634591151432E+00
7.38049399E+00 9.22306240478526079E-02 8.83394392803898976E-03 1.52640864051008934E-01 3.79936781895514307E-04 4.92391534826332276E-03 1.41526183263302108E+00
7.41242452E+00 9.18812823439104920E-02 8.83672986020483074E-03 1.53257631247237402E-01 3.80930964618565282E-04 4.92868601420743541E-03 1.41549507141704622E+00
7.44478791E+00 9.15263010052015519E-02 8.83551879057165902E-03 1.53921377583955660E-01 3.81804041687005700E-04 4.93007907625098857E-03 1.41561255241964412E+00
7.47716513E+00 9.11704349316596607E-02 8.82913967537054568E-03 1.54630940201929495E-01 3.82510568736747119E-04 4.92683727962276840E-03 1.41561961154155225E+00
7.50943161E+00 9.08152645452151158E-02 8.81952622802267827E-03 1.55386402841315246E-01 3.83195361654756889E-04 4.92077685791710018E-03 1.41556628953441876E+00
7.54175472E+00 9.04590784905462408E-02 8.80894136971691055E-03 1.56193179814168359E-01 3.83974458151616234E-04 4.91405882749580431E-03 1.41558638867701414E+00
7.57374471E+00 9.01062103424282723E-02 8.79662729987640453E-03 1.57045724585031077E-01 3.84798511923916070E-04 4.90575564047243673E-03 1.41573878141904164E+00
7.60542622E+00 8.97564245270369987E-02 8.78222599886706659E-03 1.57943980170561854E-01 3.85613231279437804E-04 4.89537164147433625E-03 1.41601670681814906E+00
7.63707305E+00 8.94067269861267971E-02 8.76677311076084521E-03 1.58894816341221934E-01 3.86373649619843997E-04 4.88383091204080098E-03 1.41637983416977153E+00
7.66895141E+00 8.90541714039658067E-02 8.75259056699736332E-03 1.59908121515734442E-01 3.87070827559839062E-04 4.87334833066434964E-03 1.41672038658119992E+00
7.69989975E+00 8.87115937561566981E-02 8.75018961840335653E-03 1.60955161282141934E-01 3.87869921133785183E-04 4.87420214027090189E-03 1.41695930083095289E+00
7.73014524E+00 8.83763595353200121E-02 8.74997118672415745E-03 1.62036502452135717E-01 3.88667771502663279E-04 4.87680241601340901E-03 1.41707203986354613E+00
7.76001444E+00 8.80447849451462400E-02 8.75052991144807842E-03 1.63157506295754234E-01 3.89359433176246213E-04 4.87974515639672500E-03 1.41709320730493293E+00
7.78979295E+00 8.77136639557168363E-02 8.75138896644417352E-03 1.64326835963075568E-01 3.89981512362883205E-04 4.88254601661381772E-03 1.41708377145115927E+00
7.81973621E+00 8.73801440220787901E-02 8.75363678672969742E-03 1.65553784687620109E-01 3.90586832186889932E-04 4.88628094564819149E-03 1.41705819131689625E+00
7.84943712E+00 8.70487551677823351E-02 8.76126658063762498E-03 1.66822778585112880E-01 3.91289890597499299E-04 4.89492274768466885E-03 1.41698887324496647E+00
7.87874448E+00 8.67210827765486358E-02 8.76798706818369272E-03 1.68122944497968746E-01 3.91894923162862288E-04 4.90223848811668483E-03 1.41688288191408307E+00
7.90797110E+00 8.63936847995138701E-02 8.77357200508220580E-03 1.69461850201463038E-01 3.92439289199207348E-04 4.90805033621448655E-03 1.41681430435164102E+00
7.93709473E+00 8.60669043707193715E-02 8.77931526545687804E-03 1.70835779682878081E-01 3.92864074394966897E-04 4.91369800462381889E-03 1.41683741805038554E+00
7.96553732E+00 8.57473415489937302E-02 8.78837743850174012E-03 1.72214988656191920E-01 3.93203871836979627E-04 4.92241670913820539E-03 1.41688595469802880E+00
7.99360603E+00 8.54315975505899466E-02 8.80217408937888565E-03 1.73604911532086875E-01 3.93544801196657750E-04 4.93572446241954607E-03 1.41688120019484587E+00
8.02157683E+00 8.51165732164015643E-02 8.82031165600351448E-03 1.75013057848045384E-01 3.93977815921504188E-04 4.95333662338311945E-03 1.41682993277042768E+00
8.04970491E+00 8.47993641226197220E-02 8.83985842270286828E-03 1.76448905461558142E-01 3.94444892333370640E-04 4.97244525257086074E-03 1.41679763972698569E+00
8.07823292E+00 8.44772132870540565E-02 8.85922803278442299E-03 1.77922580595961860E-01 3.94899034775152960E-04 4.99159496624887108E-03 1.41672703717412252E+00
8.10739531E+00 8.41474403291649353E-02 8.87643221561884577E-03 1.79444418063404137E-01 3.95306016679325075E-04 5.00894142659897516E-03 1.41648086987616151E+00
8.13738799E+00 8.38078095548872165E-02 8.88980020473571948E-03 1.81023017780654411E-01 3.95704286967031495E-04 5.02297377920984858E-03 1.41601433002572885E+00
8.16730278E+00 8.34686429244102385E-02 8.89996342066478111E-03 1.82613189997470338E-01 3.96173662685334548E-04 5.03444208054069572E-03 1.41536833816530971E+00
8.19740819E+00 8.31269571449273631E-02 8.90880234943631534E-03 1.84222672338581722E-01 3.96653559843188530E-04 5.04536628873744619E-03 1.41463959477957113E+00
8.22792060E+00 8.27803556464212498E-02 8.92024504790956199E-03 1.85858414815085554E-01 3.97129414355527617E-04 5.05984360019139275E-03 1.41385896720933602E+00
8.25891644E+00 8.24280109478898321E-02 8.93324557540604337E-03 1.87522036588068930E-01 3.97620647226623104E-04 5.07701693824395405E-03 1.41295775873469509E+00
8.29092253E+00 8.20639911850058190E-02 8.94182130786292523E-03 1.89237386548746972E-01 3.98136872264298115E-04 5.09116682414792465E-03 1.41192195402748322E+00
8.32287824E+00 8.17004785681705731E-02 8.93928351730379801E-03 1.90951207992954564E-01 3.98570914661962707E-04 5.09551788867903480E-03 1.41087605276885064E+00
8.35526694E+00 8.13322458480090493E-02 8.92725055690764269E-03 1.92682102380001441E-01 3.99052876093180858E-04 5.09178166349939006E-03 1.40994944943712586E+00
8.38821440E+00 8.09580857775999835E-02 8.90637501621420816E-03 1.94433220960702202E-01 3.99502892266794072E-04 5.08064659195746511E-03 1.40901946460146332E+00
8.42031245E+00 8.05941867016497782E-02 8.87686271235122761E-03 1.96133343806985605E-01 3.99720621121515930E-04 5.06178334677102534E-03 1.40794268787515198E+00
8.45223660E+00 8.02331756814695929E-02 8.84258678882641168E-03 1.97808182932299070E-01 3.99887292104972184E-04 5.03904731400825565E-03 1.40669373707422452E+00
8.48465051E+00 7.98677329117303270E-02 8.80676733724983229E-03 1.99486758527467473E-01 4.00050200170703411E-04 5.01572699945956185E-03 1.40527798766814338E+00
8.51829009E+00 7.94897493699350255E-02 8.76369806868247322E-03 2.01203572357620403E-01 4.00101046719139879E-04 4.98624422192090345E-03 1.40364880376374268E+00
8.55137311E+00 7.91194565125256516E-02 8.71484617245764197E-03 2.02873759907175211E-01 4.00130698500633967E-04 4.95111244131990653E-03 1.40188632442584682E+00
8.58404434E+00 7.87553130519188516E-02 8.66658965029891599E-03 2.04499294185148034E-01 4.00307246741690909E-04 4.91650284507426632E-03 1.40016684535861557E+00
8.61724012E+00 7.83868370093464412E-02 8.62028097558522298E-03 2.06119642893025978E-01 4.00540976982129864E-04 4.88396694226480698E-03 1.39846603694524418E+00
8.65200092E+00 7.80024664806641677E-02 8.57266555787263192E-03 2.07779395528293553E-01 4.00661946632121667E-04 4.85053582771138164E-03 1.39663552218555842E+00
8.68612845E+00 7.76264579926802950E-02 8.52186853702285342E-03 2.09380885718192050E-01 4.00568616635607502E-04 4.81332013851017149E-03 1.39459997667960223E+00
8.72042698E+00 7.72499958310941398E-02 8.47394076989584945E-03 2.10955123049690191E-01 4.00610733429266892E-04 4.77856081774399432E-03 1.39265280095835120E+00
8.75605298E+00 7.68603716646728413E-02 8.43154043977760968E-03 2.12548338695123601E-01 4.00796964186955350E-04 4.74927842024961723E-03 1.39086218335581102E+00
8.79200956E+00 7.64683187598000635E-02 8.39339137372499544E-03 2.14117835867191963E-01 4.00938058245818368E-04 4.72380665728829117E-03 1.38893027555090809E+00
8.82849535E+00 7.60715687740355778E-02 8.35462614223936133E-03 2.15667281956642587E-01 4.01071434419237747E-04 4.69731596383868473E-03 1.38677820324775358E+00
8.86551060E+00 7.56700861125369217E-02 8.30973802222104325E-03 2.17193030203722187E-01 4.00968496933822244E-04 4.66424231833405950E-03 1.38459186667627709E+00
8.90268525E+00 7.52679720211806569E-02 8.26269398092836956E-03 2.18676315001363947E-01 4.00679510250068140E-04 4.62833947688420441E-03 1.38234448853687630E+00
8.94000176E+00 7.48655127427420714E-02 8.22987574753042926E-03 2.20111294645820466E-01 4.00460684236384455E-04 4.60591242585396861E-03 1.37997901841266946E+00
8.97744969E+00 7.44625779742495858E-02 8.20175074108816723E-03 2.21493397120690272E-01 4.00240106005867824E-04 4.58749449748028712E-03 1.37746520898527636E+00
9.01468685E+00 7.40627540545561319E-02 8.17596388244020214E-03 2.22810152519135385E-01 4.00052744507394344E-04 4.57072228928126576E-03 1.37513683535215292E+00
9.05161768E+00 7.36670643996487767E-02 8.15028834763867165E-03 2.24056544609494118E-01 3.99670171306632806E-04 4.55346040267220770E-03 1.37300639485702280E+00
9.08850360E+00 7.32728002995590849E-02 8.12849595799771882E-03 2.25239303036617128E-01 3.99282075715565968E-04 4.53965796870263016E-03 1.37076298579985978E+00
9.12584102E+00 7.28747093214794084E-02 8.10588355538638915E-03 2.26369486752730692E-01 3.98950577798410754E-04 4.52487032703728816E-03 1.36841769203757146E+00
9.16191046E+00 7.24911462792964811E-02 8.08611579416408308E-03 2.27402468378504585E-01 3.98837333379373779E-04 4.51255492189179836E-03 1.36627925880974699E+00
9.19757812E+00 7.21129425076909858E-02 8.06925830142623396E-03 2.28362902554112540E-01 3.98783821300394711E-04 4.50308102381399584E-03 1.36443599423932937E+00
9.23358142E+00 7.17323646919148655E-02 8.04840288514232713E-03 2.29268810455890232E-01 3.98509838200165379E-04 4.48980258128603427E-03 1.36257579018981523E+00
9.27002822E+00 7.13484946366026163E-02 8.02124030677774449E-03 2.30121164117991661E-01 3.98223722497458412E-04 4.47048238106148490E-03 1.36053299008809625E+00
9.30596427E+00 7.09714115493377401E-02 7.98806031937407401E-03 2.30899679016844050E-01 3.97774772898250599E-04 4.44524263889431535E-03 1.35837386809109439E+00
9.34197736E+00 7.05950598892796932E-02 7.95488429624362052E-03 2.31619219744970989E-01 3.97287446528558994E-04 4.42020620816999197E-03 1.35629183208400428E+00
9.37819262E+00 7.02182325459352052E-02 7.92619865886634752E-03 2.32284021076234165E-01 3.96951769321976988E-04 4.39987731961678438E-03 1.35442262867588870E+00
9.41387748E+00 6.98484712590723700E-02 7.90045239982448133E-03 2.32886484899414076E-01 3.96685429584737331E-04 4.38256954832381800E-03 1.35277995109485172E+00
9.44943748E+00 6.94815318511778496E-02 7.87395649177323985E-03 2.33436601983297159E-01 3.96292815953652863E-04 4.36471541097927223E-03 1.35115335475058607E+00
9.48526163E+00 6.91135047899243543E-02 7.84539081477037513E-03 2.33942254789922172E-01 3.95715950542451162E-04 4.34509777942006323E-03 1.34934242263477522E+00
9.52172985E+00 6.87407162381535319E-02 7.81724666470933263E-03 2.34410647069736550E-01 3.95134630070839417E-04 4.32630352655768210E-03 1.34724843705418174E+00
9.55922263E+00 6.83595085744997388E-02 7.79378743888821130E-03 2.34846871769856191E-01 3.94872337081296466E-04 4.31274094329523426E-03 1.34498894381716827E+00
9.59704937E+00 6.79769575291420264E-02 7.76965522992469852E-03 2.35245446686321247E-01 3.94632219726049379E-04 4.29896428278126169E-03 1.34266178811638337E+00
9.63471297E+00 6.75981459278269109E-02 7.74154395159434936E-03 2.35603801908801674E-01 3.94219168296835087E-04 4.28157489534901695E-03 1.34049454755884501E+00
9.67248312E+00 6.72204934399816129E-02 7.71072341427734859E-03 2.35926521020796864E-01 3.93558917392235761E-04 4.26193107571554240E-03 1.33841449068925855E+00
9.71062727E+00 6.68415421268910709E-02 7.68140349505252746E-03 2.36217122583070011E-01 3.92675287424833327E-04 4.24435407831021821E-03 1.33622433784060335E+00
9.74866235E+00 6.64661917579186801E-02 7.65332382569723895E-03 2.36473309268206977E-01 3.91690910577790021E-04 4.22850510097222063E-03 1.33380225428892318E+00
9.78638143E+00 6.60965652574547202E-02 7.62450669800681605E-03 2.36693940591118812E-01 3.90883059886853578E-04 4.21240001921622653E-03 1.33122708508610876E+00
9.82399236E+00 6.57306940066061940E-02 7.59285138353650146E-03 2.36879724860377699E-01 3.90315786595020692E-04 4.19405719556367480E-03 1.32873701120430132E+00
9.86169498E+00 6.53667331525876472E-02 7.55411947990994401E-03 2.37029527491104286E-01 3.89635090454639810E-04 4.16933449616715534E-03 1.32632590606751966E+00
9.89971804E+00 6.50026855831747630E-02 7.50951006012478064E-03 2.37140958077840247E-01 3.88753679047565393E-04 4.13949450061028811E-03 1.32387766848336441E+00
9.93776741E+00 6.46416107530378703E-02 7.46514485153660506E-03 2.37209684704020790E-01 3.87829954108769872E-04 4.11049600304813200E-03 1.32122296231734260E+00
9.97567404E+00 6.42852232615031827E-02 7.42208234423107852E-03 2.37228163632713401E-01 3.86983662518148664E-04 4.08329065492951237E-03 1.31832785575706279E+00
1.00132006E+01 6.39357543481904184E-02 7.37661253476939137E-03 2.37221205294304877E-01 3.86111783472552639E-04 4.05402637590878030E-03 1.31525794407138052E+00
1.00502940E+01 6.35936820258824614E-02 7.32864344179543371E-03 2.37111841742392415E-01 3.85235767207806556E-04 4.02250709483218359E-03 1.31210510500187749E+00
1.00873655E+01 6.32552456567204574E-02 7.27732689649586949E-03 2.36964355541729038E-01 3.84333217088968595E-04 3.98797232627459870E-03 1.30898680673685219E+00
1.01248066E+01 6.29169904281588199E-02 7.22142695959857809E-03 2.36751865957036456E-01 3.83353920886814951E-04 3.94927389027003445E-03 1.30594133988863348E+00
1.01630042E+01 6.25756576114986640E-02 7.16033938885503318E-03 2.36460093367266894E-01 3.82161383814243628E-04 3.90589827358185648E-03 1.30288240682065948E+00
1.02014044E+01 6.22363919210627697E-02 7.10005648485532385E-03 2.36085842128766071E-01 3.80965151973116744E-04 3.86350015931049857E-03 1.29970084075980119E+00
1.02399197E+01 6.18999704431644482E-02 7.04290733951161690E-03 2.35625861208008547E-01 3.80029626974932682E-04 3.82432086223571596E-03 1.29646255563068280E+00
1.02789913E+01 6.15624884397616909E-02 6.98568921172569492E-03 2.35071572826023339E-01 3.79107100204606278E-04 3.78535936436028529E-03 1.29324848072992493E+00
1.03184033E+01 6.12257496476065546E-02 6.92687624944998172E-03 2.34424166828205882E-01 3.78188021816107302E-04 3.74498449068465635E-03 1.29012349448665620E+00
1.03585567E+01 6.08863217722306060E-02 6.86615384448306838E-03 2.33673849052486726E-01 3.77373732408565349E-04 3.70305298747008668E-03 1.28718631195055400E+00
1.03994599E+01 6.05441995946009726E-02 6.80326504105691066E-03 2.32815262035722392E-01 3.76484765369375579E-04 3.65930126401255639E-03 1.28440184347991182E+00
1.04407760E+01 6.02022880344000519E-02 6.73893013032545070E-03 2.31853280445183635E-01 3.75500961117163903E-04 3.61426792327178021E-03 1.28158861899081433E+00
1.04819874E+01 5.98648974302523548E-02 6.67342159619416838E-03 2.30801011589529564E-01 3.74416631122387778E-04 3.56793894746194320E-03 1.27867226824016122E+00
1.05235461E+01 5.95283799247889739E-02 6.60793682116856199E-03 2.29649069275069423E-01 3.73271304474970895E-04 3.52164370967141547E-03 1.27569221933084220E+00
1.05658897E+01 5.91892772963681993E-02 6.54158990202997111E-03 2.28385344167138626E-01 3.72110804958428296E-04 3.47462431111896907E-03 1.27269679477243414E+00
1.06087940E+01 5.88494459493444227E-02 6.47779626122964042E-03 2.27016091718057589E-01 3.71193319114143823E-04 3.43013723591960870E-03 1.26978090632067731E+00
1.06523227E+01 5.85083133373098183E-02 6.41577701025820672E-03 2.25539789768341659E-01 3.70407661824712173E-04 3.38742303202578011E-03 1.26706940207991758E+00
1.06963306E+01 5.81669554198038091E-02 6.35672483698474216E-03 2.23961223007318883E-01 3.69736373375868538E-04 3.34761339541592151E-03 1.26449129416479900E+00
1.07409857E+01 5.78240294635493438E-02 6.29655452313332073E-03 2.22273808781585730E-01 3.69031308199502727E-04 3.30669066377227297E-03 1.26191226200131767E+00
1.07863562E+01 5.74790700916714414E-02 6.23518014387787912E-03 2.20473852835801870E-01 3.68168268975369690E-04 3.26454157768082953E-03 1.25931654804762205E+00
1.08321580E+01 5.71342974151681712E-02 6.17357898834612270E-03 2.18571953772897704E-01 3.67157890401287052E-04 3.22194999089206804E-03 1.25673581612342100E+00
1.08777258E+01 5.67946188750211023E-02 6.11344690150149566E-03 2.16598450327619846E-01 3.66097749641633343E-04 3.18027349637091611E-03 1.25422131247960889E+00
1.09233142E+01 5.64580200291486534E-02 6.05729273548778497E-03 2.14542731898706901E-01 3.65240504347746962E-04 3.14205157792333580E-03 1.25182647582868678E+00
1.09691882E+01 5.61224518900900471E-02 6.00312560832549566E-03 2.12390199564833376E-01 3.64643146195663375E-04 3.10533323473568927E-03 1.24956745069576725E+00
1.10152586E+01 5.57884168682851109E-02 5.95050303474945613E-03 2.10144224365795579E-01 3.64218285684895636E-04 3.06960328167615046E-03 1.24754373497216631E+00
1.10612236E+01 5.54579485746058073E-02 5.89812873653963125E-03 2.07819687084198207E-01 3.63691376238024430E-04 3.03345744634144323E-03 1.24574804641090831E+00
1.11074489E+01 5.51284216673182462E-02 5.84602750913223133E-03 2.05399262247673076E-01 3.63025121367404626E-04 2.99706472158889001E-03 1.24404316307622231E+00
1.11542899E+01 5.47974177662713183E-02 5.79595280751171726E-03 2.02866155464041520E-01 3.62334066429510564E-04 2.96233507059492831E-03 1.24231594880583995E+00
1.12013586E+01 5.44678029718538570E-02 5.75017669050950295E-03 2.00246546926731578E-01 3.61625635127018111E-04 2.93150091022342449E-03 1.24050765394315388E+00
1.12485921E+01 5.41400662850670122E-02 5.70736104086392269E-03 1.97552866814227596E-01 3.60923288305130068E-04 2.90333915192079279E-03 1.23862545359975895E+00
1.12963031E+01 5.38120803969786080E-02 5.66548918729790126E-03 1.94779000941203456E-01 3.60254472413374760E-04 2.87605585730484883E-03 1.23674288511081110E+00
1.13448073E+01 5.34818054356061834E-02 5.62388133998930392E-03 1.91922627848343769E-01 3.59693064834104191E-04 2.84916879281246847E-03 1.23491475566407516E+00
1.13940526E+01 5.31496947014260049E-02 5.58115639953105005E-03 1.89008724041855813E-01 3.59265111662022778E-04 2.82137795411862950E-03 1.23314535718531348E+00
1.14425349E+01 5.28257886716926861E-02 5.53698493360195269E-03 1.86154818316844939E-01 3.58767358114588076E-04 2.79198867594023436E-03 1.23146188282676339E+00
1.14907196E+01 5.25068478679937764E-02 5.49256632533620670E-03 1.83358682148720670E-01 3.58143382994739333E-04 2.76237326116148202E-03 1.22988218519494263E+00
1.15391033E+01 5.21895332547270760E-02 5.44975778591952169E-03 1.80618472948383485E-01 3.57510590138019517E-04 2.73455266247445324E-03 1.22832949469000385E+00
1.15878000E+01 5.18730214408507223E-02 5.40667543119964858E-03 1.77965132769377393E-01 3.56876253665849451E-04 2.70669865865906739E-03 1.22675233968282926E+00
1.16362280E+01 5.15609939387773400E-02 5.36398517289227422E-03 1.75471241959668955E-01 3.56363795532065248E-04 2.67930316127579790E-03 1.22512749839434654E+00
1.16845274E+01 5.12524098827373681E-02 5.32121162987791562E-03 1.73165231973586770E-01 3.55954647549277452E-04 2.65193855714644915E-03 1.22344061740384302E+00
1.17328678E+01 5.09460967146781810E-02 5.27742960041625592E-03 1.71074141035536947E-01 3.55422304669201475E-04 2.62374338848476822E-03 1.22162910361023025E+00
1.17814373E+01 5.06408729458105028E-02 5.23230867571410335E-03 1.69227627022000643E-01 3.54699693266186252E-04 2.59445279045157368E-03 1.21966023475634522E+00
1.18304334E+01 5.03355987028321489E-02 5.18639155820440310E-03 1.67658953367312985E-01 3.53888420700656505E-04 2.56466872230643340E-03 1.21756254167372591E+00
1.18800558E+01 5.00291184327019758E-02 5.14049635883469073E-03 1.66408022737343536E-01 3.53087814850674433E-04 2.53528435591435100E-03 1.21541226429071347E+00
1.19305023E+01 4.97202734807460148E-02 5.09436768209882776E-03 1.65516893576823532E-01 3.52399250869671863E-04 2.50612849304076776E-03 1.21325237601349412E+00
1.19806726E+01 4.94157575006008987E-02 5.04658293160317913E-03 1.65041674659877374E-01 3.51700529879409756E-04 2.47541544947841837E-03 1.21107968414171241E+00
1.20299160E+01 4.91194264072645631E-02 5.00000075312876519E-03 1.64987878896346696E-01 3.50899971376548319E-04 2.44574795266894445E-03 1.20889898563310916E+00
1.20788420E+01 4.88275626335001045E-02 4.95339156128704692E-03 1.65318382355369276E-01 3.50041189587948251E-04 2.41607783334132778E-03 1.20661018941168852E+00
1.21280018E+01 4.85369342954855773E-02 4.90435561372082936E-03 1.66057457768326783E-01 3.49234968559257615E-04 2.38417366843711844E-03 1.20414946538869572E+00
1.21779104E+01 4.82446318968572097E-02 4.85280414211398600E-03 1.67178733991553474E-01 3.48382546984853786E-04 2.35010749863417880E-03 1.20156932032472041E+00
1.22290452E+01 4.79480838422677025E-02 4.79825957888998286E-03 1.68707251861959950E-01 3.47313290603686812E-04 2.31355130311917132E-03 1.19893135482939561E+00
1.22797062E+01 4.76572591912289498E-02 4.74332692152651218E-03 1.70575507128020415E-01 3.46117954764570308E-04 2.27648516532824065E-03 1.19619445935991675E+00
1.23304450E+01 4.73690192981169877E-02 4.68951505007090836E-03 1.72746264828637475E-01 3.44965683713697015E-04 2.24057203539003045E-03 1.19340813242808363E+00
1.23817760E+01 4.70805112724767758E-02 4.63823975235366781E-03 1.75192059510467318E-01 3.43992331334273599E-04 2.20738183394425394E-03 1.19055892204775371E+00
1.24341955E+01 4.67890234564103946E-02 4.58931532543913404E-03 1.77891942170942674E-01 3.43243830365889675E-04 2.17689662167930417E-03 1.18768900155309542E+00
1.24876279E+01 4.64950179899914356E-02 4.54281532429420820E-03 1.80792151214577951E-01 3.42562410745618755E-04 2.14916065924188309E-03 1.18485124596994074E+00
1.25415365E+01 4.62014000717514001E-02 4.49827200407600450E-03 1.83802314161293917E-01 3.41888639710130995E-04 2.12351519154046998E-03 1.18205657135106135E+00
1.25947129E+01 4.59145648378117971E-02 4.45407794626740544E-03 1.86791380651797650E-01 3.41099002726931401E-04 2.09791747149316952E-03 1.17927881024586734E+00
1.26473729E+01 4.56331891238603224E-02 4.40897805589838751E-03 1.89708712901546478E-01 3.40243097775927764E-04 2.07113783623337358E-03 1.17651765912167483E+00
1.26996759E+01 4.53563402823922227E-02 4.36273501754578033E-03 1.92515288282680191E-01 3.39279654688078003E-04 2.04292708491991565E-03 1.17376061160486622E+00
1.27512258E+01 4.50860263792014423E-02 4.31587882351444282E-03 1.95156192325508154E-01 3.38254116377943541E-04 2.01362443748476271E-03 1.17095245445893004E+00
1.28020800E+01 4.48218528798486407E-02 4.26961344742668794E-03 1.97609986740309246E-01 3.37390503179355408E-04 1.98442087367299699E-03 1.16812551764462902E+00
1.28524273E+01 4.45627168625041675E-02 4.22466589603338535E-03 1.99872547649910276E-01 3.36609490121721883E-04 1.95611108965154440E-03 1.16534610343093470E+00
1.29024531E+01 4.43075600159657731E-02 4.18159414204942372E-03 2.01946200655736097E-01 3.35966224459901934E-04 1.92934405317519747E-03 1.16259497066478357E+00
1.29523396E+01 4.40553943682129787E-02 4.14040059266834997E-03 2.03839271812498307E-01 3.35290957448261323E-04 1.90422544171432902E-03 1.15980905254059352E+00
1.30020814E+01 4.38062280053961653E-02 4.09960014020363094E-03 2.05553534668625720E-01 3.34478314689433398E-04 1.87931845947012107E-03 1.15691172447505886E+00
1.30512757E+01 4.35620742948374384E-02 4.05898329152332409E-03 2.07084595717445002E-01 3.33526644570879261E-04 1.85431640575335209E-03 1.15384809837041602E+00
1.31000921E+01 4.33220750940241650E-02 4.01850117961206378E-03 2.08453381438693935E-01 3.32551407819041986E-04 1.82923386848185391E-03 1.15065473488537062E+00
1.31486961E+01 4.30854114357382065E-02 3.97801836825910273E-03 2.09677514296073897E-01 3.31608824992415474E-04 1.80398472021597411E-03 1.14740983428917143E+00
1.31972496E+01 4.28512986729904996E-02 3.93760305848200529E-03 2.10775849188223952E-01 3.30761696237323816E-04 1.77868056865523655E-03 1.14419952197304120E+00
1.32459115E+01 4.26189726166073465E-02 3.89817676912792080E-03 2.11766484535081789E-01 3.30198433260135151E-04 1.75428748875205509E-03 1.14107345340323207E+00
1.32946077E+01 4.23887460792943122E-02 3.85978599409197119E-03 2.12664780743497678E-01 3.29774267170509800E-04 1.73083800130642627E-03 1.13806109564980962E+00
1.33430179E+01 4.21620594242522115E-02 3.82196615503445055E-03 2.13481074551314154E-01 3.29284597226590448E-04 1.70777903723306882E-03 1.13515367278867685E+00
1.33912852E+01 4.19381902474592685E-02 3.78478484400173723E-03 2.14233915086592286E-01 3.28713151902398763E-04 1.68521867649810498E-03 1.13231315703850588E+00
1.34395476E+01 4.17164766152630304E-02 3.74738944535867426E-03 2.14940960027881739E-01 3.28005152345008815E-04 1.66233662652799890E-03 1.12947374630022956E+00
1.34879390E+01 4.14963300601627269E-02 3.70995422887923773E-03 2.15618358722499598E-01 3.27176238034806207E-04 1.63932502133581882E-03 1.12660051069449563E+00
1.35365892E+01 4.12771908877517038E-02 3.67338235810173814E-03 2.16280640223629528E-01 3.26377299624048644E-04 1.61710263074617061E-03 1.12371093301156488E+00
1.35852800E+01 4.10600184397319420E-02 3.63759405992915676E-03 2.16938368596006848E-01 3.25602443530465424E-04 1.59551796020528645E-03 1.12084578700314452E+00
1.36339765E+01 4.08449208235250674E-02 3.60259642269748553E-03 2.17604535113718384E-01 3.24892878565472942E-04 1.57456710498761021E-03 1.11801751401223926E+00
1.36822979E+01 4.06335003496940128E-02 3.56911720422092025E-03 2.18287044376105632E-01 3.24351718944848762E-04 1.55486912090969931E-03 1.11517649385981499E+00
1.37303786E+01 4.04250624637637820E-02 3.53669878358532728E-03 2.18999524837265536E-01 3.23889499055351787E-04 1.53600745363887455E-03 1.11232444548354437E+00
1.37783509E+01 4.02189571941722820E-02 3.50430208059055283E-03 2.19752510002662826E-01 3.23354828859196265E-04 1.51697977608473652E-03 1.10948897180035955E+00
1.38263453E+01 4.00145994553979395E-02 3.47211806417945705E-03 2.20555527298470860E-01 3.22818496212974354E-04 1.49800790319269770E-03 1.10671309999945655E+00
1.38744891E+01 3.98114367806498490E-02 3.44047614359851463E-03 2.21418154322691185E-01 3.22296200639324401E-04 1.47945559582706994E-03 1.10402659465251940E+00
1.39229070E+01 3.96089414674026044E-02 3.40933687397590533E-03 2.22350024842555366E-01 3.21770763602522174E-04 1.46132493711875863E-03 1.10137583379729809E+00
1.39713092E+01 3.94083170570292754E-02 3.37917835807056022E-03 2.23350637264967261E-01 3.21215945372791626E-04 1.44403118415635458E-03 1.09867468317880346E+00
1.40195670E+01 3.92100641469331143E-02 3.34979135800107797E-03 2.24422861164225523E-01 3.20586806556022366E-04 1.42735600733914325E-03 1.09592081494589877E+00
1.40678004E+01 3.90136729613798361E-02 3.32150729427096742E-03 2.25570773069533576E-01 3.19903545602938117E-04 1.41169041788254666E-03 1.09310641389331575E+00
1.41161286E+01 3.88186559486577362E-02 3.29443537009184700E-03 2.26798810971531817E-01 3.19212908700816883E-04 1.39720801304155247E-03 1.09019984499304501E+00
1.41646698E+01 3.86245282773013884E-02 3.26707549086084886E-03 2.28110928137593316E-01 3.18457922595459357E-04 1.38247926100552041E-03 1.08720231610256546E+00
1.42135399E+01 3.84308552731968678E-02 3.23955840968762846E-03 2.29510679406195156E-01 3.17722863800634040E-04 1.36769059726627546E-03 1.08415989772866816E+00
1.42627098E+01 3.82377871033854483E-02 3.21121960287991870E-03 2.30996534701353229E-01 3.16929320755100893E-04 1.35219010945377446E-03 1.08108600148754608E+00
1.43119030E+01 3.80464427383470430E-02 3.18282063556642788E-03 2.32557713266544619E-01 3.16145224991590452E-04 1.33667540892466611E-03 1.07794840411000670E+00
1.43610105E+01 3.78572428740791000E-02 3.15474202880076720E-03 2.34186527754537882E-01 3.15373751986172690E-04 1.32150588979694809E-03 1.07474732727480848E+00
1.44101055E+01 3.76698832239774004E-02 3.12667697940942433E-03 2.35878582325531327E-01 3.14614582725145921E-04 1.30639911168034572E-03 1.07153132512328253E+00
1.44591344E+01 3.74845473125754031E-02 3.09864431705488864E-03 2.37626374140724628E-01 3.13846886411531093E-04 1.29136336541252643E-03 1.06837095185937270E+00
1.45079700E+01 3.73016915490307563E-02 3.07062143384678179E-03 2.39418634842705896E-01 3.13022375424017055E-04 1.27634467494185436E-03 1.06523239233090261E+00
1.45566849E+01 3.71210159979642601E-02 3.04253212867746899E-03 2.41250425227411330E-01 3.12155827259403933E-04 1.26128480627995631E-03 1.06202146776355089E+00
1.46053560E+01 3.69422193450929040E-02 3.01523308343400447E-03 2.43117011805278643E-01 3.11370882874837361E-04 1.24705827351510846E-03 1.05869281232890788E+00
1.46540633E+01 3.67649794228767507E-02 2.98809283115181006E-03 2.45014317084766065E-01 3.10586715015414346E-04 1.23305961584143655E-03 1.05526899616586856E+00
1.47028889E+01 3.65889928908782677E-02 2.96065274505435093E-03 2.46938665100345983E-01 3.09725905484054171E-04 1.21885467161574577E-03 1.05179769648068500E+00
1.47519157E+01 3.64139834067111201E-02 2.93287351868778620E-03 2.48886497989114525E-01 3.08789674513327585E-04 1.20442291343547518E-03 1.04827361076514269E+00
1.48010333E+01 3.62403727153373309E-02 2.90555819193377349E-03 2.50846339326543377E-01 3.07940298298085325E-04 1.19052994225479465E-03 1.04468292994789569E+00
1.48501507E+01 3.60684754783559616E-02 2.87789202702416281E-03 2.52806840372300223E-01 3.06990040794077196E-04 1.17633337279791765E-03 1.04103403154029439E+00
1.48993505E+01 3.58980172069895270E-02 2.84965296026887163E-03 2.54763719101905928E-01 3.05925076547823712E-04 1.16162147630934597E-03 1.03733687496613847E+00
1.49485119E+01 3.57294383392153109E-02 2.82104943290491716E-03 2.56704835442606971E-01 3.04801279384056469E-04 1.14655253092742215E-03 1.03359353051961667E+00
1.49742560E+01 3.56418597549314070E-02 2.80598509648173925E-03 2.57719412904195977E-01 3.04220190557317062E-04 1.13858669873219864E-03 1.02984751954641829E+00
1.50000000E+01 3.55547721448062834E-02 2.79092678833583801E-03 2.58723433245366841E-01 3.03659233954520376E-04 1.13062650835127950E-03 1.02789971583290374E+00
