#  time, MeanKE MeanKEDR MeanP MeanNuT MeanLesProduction
0 1.23799080025198585E-01 7.61830940022567506E-04 -1.46012263020141482E-17 3.22978622707635100E-04 2.97563278963345462E-04
5.89048623E-02 1.23733094036577632E-01 7.62012806121412740E-04 3.64408222197634560E-03 3.23625750117861617E-04 2.97828423058410171E-04
1.18430310E-01 1.23680729211277152E-01 7.63577422722689085E-04 3.59488438345077202E-03 3.25400031898938509E-04 2.99090187853652024E-04
1.78021129E-01 1.23632038248099305E-01 7.66334163566908958E-04 3.15235519600558277E-03 3.28020167649194325E-04 3.01193913604832087E-04
2.37702951E-01 1.23583465875250847E-01 7.70177215150235663E-04 2.54156157039521881E-03 3.31295776959089627E-04 3.04044525678921892E-04
2.97503989E-01 1.23533762364162303E-01 7.75038920597831611E-04 1.73574658145687205E-03 3.35061038675758393E-04 3.07575115936097401E-04
3.57452465E-01 1.23482459610635489E-01 7.80874955078185787E-04 7.40270815426607000E-04 3.39192204018830409E-04 3.11737871919772901E-04
4.17575559E-01 1.23429352898003802E-01 7.87668786621103698E-04 -4.36856849347769640E-04 3.43616059066101007E-04 3.16510548737051068E-04
4.77898868E-01 1.23374326929876321E-01 7.95421717821829686E-04 -1.78576085471324067E-03 3.48280358766164095E-04 3.21887242513955833E-04
5.38312068E-01 1.23317423003640278E-01 8.04134334127183030E-04 -3.29155422187429533E-03 3.53137196029961256E-04 3.27866614497283090E-04
5.98833693E-01 1.23258581880626897E-01 8.13832415864968340E-04 -4.93953372821571372E-03 3.58157491688958923E-04 3.34467621810573918E-04
6.59491981E-01 1.23197738366823129E-01 8.24549784047128378E-04 -6.71390151738268312E-03 3.63321254600278848E-04 3.41715827707588101E-04
7.20313296E-01 1.23134828896351356E-01 8.36325028302292326E-04 -8.59729595483129869E-03 3.68616003862781727E-04 3.49640673812262625E-04
7.81321867E-01 1.23069790871708301E-01 8.49200923239382122E-04 -1.05706883585244445E-02 3.74035473071951451E-04 3.58275037746092785E-04
8.42539567E-01 1.23002562717630465E-01 8.63223992070071260E-04 -1.26133448133036920E-02 3.79578337698534328E-04 3.67654951402466223E-04
9.03985722E-01 1.22933084188653979E-01 8.78443928005959098E-04 -1.47028189717506638E-02 3.85247257231516977E-04 3.77819191343193564E-04
9.65676968E-01 1.22861296758897856E-01 8.94912927628056278E-04 -1.68149829592481766E-02 3.91048280447488976E-04 3.88808794665383825E-04
1.02762715E+00 1.22787144013429356E-01 9.12685011687013764E-04 -1.89241046004230695E-02 3.96990501376028374E-04 4.00666573688575800E-04
1.08984728E+00 1.22710571983566719E-01 9.31815373800832744E-04 -2.10029780217606127E-02 4.03085645465924328E-04 4.13436666672653975E-04
1.15234554E+00 1.22631529372589185E-01 9.52359777297500623E-04 -2.30231130363450047E-02 4.09347041219783293E-04 4.27164140401298557E-04
1.21512737E+00 1.22549967620883785E-01 9.74373989467009036E-04 -2.49549865082723844E-02 4.15787642392786625E-04 4.41894628336041856E-04
1.27819554E+00 1.22465840767571985E-01 9.97913177468509518E-04 -2.67683562238328412E-02 4.22417853897576905E-04 4.57673921968674007E-04
1.34155043E+00 1.22379105077406167E-01 1.02303112806973557E-03 -2.84326346680728592E-02 4.29244724612994565E-04 4.74547370081065966E-04
1.40519021E+00 1.22289718409643741E-01 1.04977919528329651E-03 -2.99173163787276979E-02 4.36272762837743358E-04 4.92558981974864090E-04
1.46911113E+00 1.22197639315688250E-01 1.07820509866923472E-03 -3.11924486949357385E-02 4.43504832047039558E-04 5.11750349179488436E-04
1.53330793E+00 1.22102825874957119E-01 1.10835202330632253E-03 -3.22291326369678749E-02 4.50942139944612397E-04 5.32159828360715998E-04
1.59777421E+00 1.22005234293082507E-01 1.14025872740227720E-03 -3.30000382238471099E-02 4.58583864620299602E-04 5.53822683684252913E-04
1.66250281E+00 1.21904817265509904E-01 1.17396145800632693E-03 -3.34799160600679352E-02 4.66427418096492484E-04 5.76772983002392511E-04
1.72748638E+00 1.21801522047111255E-01 1.20949866826276960E-03 -3.36460781417152258E-02 4.74470273649646619E-04 6.01048238082504634E-04
1.79271774E+00 1.21695288045444688E-01 1.24692033270824799E-03 -3.34789948917426639E-02 4.82714711182819422E-04 6.26698586622172898E-04
1.85819048E+00 1.21586043484597270E-01 1.28630335449519159E-03 -3.29620636820963653E-02 4.91176490275988713E-04 6.53802018655354157E-04
1.92389936E+00 1.21473700270078977E-01 1.32776033940149333E-03 -3.20831780953599113E-02 4.99888115627267725E-04 6.82472942436866876E-04
1.98984085E+00 1.21358147020157237E-01 1.37140992087849485E-03 -3.08334723705361094E-02 5.08875027074483818E-04 7.12832289021372314E-04
2.05601354E+00 1.21239244009486755E-01 1.41734309509609522E-03 -2.92084671835360354E-02 5.18131567414105735E-04 7.44973570053504303E-04
2.12241855E+00 1.21116822610006294E-01 1.46564053121123845E-03 -2.72077366739334921E-02 5.27633181777201698E-04 7.78979806959305540E-04
2.18905991E+00 1.20990685335582812E-01 1.51639429934369773E-03 -2.48349572000080877E-02 5.37349903686868617E-04 8.14944824405177109E-04
2.25594488E+00 1.20860604356844994E-01 1.56971806866724301E-03 -2.20977776063674622E-02 5.47254797535970264E-04 8.52982999594306809E-04
2.32308419E+00 1.20726318328246610E-01 1.62575090597211962E-03 -1.90076106103446579E-02 5.57325523562347781E-04 8.93232609487269128E-04
2.39049228E+00 1.20587528126361268E-01 1.68465968814350314E-03 -1.55793605115296576E-02 5.67544039596813471E-04 9.35857786924449981E-04
2.45818740E+00 1.20443891891967442E-01 1.74664843291670309E-03 -1.18311013794842341E-02 5.77903274315482384E-04 9.81057387800683516E-04
2.52619170E+00 1.20295018172301704E-01 1.81196792285887270E-03 -7.78371114522454031E-03 5.88410935602912133E-04 1.02907417189944546E-03
2.59453131E+00 1.20140456395662953E-01 1.88091418928095010E-03 -3.46046701966921076E-03 5.99084163386749821E-04 1.08019288859186806E-03
2.66323625E+00 1.19979685937194533E-01 1.95381165797968350E-03 1.11338627652704807E-03 6.09939814227899286E-04 1.13472304351370200E-03
2.73234041E+00 1.19812106893704612E-01 2.03099706726850337E-03 5.91106723922347511E-03 6.20980803866382890E-04 1.19298235982981241E-03
2.80187282E+00 1.19637056782497614E-01 2.11281324708266060E-03 1.09040530857082152E-02 6.32178551479098882E-04 1.25529236184907813E-03
2.87174447E+00 1.19454115478866890E-01 2.19948588806539915E-03 1.60541851634132884E-02 6.43465041082411310E-04 1.32188741746655752E-03
2.94198911E+00 1.19262501073620769E-01 2.29143085775706168E-03 2.13307131708358466E-02 6.54803961126336530E-04 1.39315389005172032E-03
3.01264459E+00 1.19061346331482187E-01 2.38914854491098982E-03 2.67032723710202945E-02 6.66221727510139848E-04 1.46955577994186738E-03
3.08375277E+00 1.18849691905164770E-01 2.49322615034946841E-03 3.21421678288180690E-02 6.77784781805067585E-04 1.55163620931727956E-03
3.15535939E+00 1.18626475092403372E-01 2.60428713118857806E-03 3.76187510152423063E-02 6.89393410938766798E-04 1.63996630715849143E-03
3.22751387E+00 1.18390529413596193E-01 2.72304201792520836E-03 4.31059809303457331E-02 7.00972058690638405E-04 1.73519552537255897E-03
3.30026917E+00 1.18140587056846214E-01 2.85029379244804062E-03 4.85782046595415323E-02 7.12478369849383979E-04 1.83805664174104336E-03
3.37366492E+00 1.17875335316554461E-01 2.98689526280050081E-03 5.40101197369390676E-02 7.23921896082069748E-04 1.94932929546842953E-03
3.44766846E+00 1.17593641647106922E-01 3.13357390789226501E-03 5.93734498689784743E-02 7.35337160305438164E-04 2.06968819186685148E-03
3.52233853E+00 1.17293996020311542E-01 3.29121278614094050E-03 6.46468471833223368E-02 7.46814356270283182E-04 2.19992910353938951E-03
3.59763775E+00 1.16975207623712052E-01 3.46045362513593005E-03 6.98066284554376693E-02 7.58474440200993037E-04 2.34064275604397654E-03
3.67352154E+00 1.16636108231298413E-01 3.64178209128181683E-03 7.48316711514144389E-02 7.70396022544990412E-04 2.49227589532978943E-03
3.75004930E+00 1.16275032619382435E-01 3.83568971271141959E-03 7.97111152873953427E-02 7.82570859868322280E-04 2.65525516830074056E-03
3.82728131E+00 1.15890286789117003E-01 4.04263038805773023E-03 8.44364722741808432E-02 7.95142467144497006E-04 2.82998574425324034E-03
3.90527884E+00 1.15480268639170394E-01 4.26251601026687854E-03 8.90005699540348943E-02 8.07811338272537661E-04 3.01634941241016221E-03
3.98389981E+00 1.15044734636734342E-01 4.49488111329467924E-03 9.33872730427742215E-02 8.20505214893360070E-04 3.21396384966142305E-03
4.06318300E+00 1.14582800482288513E-01 4.74003390259879111E-03 9.75935668831696967E-02 8.33391714339785407E-04 3.42317463438971065E-03
4.14133511E+00 1.14105317597999523E-01 4.99202376072310425E-03 1.01522185400272705E-01 8.46302908168527633E-04 3.63895277968871635E-03
4.21835740E+00 1.13613564555802807E-01 5.24903026746350709E-03 1.05187573947913823E-01 8.59265855310146283E-04 3.85963838079768405E-03
4.29452623E+00 1.13106933751751307E-01 5.51073597074719108E-03 1.08613552915806752E-01 8.72621208356775808E-04 4.08496153575892574E-03
4.37001028E+00 1.12585198986666760E-01 5.77616202927237928E-03 1.11814112124674570E-01 8.86622613365317192E-04 4.31405258994505773E-03
4.44452050E+00 1.12051254013546236E-01 6.04090333204017858E-03 1.14782608499794908E-01 9.01067697816806045E-04 4.54283793027334543E-03
4.51826908E+00 1.11504469145647503E-01 6.30297392080133093E-03 1.17534775903725144E-01 9.15826152749326977E-04 4.76940775084926539E-03
4.59119468E+00 1.10946029923676678E-01 6.56069600250120451E-03 1.20072387761718247E-01 9.30700637447542901E-04 4.99226993617172491E-03
4.66229306E+00 1.10384587972563494E-01 6.80942622713108601E-03 1.22366162355789385E-01 9.45284141814250892E-04 5.20738386458227068E-03
4.73191558E+00 1.09818338940080695E-01 7.04942505886484855E-03 1.24441029033389119E-01 9.59519947159412356E-04 5.41493249199203990E-03
4.80037027E+00 1.09245380616432769E-01 7.28108815194087287E-03 1.26315491576568295E-01 9.73478395059695196E-04 5.61523066014816066E-03
4.86793143E+00 1.08663774611911138E-01 7.50484016512253764E-03 1.28004414345072870E-01 9.87158137093429406E-04 5.80861620553407062E-03
4.93484646E+00 1.08071578752900882E-01 7.72107682344307360E-03 1.29520739519342010E-01 1.00042808240177988E-03 5.99539378786193532E-03
5.00134118E+00 1.07466870470785222E-01 7.93055209902121180E-03 1.30876532057268513E-01 1.01327122333090200E-03 6.17622609143003189E-03
5.06762389E+00 1.06847729559029894E-01 8.13451590074720267E-03 1.32083584804712217E-01 1.02581776370102781E-03 6.35227782511575863E-03
5.13388854E+00 1.06212197885195717E-01 8.33440189577306853E-03 1.33154239102785787E-01 1.03824220425746336E-03 6.52491132124903821E-03
5.20031736E+00 1.05558245885570626E-01 8.53125345497733265E-03 1.34102309174964990E-01 1.05061297335360196E-03 6.69512087534554837E-03
5.26708288E+00 1.04883831235123307E-01 8.72564834491097903E-03 1.34943155817449256E-01 1.06286594774056709E-03 6.86346341752429919E-03
5.33415010E+00 1.04189134232689079E-01 8.91785548451499467E-03 1.35691949096816672E-01 1.07494836207806680E-03 7.03029308565308007E-03
5.40067956E+00 1.03483242656406890E-01 9.10597699410604575E-03 1.36359498703280124E-01 1.08669528907072844E-03 7.19411161608009969E-03
5.46691821E+00 1.02764369013320048E-01 9.29086176204413708E-03 1.36970599663633119E-01 1.09813492049642015E-03 7.35576939455351818E-03
5.53306895E+00 1.02031168519193707E-01 9.47250288946043829E-03 1.37547952904075704E-01 1.10933719447567987E-03 7.51530715604033315E-03
5.59929295E+00 1.01282766623587234E-01 9.64967124298362136E-03 1.38112696074519647E-01 1.12043726042934015E-03 7.67157892597649434E-03
5.66499252E+00 1.00527059292468732E-01 9.81751844049560431E-03 1.38679230389381458E-01 1.13135014545609871E-03 7.82004827331982469E-03
5.72995319E+00 9.97679774402638470E-02 9.97117003727841789E-03 1.39261646494774183E-01 1.14196157506220091E-03 7.95598096948271424E-03
5.79467539E+00 9.90011399324925850E-02 1.01073797969725640E-02 1.39876199490513720E-01 1.15235451092923595E-03 8.07604542815325635E-03
5.85959862E+00 9.82225951589020402E-02 1.02233076881333446E-02 1.40538714642409190E-01 1.16274991365397651E-03 8.17734186273980611E-03
5.92511509E+00 9.74287169435084921E-02 1.03174558937881161E-02 1.41265827881771083E-01 1.17302323172203786E-03 8.25833723028179811E-03
5.99157600E+00 9.66161862408441013E-02 1.03907252544837292E-02 1.42076294206611636E-01 1.18324447682446160E-03 8.31992814389606768E-03
6.05912787E+00 9.57839982966993547E-02 1.04453672475660012E-02 1.42990776685921250E-01 1.19348451696046931E-03 8.36442837508643601E-03
6.12700323E+00 9.49423662861271916E-02 1.04830279019646234E-02 1.44022229988047673E-01 1.20367714937243500E-03 8.39367831444583039E-03
6.19524962E+00 9.40916709735059725E-02 1.05047454050666168E-02 1.45190223556816572E-01 1.21369503082841999E-03 8.40876342990860316E-03
6.26390888E+00 9.32324322546595335E-02 1.05106844485857165E-02 1.46516366260672326E-01 1.22347198066261108E-03 8.40989715771117176E-03
6.33301828E+00 9.23652154254601676E-02 1.04995079865812229E-02 1.48023730225684408E-01 1.23254579114762878E-03 8.39578563716114612E-03
6.40261283E+00 9.14907341924590944E-02 1.04709467687767576E-02 1.49733580180439640E-01 1.24058378731999258E-03 8.36617229663377121E-03
6.47272842E+00 9.06098028745227768E-02 1.04269735476220562E-02 1.51664286131622583E-01 1.24752621168344410E-03 8.32300174180938997E-03
6.54340570E+00 8.97231853196435586E-02 1.03718651857596621E-02 1.53830472565046755E-01 1.25365316975872593E-03 8.27048448645804207E-03
6.61469442E+00 8.88314181062356267E-02 1.03104339300391437E-02 1.56242105454384800E-01 1.25926220394353690E-03 8.21333717779457011E-03
6.68665767E+00 8.79348299838642739E-02 1.02485746556200078E-02 1.58904017152805055E-01 1.26511476300435774E-03 8.15733376812910124E-03
6.75802354E+00 8.70492241162481029E-02 1.01881372775483019E-02 1.61765944232309472E-01 1.27117327746471050E-03 8.10411973431786163E-03
6.82727993E+00 8.61928245443704388E-02 1.01267430043028173E-02 1.64744596815113220E-01 1.27674276932299635E-03 8.05101726601989073E-03
6.89527826E+00 8.53555522687570734E-02 1.00627285051902264E-02 1.67836885533099167E-01 1.28204572065271838E-03 7.99625079261586519E-03
6.96275372E+00 8.45289766869569831E-02 9.99270295507614578E-03 1.71049193893629131E-01 1.28698909738841059E-03 7.93637010057371244E-03
7.03036552E+00 8.37058479718585241E-02 9.91263909500979083E-03 1.74392315594165043E-01 1.29135582143039386E-03 7.86733130765656340E-03
7.09872234E+00 8.28799016815274237E-02 9.82060536122905670E-03 1.77876650045970225E-01 1.29506411954554584E-03 7.78721364342209454E-03
7.16492852E+00 8.20868551570199806E-02 9.72326306148628937E-03 1.81340168221594322E-01 1.29809424327259116E-03 7.70206813934785125E-03
7.22946382E+00 8.13211203720726750E-02 9.62230420858082615E-03 1.84773229157553592E-01 1.30094739022689767E-03 7.61355845186623050E-03
7.29304154E+00 8.05743317197404191E-02 9.51464658741241719E-03 1.88189994824954826E-01 1.30332993600608860E-03 7.51867118252938851E-03
7.35628007E+00 7.98395628903610793E-02 9.39883389650936728E-03 1.91608152665641324E-01 1.30487344341417301E-03 7.41603326152003462E-03
7.41973626E+00 7.91109646743578254E-02 9.27625993077053033E-03 1.95044580991738797E-01 1.30598769195793517E-03 7.30711984194598249E-03
7.48392889E+00 7.83832482343034126E-02 9.14894774894330597E-03 1.98515427582733661E-01 1.30705399693520634E-03 7.19404068434974838E-03
7.54935708E+00 7.76513059615771828E-02 9.01733241828486971E-03 2.02036089337260527E-01 1.30787980422638521E-03 7.07733009167208285E-03
7.61651330E+00 7.69101568272969188E-02 8.88119511315709799E-03 2.05621353060823131E-01 1.30838866973113531E-03 6.95686723512213730E-03
7.68492431E+00 7.61653175108689684E-02 8.74255487685041133E-03 2.09235132156828985E-01 1.30849424006996553E-03 6.83452805842292392E-03
7.75256583E+00 7.54383763032997617E-02 8.61138297373434912E-03 2.12762797240753143E-01 1.30809175177807159E-03 6.71973111408795745E-03
7.82005610E+00 7.47218291522533801E-02 8.50067404276761036E-03 2.16226290586589043E-01 1.30768995775663237E-03 6.62553334376859461E-03
7.88793837E+00 7.40084964948951596E-02 8.40106788709259721E-03 2.19645537006638608E-01 1.30712102697914923E-03 6.54267238706345618E-03
7.95670320E+00 7.32920144698405857E-02 8.30142702282038458E-03 2.23036000900843856E-01 1.30615874256487653E-03 6.46003846828201861E-03
8.02680235E+00 7.25669634071538783E-02 8.19814998724129051E-03 2.26408616963479553E-01 1.30470170874698961E-03 6.37396180764972752E-03
8.09865729E+00 7.18285100461056869E-02 8.09012878106096095E-03 2.29770576106249652E-01 1.30279722853877001E-03 6.28322173727029806E-03
8.17266428E+00 7.10722287775068101E-02 7.97784925350467251E-03 2.33124648043802618E-01 1.30055375022746964E-03 6.18818542825033593E-03
8.24762048E+00 7.03100122590569476E-02 7.86392380540488697E-03 2.36402594036857566E-01 1.29778254938045122E-03 6.09101955598696787E-03
8.32162563E+00 6.95608087152590898E-02 7.75383393558629237E-03 2.39512729862246754E-01 1.29473067673101737E-03 5.99670923313653809E-03
8.39552172E+00 6.88158621190701203E-02 7.65419596558030227E-03 2.42483534116940402E-01 1.29213021540404384E-03 5.91205938983022008E-03
8.47003712E+00 6.80673207998359203E-02 7.56374487758326025E-03 2.45334911919792426E-01 1.29008007489817846E-03 5.83604275764451879E-03
8.54429313E+00 6.73234404693680843E-02 7.47656325370275356E-03 2.48024435289080275E-01 1.28805920000613409E-03 5.76270700929593181E-03
8.61755433E+00 6.65914833987908822E-02 7.39252792460164121E-03 2.50521318758499978E-01 1.28603169602185515E-03 5.69192057627502211E-03
8.69053629E+00 6.58644621600529556E-02 7.31251315971815849E-03 2.52847186500573196E-01 1.28426591768501558E-03 5.62481439299437110E-03
8.76390006E+00 6.51360180798080668E-02 7.23454409568639791E-03 2.55017218990729155E-01 1.28247722176436075E-03 5.55966984767712787E-03
8.83811105E+00 6.44021285776975733E-02 7.15566958102047557E-03 2.57036229305248942E-01 1.28022730686814124E-03 5.49376546754067486E-03
8.91104986E+00 6.36847238062926424E-02 7.07631572594765498E-03 2.58843639802405656E-01 1.27730313398572598E-03 5.42729812318880084E-03
8.98340666E+00 6.29781992898398174E-02 6.99443577604688758E-03 2.60460894863060566E-01 1.27350794016701228E-03 5.35845703619218343E-03
9.05582725E+00 6.22777283650566629E-02 6.90839505761020947E-03 2.61903281973804913E-01 1.26880592183257058E-03 5.28581493248567267E-03
9.12893459E+00 6.15790107140099380E-02 6.81703702393258223E-03 2.63180060311546726E-01 1.26333115376709186E-03 5.20840438714455407E-03
9.20334706E+00 6.08780644518365638E-02 6.72123631876246023E-03 2.64295262122208829E-01 1.25791514686015172E-03 5.12727832837170557E-03
9.27969549E+00 6.01708257772998120E-02 6.61879338282897554E-03 2.65247400529549815E-01 1.25224820800516764E-03 5.04042205685920237E-03
9.35864179E+00 5.94532901280050707E-02 6.50884345309578338E-03 2.66032068342756334E-01 1.24663215260877795E-03 4.94714201365222331E-03
9.43910596E+00 5.87371195128690293E-02 6.39393889324238289E-03 2.66627192439333860E-01 1.24108899356506486E-03 4.84975359777391028E-03
9.52144687E+00 5.80207207822861989E-02 6.27413679386949232E-03 2.67029594384766589E-01 1.23634100478104618E-03 4.74831972017535509E-03
9.60664877E+00 5.72971088138404666E-02 6.14755041783283246E-03 2.67235319957157436E-01 1.23199810094600372E-03 4.64108884853633823E-03
9.69534847E+00 5.65628002307244984E-02 6.01563161448193801E-03 2.67233127123881087E-01 1.22759416080567567E-03 4.52955116263861583E-03
9.78650814E+00 5.58281390182730625E-02 5.88163835120339342E-03 2.67011182409718939E-01 1.22332210964293383E-03 4.41659192401059990E-03
9.88163074E+00 5.50826593464821268E-02 5.74160312268898968E-03 2.66561208736936006E-01 1.21873188831869293E-03 4.29845877049904283E-03
9.98191174E+00 5.43193351489047599E-02 5.59222213719488132E-03 2.65862212094885364E-01 1.21322295981744874E-03 4.17198940929719517E-03
1.00802376E+01 5.35924567699486293E-02 5.44242746631145528E-03 2.64972404349253954E-01 1.20673217505536069E-03 4.04438625188623807E-03
1.01774837E+01 5.28939036158330642E-02 5.29223336816287207E-03 2.63914519195280028E-01 1.19921674468745397E-03 3.91577049020358330E-03
1.02744747E+01 5.22168722386586251E-02 5.14464444318968404E-03 2.62704072399188804E-01 1.19138898019584402E-03 3.78923939356633471E-03
1.03720064E+01 5.15553137285331073E-02 5.00287717678590295E-03 2.61350531922520835E-01 1.18385683776166348E-03 3.66811480290866543E-03
1.04708647E+01 5.09036149578647318E-02 4.86645583636264364E-03 2.59858997866509900E-01 1.17607576535880883E-03 3.55205248437484014E-03
1.05718423E+01 5.02567151369186088E-02 4.73577543494590591E-03 2.58230021175025470E-01 1.16828664000864671E-03 3.44158815099919338E-03
1.06757508E+01 4.96100301862157159E-02 4.60765391957084283E-03 2.56458498557551540E-01 1.15968398492063540E-03 3.33370275997440504E-03
1.07815324E+01 4.89708824592378494E-02 4.48241203946429540E-03 2.54571331187881722E-01 1.15009257701094436E-03 3.22852698437932784E-03
1.08827579E+01 4.83771061709083044E-02 4.36720339662455704E-03 2.52699949749896624E-01 1.14008938637048785E-03 3.13206492882629880E-03
1.09823030E+01 4.78101011661352174E-02 4.25917989293118915E-03 2.50796849586565840E-01 1.12986369540192750E-03 3.04207979081816534E-03
1.10825476E+01 4.72558690214559887E-02 4.15886735565680014E-03 2.48817349625074291E-01 1.12004134650576397E-03 2.95956724966552889E-03
1.11857339E+01 4.67023018037521567E-02 4.06388320512620933E-03 2.46711480329852018E-01 1.11149199417597423E-03 2.88257813098394223E-03
1.12880761E+01 4.61692226636217992E-02 3.97301638689002284E-03 2.44550399458956763E-01 1.10405212876154408E-03 2.80929106583018614E-03
1.13915344E+01 4.56457244053189506E-02 3.88198639365282131E-03 2.42278326078431944E-01 1.09656779375929951E-03 2.73575455006589991E-03
1.14990559E+01 4.51175790286249545E-02 3.79177561250406553E-03 2.39807869654319994E-01 1.08899227436717481E-03 2.66334635467832016E-03
1.16062102E+01 4.46066858966730900E-02 3.70713982768020684E-03 2.37222125187741356E-01 1.08174836666323731E-03 2.59598116170407529E-03
1.17115432E+01 4.41186120078974203E-02 3.62392367235862172E-03 2.34541907748505002E-01 1.07450334108337691E-03 2.52923593040879115E-03
1.18156978E+01 4.36490668320831457E-02 3.54016848264698380E-03 2.31737688841871986E-01 1.06666346207490636E-03 2.46125805542147906E-03
1.19192977E+01 4.31945951797328004E-02 3.45656562484155001E-03 2.28785095375139080E-01 1.05847736144458558E-03 2.39282090629130669E-03
1.20229569E+01 4.27521010764372322E-02 3.37974429977423068E-03 2.25664588356060375E-01 1.05038736483738650E-03 2.33063528441933114E-03
1.21270475E+01 4.23193363219115937E-02 3.31262820184224580E-03 2.22370594162689700E-01 1.04204529427200728E-03 2.27771071146356347E-03
1.22313603E+01 4.18964330221856390E-02 3.25087614003850877E-03 2.18925416156260183E-01 1.03310528281536388E-03 2.22972712896477932E-03
1.23384532E+01 4.14729616833618489E-02 3.19021282605237494E-03 2.15272168168059524E-01 1.02385594189270158E-03 2.18274171614728316E-03
1.24462690E+01 4.10570329698639394E-02 3.12973943632255825E-03 2.11526243484889326E-01 1.01512018714725451E-03 2.13555197088462212E-03
1.25536926E+01 4.06522765010229881E-02 3.06996909773876855E-03 2.07801288221107383E-01 1.00714852554447667E-03 2.08850517245068703E-03
1.26615714E+01 4.02547701350826834E-02 3.01022117180017694E-03 2.04163995695653328E-01 9.99140477591373925E-04 2.04100759836906443E-03
1.27707720E+01 3.98610872188411708E-02 2.95032112189433848E-03 2.00702953663408235E-01 9.90515567801813135E-04 1.99296991114399731E-03
1.28822036E+01 3.94681921917563946E-02 2.89251834989612874E-03 1.97532550607176643E-01 9.81260437847239009E-04 1.94674570449806183E-03
1.29947833E+01 3.90801530920841383E-02 2.84177796285369540E-03 1.94841896913953289E-01 9.72235996241367509E-04 1.90725528680219078E-03
1.31068894E+01 3.87023837190278996E-02 2.79778953796920062E-03 1.92810163390682465E-01 9.63445919617699864E-04 1.87417091074818572E-03
1.32196053E+01 3.83310871831997052E-02 2.75934350441688460E-03 1.91520035495175267E-01 9.55526885573208351E-04 1.84653972941420624E-03
1.33340804E+01 3.79624555121822818E-02 2.72502586177989815E-03 1.91053041441743232E-01 9.49775311413855023E-04 1.82320857700755587E-03
1.34515891E+01 3.75923846192118272E-02 2.68735604908596371E-03 1.91499395096034142E-01 9.44645277884351739E-04 1.79697611485333413E-03
1.35727679E+01 3.72193162214062914E-02 2.64200977591065719E-03 1.92937522365934089E-01 9.39430710933419118E-04 1.76367502342293517E-03
1.36925403E+01 3.68589373830133030E-02 2.59102359254229390E-03 1.95320867578987950E-01 9.34894779653629333E-04 1.72484858887195420E-03
1.38110078E+01 3.65105179880135175E-02 2.53628028683480127E-03 1.98502333190005570E-01 9.31016619951016743E-04 1.68233655092545824E-03
1.39282600E+01 3.61733199242311454E-02 2.47916179189398758E-03 2.02323219629919060E-01 9.26440779744522585E-04 1.63746500827709348E-03
1.40443795E+01 3.58467181542821076E-02 2.42286438632565186E-03 2.06633399884865815E-01 9.21406757291115064E-04 1.59336935213365868E-03
1.41594484E+01 3.55300221884691028E-02 2.36901781057889541E-03 2.11290118738493987E-01 9.15884440702440742E-04 1.55163588157753774E-03
1.42735539E+01 3.52225300649386813E-02 2.31723992078707204E-03 2.16166957647653618E-01 9.09602943550822892E-04 1.51186023589478945E-03
1.43867931E+01 3.49236234112121208E-02 2.26762447505552377E-03 2.21156483475890953E-01 9.02977766043848375E-04 1.47412598582316308E-03
1.44992769E+01 3.46326579366487558E-02 2.21997028692096391E-03 2.26171229763399512E-01 8.96382975158292153E-04 1.43823323422230553E-03
1.46111329E+01 3.43489595645191034E-02 2.17351725535609806E-03 2.31142367892675782E-01 8.89905791616094478E-04 1.40342826064675155E-03
1.47225068E+01 3.40718986274559030E-02 2.12830469799478450E-03 2.36017047253037016E-01 8.84212579843172172E-04 1.36975072709050855E-03
1.48335617E+01 3.38008194068379203E-02 2.08409306808883575E-03 2.40757108605306691E-01 8.79427988364230202E-04 1.33695976765556735E-03
1.49167808E+01 3.36008287278399612E-02 2.05141071876277590E-03 2.44218477608206475E-01 8.76425936863646786E-04 1.31278198680842562E-03
1.50000000E+01 3.34035019476831146E-02 2.01891055620016281E-03 2.47575092650190925E-01 8.73361284175797818E-04 1.28872702724412919E-03
