#  time, MeanKE MeanKEDR MeanP MeanNuT MeanLesProduction
0 1.24981176165412808E-01 4.68679415817068389E-04 -5.50482138072360219E-18 5.73175060267415055E-05 5.32687179012576251E-05
7.36310778E-03 1.24976973579574227E-01 4.68666301848409672E-04 6.23617049988094070E-05 5.73233579743960363E-05 5.32700321853068725E-05
1.47275167E-02 1.24973051440770810E-01 4.68659532352285640E-04 7.33454873910536196E-05 5.73374336641737614E-05 5.32764354532017795E-05
2.20921482E-02 1.24969222598287355E-01 4.68658405297085333E-04 7.26451621499851367E-05 5.73583150493133201E-05 5.32872550884753738E-05
2.94570547E-02 1.24965424412173162E-01 4.68662685926005509E-04 6.79287859602811962E-05 5.73853488951334129E-05 5.33021663842989224E-05
3.68222961E-02 1.24961635927292869E-01 4.68672296232525761E-04 5.90047783566702134E-05 5.74173060792713806E-05 5.33207934166254001E-05
4.41879350E-02 1.24957850089817635E-01 4.68687210783218591E-04 4.57219701226811332E-05 5.74531986670460577E-05 5.33426851142126206E-05
5.15540343E-02 1.24954064482930047E-01 4.68707421976444737E-04 2.81044867780618496E-05 5.74924827451599589E-05 5.33675311275375730E-05
5.89205461E-02 1.24950278294897132E-01 4.68732928030906866E-04 6.15017550803764012E-06 5.75348466899686063E-05 5.33951371331604718E-05
6.62873124E-02 1.24946491287836359E-01 4.68763728726644916E-04 -2.01379586851691568E-05 5.75800936497257451E-05 5.34253805265969922E-05
7.36543968E-02 1.24942703283410936E-01 4.68799825463882464E-04 -5.07557903539533969E-05 5.76280734530679531E-05 5.34581808100021384E-05
8.10218629E-02 1.24938914161678502E-01 4.68841220302917841E-04 -8.56985748234019768E-05 5.76786382519748844E-05 5.34934733986821840E-05
8.83897742E-02 1.24935123822734556E-01 4.68887915819399021E-04 -1.24961593129369254E-04 5.77316423766102585E-05 5.35311977455084034E-05
9.57581943E-02 1.24931332173827431E-01 4.68939915055399377E-04 -1.68540147188404703E-04 5.77869541016741504E-05 5.35712964475640666E-05
1.03127186E-01 1.24927539125001444E-01 4.68997221502330443E-04 -2.16429279389175123E-04 5.78444579024447049E-05 5.36137156791283902E-05
1.10496814E-01 1.24923744587712035E-01 4.69059839094629902E-04 -2.68623706357198867E-04 5.79040545464364932E-05 5.36584082057677044E-05
1.17867139E-01 1.24919948474194839E-01 4.69127772206575874E-04 -3.25117846422147796E-04 5.79656548992080292E-05 5.37053306539787676E-05
1.25238226E-01 1.24916150697329476E-01 4.69201025650786327E-04 -3.85905842704253573E-04 5.80291796381438813E-05 5.37544451330031713E-05
1.32610136E-01 1.24912351170484451E-01 4.69279604676746246E-04 -4.50981572021144953E-04 5.80945545346109893E-05 5.38057150776840207E-05
1.39982933E-01 1.24908549807518504E-01 4.69363514969505500E-04 -5.20338637443779040E-04 5.81617149887819331E-05 5.38591094296221229E-05
1.47356677E-01 1.24904746522662410E-01 4.69452762648584019E-04 -5.93970366076355515E-04 5.82306001418469540E-05 5.39145978680843034E-05
1.54731431E-01 1.24900941230547777E-01 4.69547354266959636E-04 -6.71869812586013519E-04 5.83011500733874699E-05 5.39721520384795956E-05
1.62106956E-01 1.24897134001435650E-01 4.69647292623714063E-04 -7.54026399546778889E-04 5.83733007983500393E-05 5.40317448056807447E-05
1.69483289E-01 1.24893324763245023E-01 4.69752584128819463E-04 -8.40431748493066779E-04 5.84469900434072035E-05 5.40933532268190426E-05
1.76860491E-01 1.24889513431191368E-01 4.69863235938592391E-04 -9.31056269964572816E-04 5.85221578513418132E-05 5.41569553444966415E-05
1.84238625E-01 1.24885699920828971E-01 4.69979255640869023E-04 -1.02595929881171203E-03 5.85987492768826691E-05 5.42225309808012015E-05
1.91617753E-01 1.24881884147916150E-01 4.70100651253519146E-04 -1.12505389303200250E-03 5.86767145642272048E-05 5.42900620785985791E-05
1.98997935E-01 1.24878066028524026E-01 4.70227431223394919E-04 -1.22836780264872999E-03 5.87560083167422987E-05 5.43595324733489070E-05
2.06379233E-01 1.24874245478918816E-01 4.70359604424921843E-04 -1.33588598540475756E-03 5.88365885947259276E-05 5.44309274819011144E-05
2.13761706E-01 1.24870422415614760E-01 4.70497180159031145E-04 -1.44759852887813728E-03 5.89184164130743788E-05 5.45042336148449290E-05
2.21145417E-01 1.24866596755286913E-01 4.70640168151887034E-04 -1.56349532476365502E-03 5.90014551770680069E-05 5.45794380798442853E-05
2.28530424E-01 1.24862768414847947E-01 4.70788578553634233E-04 -1.68356596025337089E-03 5.90856718633147668E-05 5.46565297150095270E-05
2.35916788E-01 1.24858937311345883E-01 4.70942421937461659E-04 -1.80779970816444583E-03 5.91710365163424602E-05 5.47354982295067340E-05
2.43304567E-01 1.24855103362016384E-01 4.71101709298303714E-04 -1.93618552594161707E-03 5.92575224806117255E-05 5.48163345635807020E-05
2.50693820E-01 1.24851266484243884E-01 4.71266452051650802E-04 -2.06871204821822445E-03 5.93451047537453934E-05 5.48990311464828037E-05
2.58084547E-01 1.24847426626498822E-01 4.71436660637263689E-04 -2.20536648088598148E-03 5.94337548908521580E-05 5.49835803680414722E-05
2.65476553E-01 1.24843583837943611E-01 4.71612341072203084E-04 -2.34613187317864354E-03 5.95234384400781470E-05 5.50699730853958821E-05
2.72869898E-01 1.24839738035825404E-01 4.71793505370600756E-04 -2.49099531733715197E-03 5.96141236157626613E-05 5.51582042495860785E-05
2.80264639E-01 1.24835889137572778E-01 4.71980165964964798E-04 -2.63994361777590081E-03 5.97057805747395074E-05 5.52482696632686948E-05
2.87660836E-01 1.24832037060660317E-01 4.72172335704971503E-04 -2.79296325535786536E-03 5.97983816875021128E-05 5.53401655010001272E-05
2.95058548E-01 1.24828181722726431E-01 4.72370027855503500E-04 -2.95004036769614796E-03 5.98919016237287613E-05 5.54338886136235303E-05
3.02457831E-01 1.24824323041458116E-01 4.72573256095345400E-04 -3.11116074213736975E-03 5.99863173451629835E-05 5.55294368713731598E-05
3.09858744E-01 1.24820460934692012E-01 4.72782034515240859E-04 -3.27630981032165768E-03 6.00816077619101917E-05 5.56268090461348408E-05
3.17261343E-01 1.24816595320323465E-01 4.72996377616171889E-04 -3.44547264370500530E-03 6.01777533483558146E-05 5.57260044882543402E-05
3.24665685E-01 1.24812726116336065E-01 4.73216300307851819E-04 -3.61863394583652803E-03 6.02747360995887867E-05 5.58270229871423606E-05
3.32071826E-01 1.24808853240826176E-01 4.73441817906366505E-04 -3.79577804767989094E-03 6.03725399288647241E-05 5.59298649394516240E-05
3.39479821E-01 1.24804976612000004E-01 4.73672946133052452E-04 -3.97688889950215119E-03 6.04711510301921749E-05 5.60345315300957343E-05
3.46889726E-01 1.24801096148074941E-01 4.73909701112111949E-04 -4.16195006836174441E-03 6.05705573563498863E-05 5.61410247293713251E-05
3.54301594E-01 1.24797211767426128E-01 4.74152099369213741E-04 -4.35094472670942856E-03 6.06707464638939388E-05 5.62493471288846202E-05
3.61715481E-01 1.24793323388464494E-01 4.74400157829628528E-04 -4.54385564885817755E-03 6.07717030334800355E-05 5.63595017531393560E-05
3.69131173E-01 1.24789431069440460E-01 4.74653884600988716E-04 -4.74065813702844330E-03 6.08734053600963176E-05 5.64714879578691269E-05
3.76548698E-01 1.24785534742238871E-01 4.74913295921070239E-04 -4.94133300936308410E-03 6.09758346335038622E-05 5.65853090585897431E-05
3.83968111E-01 1.24781634324693816E-01 4.75178409314694534E-04 -5.14586140153151361E-03 6.10789737964034183E-05 5.67009693328628876E-05
3.91389466E-01 1.24777729734726228E-01 4.75449242703327455E-04 -5.35422405173888952E-03 6.11828075726946683E-05 5.68184736264130291E-05
3.98812816E-01 1.24773820890298759E-01 4.75725814402885925E-04 -5.56640127858658296E-03 6.12873222788440310E-05 5.69378273242394987E-05
4.06238215E-01 1.24769907709453884E-01 4.76008143121513759E-04 -5.78237297070259733E-03 6.13925055818257244E-05 5.70590363205264377E-05
4.13665714E-01 1.24765990110265484E-01 4.76296247957483723E-04 -6.00211858289210077E-03 6.14983463308864815E-05 5.71821069692923537E-05
4.21095365E-01 1.24762068010870836E-01 4.76590148397224727E-04 -6.22561712403853825E-03 6.16048344736361752E-05 5.73070460137280099E-05
4.28527221E-01 1.24758141329455161E-01 4.76889864313131463E-04 -6.45284715501249877E-03 6.17119610732683107E-05 5.74338605349931751E-05
4.35961330E-01 1.24754209984242290E-01 4.77195415961704399E-04 -6.68378677798970710E-03 6.18197183862716654E-05 5.75625579542342900E-05
4.43397743E-01 1.24750273893490179E-01 4.77506823981537615E-04 -6.91841362993892567E-03 6.19280997821422188E-05 5.76931460726063335E-05
4.50836510E-01 1.24746332975505081E-01 4.77824109391283911E-04 -7.15670487593249912E-03 6.20370991356242863E-05 5.78256331123582710E-05
4.58277679E-01 1.24742387148616976E-01 4.78147293588098766E-04 -7.39863720107231723E-03 6.21467096368782967E-05 5.79600277370735572E-05
4.65721298E-01 1.24738436331180008E-01 4.78476398345144391E-04 -7.64418680374740443E-03 6.22569228600626962E-05 5.80963390487810016E-05
4.73167415E-01 1.24734480441558285E-01 4.78811445810034878E-04 -7.89332938591551583E-03 6.23677290389584827E-05 5.82345765679541182E-05
4.80615894E-01 1.24730519495376668E-01 4.79152450058067741E-04 -8.14603394200057521E-03 6.24791154286608881E-05 5.83747467394123506E-05
4.88066700E-01 1.24726553454070826E-01 4.79499429772514110E-04 -8.40227210947117747E-03 6.25910714311568583E-05 5.85168581461873569E-05
4.95519882E-01 1.24722582235123586E-01 4.79852407704164658E-04 -8.66201776533415124E-03 6.27035886686568694E-05 5.86609212266701809E-05
5.02975487E-01 1.24718605756052758E-01 4.80211406974125217E-04 -8.92524429011608798E-03 6.28166597544781982E-05 5.88069467264626185E-05
5.10433562E-01 1.24714623934351662E-01 4.80576451071557033E-04 -9.19192454944987337E-03 6.29302782069659914E-05 5.89549456906425336E-05
5.17894153E-01 1.24710636687594481E-01 4.80947563850851387E-04 -9.46203087350661574E-03 6.30444383815715779E-05 5.91049294692862003E-05
5.25357306E-01 1.24706643933292713E-01 4.81324769529605119E-04 -9.73553505760018506E-03 6.31591354311268128E-05 5.92569097301894919E-05
5.32823065E-01 1.24702645589003944E-01 4.81708092685729171E-04 -1.00124083488682299E-02 6.32743652586364785E-05 5.94108984696396590E-05
5.40291474E-01 1.24698641572270758E-01 4.82097558255180868E-04 -1.02926214379272119E-02 6.33901244035785585E-05 5.95669080148480970E-05
5.47762577E-01 1.24694631800666200E-01 4.82493191529245985E-04 -1.05761444549557528E-02 6.35064098030260928E-05 5.97249510177921651E-05
5.55236416E-01 1.24690616191758655E-01 4.82895018152035868E-04 -1.08629469574260500E-02 6.36232184242437228E-05 5.98850404439105091E-05
5.62713034E-01 1.24686594663106609E-01 4.83303064117779043E-04 -1.11529979228081940E-02 6.37405468856862013E-05 6.00471895607133409E-05
5.70192471E-01 1.24682567132275768E-01 4.83717355768395311E-04 -1.14462657401258796E-02 6.38583912689623498E-05 6.02114119297986449E-05
5.77674768E-01 1.24678533516831641E-01 4.84137919790479394E-04 -1.17427182050306757E-02 6.39767472351609665E-05 6.03777214033514046E-05
5.85159965E-01 1.24674493734361999E-01 4.84564783212811925E-04 -1.20423225050297344E-02 6.40956103499748818E-05 6.05461321238193309E-05
5.92648101E-01 1.24670447702422360E-01 4.84997973403315395E-04 -1.23450452172877180E-02 6.42149764199845719E-05 6.07166585245584234E-05
6.00139213E-01 1.24666395338592487E-01 4.85437518066436993E-04 -1.26508522983656488E-02 6.43348417145123911E-05 6.08893153291331451E-05
6.07633139E-01 1.24662336669340151E-01 4.85883433189229872E-04 -1.29597007779358852E-02 6.44551998246304129E-05 6.10641128289155053E-05
6.15129892E-01 1.24658271625214936E-01 4.86335745227515722E-04 -1.32715541190145513E-02 6.45760477326014405E-05 6.12410655949702026E-05
6.22629510E-01 1.24654200122572834E-01 4.86794482497905862E-04 -1.35863762303280247E-02 6.46973833644515195E-05 6.14201890716416623E-05
6.30132032E-01 1.24650122077788986E-01 4.87259673649218579E-04 -1.39041303880742626E-02 6.48192051003585622E-05 6.16014989667778570E-05
6.37637494E-01 1.24646037407229182E-01 4.87731347659520675E-04 -1.42247792229362353E-02 6.49415116812754756E-05 6.17850112424510946E-05
6.45145935E-01 1.24641946027247569E-01 4.88209533833203581E-04 -1.45482847029379386E-02 6.50643020988646271E-05 6.19707421078063091E-05
6.52657389E-01 1.24637847854176795E-01 4.88694261798339538E-04 -1.48746081378845121E-02 6.51875754796696935E-05 6.21587080146287878E-05
6.60171891E-01 1.24633742804325889E-01 4.89185561503677918E-04 -1.52037101599965824E-02 6.53113309834380299E-05 6.23489256557881785E-05
6.67689475E-01 1.24629630793978499E-01 4.89683463216039941E-04 -1.55355507205725517E-02 6.54355677389350333E-05 6.25414119657367754E-05
6.75210176E-01 1.24625511739426903E-01 4.90187997517274403E-04 -1.58700890874232670E-02 6.55602848330605147E-05 6.27361841222069460E-05
6.82734024E-01 1.24621385556905800E-01 4.90699195301399116E-04 -1.62072838271831721E-02 6.56854813510410630E-05 6.29332595483444616E-05
6.90261053E-01 1.24617252162623135E-01 4.91217087771745014E-04 -1.65470928082874988E-02 6.58111564483899932E-05 6.31326559145458537E-05
6.97791293E-01 1.24613111472788779E-01 4.91741706437742363E-04 -1.68894731844822406E-02 6.59373094287122696E-05 6.33343911396093493E-05
7.05324775E-01 1.24608963403543035E-01 4.92273083112046970E-04 -1.72343813938635494E-02 6.60639398063515772E-05 6.35384833909169216E-05
7.12861526E-01 1.24604807871036338E-01 4.92811249907271426E-04 -1.75817731498466960E-02 6.61910473436641897E-05 6.37449510837569350E-05
7.20401577E-01 1.24600644791352702E-01 4.93356239232893828E-04 -1.79316034336329568E-02 6.63186320621616946E-05 6.39538128797839813E-05
7.27944955E-01 1.24596474080572464E-01 4.93908083791894364E-04 -1.82838264865608328E-02 6.64466942319441286E-05 6.41650876849065156E-05
7.35491685E-01 1.24592295654705795E-01 4.94466816577728550E-04 -1.86383958045929395E-02 6.65752343460588534E-05 6.43787946467420301E-05
7.43041796E-01 1.24588109429775537E-01 4.95032470870658938E-04 -1.89952641312044652E-02 6.67042530867395983E-05 6.45949531519857362E-05
7.50595307E-01 1.24583915323863301E-01 4.95605079942215156E-04 -1.93543832700646366E-02 6.68337512241968916E-05 6.48135827119396182E-05
7.58152072E-01 1.24579713347717252E-01 4.96184664476653379E-04 -1.97156962757572100E-02 6.69637267799803979E-05 6.50346981647739871E-05
7.65712119E-01 1.24575503415833538E-01 4.96771258376732354E-04 -2.00791535996469699E-02 6.70941808387053978E-05 6.52583195258741612E-05
7.73275472E-01 1.24571285442720822E-01 4.97364895827188068E-04 -2.04447049445335947E-02 6.72251145730448933E-05 6.54844670408885057E-05
7.80842158E-01 1.24567059342806624E-01 4.97965611291134092E-04 -2.08122992407975792E-02 6.73565292413361909E-05 6.57131611832471819E-05
7.88412199E-01 1.24562825030515370E-01 4.98573439506742834E-04 -2.11818846373952874E-02 6.74884261929944719E-05 6.59444226517687715E-05
7.95985619E-01 1.24558582420207495E-01 4.99188415483711690E-04 -2.15534085088004389E-02 6.76208068780713222E-05 6.61782723682198586E-05
8.03562441E-01 1.24554331426210418E-01 4.99810574499563970E-04 -2.19268174319113378E-02 6.77536728573927411E-05 6.64147314749533399E-05
8.11142686E-01 1.24550071962789624E-01 5.00439952096427289E-04 -2.23020571993987893E-02 6.78870258102915082E-05 6.66538213326186977E-05
8.18726374E-01 1.24545803944188502E-01 5.01076584077012597E-04 -2.26790728006610147E-02 6.80208675384178017E-05 6.68955635179511223E-05
8.26313525E-01 1.24541527284576695E-01 5.01720506501744938E-04 -2.30578084296963054E-02 6.81551999652066793E-05 6.71399798216904670E-05
8.33904157E-01 1.24537241898094689E-01 5.02371755684485953E-04 -2.34382074680522454E-02 6.82900251316197654E-05 6.73870922467688008E-05
8.41498290E-01 1.24532947698864693E-01 5.03030368189575196E-04 -2.38202124957153025E-02 6.84253451894232655E-05 6.76369230065398117E-05
8.49095940E-01 1.24528644600879673E-01 5.03696380827962139E-04 -2.42037652763938509E-02 6.85611623933389525E-05 6.78894945232967969E-05
8.56697123E-01 1.24524332518141462E-01 5.04369830653740841E-04 -2.45888067596112259E-02 6.86974790933671747E-05 6.81448294268138826E-05
8.64301854E-01 1.24520011364583488E-01 5.05050754960601682E-04 -2.49752770760785017E-02 6.88342977282010326E-05 6.84029505530394923E-05
8.71910148E-01 1.24515681054062771E-01 5.05739191278161229E-04 -2.53631155404667429E-02 6.89716208201513777E-05 6.86638809428651134E-05
8.79522018E-01 1.24511341500403064E-01 5.06435177368487477E-04 -2.57522606415024231E-02 6.91094509717901900E-05 6.89276438408484190E-05
8.87137477E-01 1.24506992617375106E-01 5.07138751222162569E-04 -2.61426500457948331E-02 6.92477908638573634E-05 6.91942626941229803E-05
8.94756537E-01 1.24502634318668981E-01 5.07849951054686389E-04 -2.65342205973449728E-02 6.93866432540992539E-05 6.94637611511641465E-05
9.02379208E-01 1.24498266517930625E-01 5.08568815302733136E-04 -2.69269083123606333E-02 6.95260109763722072E-05 6.97361630605936169E-05
9.10005501E-01 1.24493889128720336E-01 5.09295382620150510E-04 -2.73206483840111383E-02 6.96658969397022436E-05 7.00114924698464283E-05
9.17635425E-01 1.24489502064570670E-01 5.10029691874161429E-04 -2.77153751759828711E-02 6.98063041268012459E-05 7.02897736238066080E-05
9.25268988E-01 1.24485105238916094E-01 5.10771782141640875E-04 -2.81110222324094348E-02 6.99472355920144703E-05 7.05710309631890701E-05
9.32906197E-01 1.24480698565145889E-01 5.11521692704551621E-04 -2.85075222680441082E-02 7.00886944587037018E-05 7.08552891229140714E-05
9.40547059E-01 1.24476281956601917E-01 5.12279463046483459E-04 -2.89048071778791986E-02 7.02306839161695164E-05 7.11425729302027690E-05
9.48191580E-01 1.24471855326522815E-01 5.13045132848363662E-04 -2.93028080352737488E-02 7.03732072162461001E-05 7.14329074026603651E-05
9.55839763E-01 1.24467418588126627E-01 5.13818741984203116E-04 -2.97014550943153592E-02 7.05162676697926896E-05 7.17263177462361396E-05
9.63491613E-01 1.24462971654504415E-01 5.14600330517398538E-04 -3.01006777961016526E-02 7.06598686433254028E-05 7.20228293530946866E-05
9.71147086E-01 1.24458514466482983E-01 5.15389933761972578E-04 -3.05004022718525919E-02 7.08040126577266413E-05 7.23224659267336807E-05
9.78806141E-01 1.24454046961344988E-01 5.16187587671525358E-04 -3.09005541708280707E-02 7.09487023886118038E-05 7.26252515241594953E-05
9.86468784E-01 1.24449569050466793E-01 5.16993332915532478E-04 -3.13010606755766141E-02 7.10939413930208609E-05 7.29312121032112798E-05
9.94135017E-01 1.24445080645141870E-01 5.17807210345418503E-04 -3.17018481688913709E-02 7.12397332715692647E-05 7.32403738020004580E-05
1.00180484E+00 1.24440581656613702E-01 5.18629260990150225E-04 -3.21028422460324925E-02 7.13860816655197892E-05 7.35527629366381852E-05
1.00947826E+00 1.24436071996048433E-01 5.19459526052137507E-04 -3.25039677166438501E-02 7.15329902539912525E-05 7.38684059988800959E-05
1.01715528E+00 1.24431551574528759E-01 5.20298046902694061E-04 -3.29051486164118542E-02 7.16804627510626662E-05 7.41873296538039556E-05
1.02483589E+00 1.24427020303074218E-01 5.21144865078088668E-04 -3.33063082077338715E-02 7.18285029028945980E-05 7.45095607373983689E-05
1.03252010E+00 1.24422478092634431E-01 5.22000022275313650E-04 -3.37073689969353205E-02 7.19771144848007412E-05 7.48351262541382722E-05
1.04020790E+00 1.24417924854089368E-01 5.22863560347539241E-04 -3.41082527328881654E-02 7.21263012983144300E-05 7.51640533745152981E-05
1.04789929E+00 1.24413360498225642E-01 5.23735521300031461E-04 -3.45088804208004071E-02 7.22760671681816990E-05 7.54963694324940602E-05
1.05559426E+00 1.24408784935764002E-01 5.24615947285891090E-04 -3.49091723346564714E-02 7.24264159394258470E-05 7.58321019230021580E-05
1.06329282E+00 1.24404198077339753E-01 5.25504880601690189E-04 -3.53090480189704042E-02 7.25773514743838243E-05 7.61712784993041030E-05
1.07099495E+00 1.24399599833521321E-01 5.26402363683125423E-04 -3.57084263117343828E-02 7.27288776497960312E-05 7.65139269703695270E-05
1.07870065E+00 1.24394990114792339E-01 5.27308439100815157E-04 -3.61072253433699086E-02 7.28809983538526523E-05 7.68600752982391127E-05
1.08640992E+00 1.24390368831526210E-01 5.28223149555671423E-04 -3.65053625571975862E-02 7.30337174834194686E-05 7.72097515953257973E-05
1.09412274E+00 1.24385735894064653E-01 5.29146537874575587E-04 -3.69027547235551145E-02 7.31870389411199844E-05 7.75629841217444238E-05
1.10183911E+00 1.24381091212626332E-01 5.30078647005890395E-04 -3.72993179456976853E-02 7.33409666326314408E-05 7.79198012826309963E-05
1.10955901E+00 1.24376434697366450E-01 5.31019520015037086E-04 -3.76949676798180588E-02 7.34955044639147331E-05 7.82802316255089774E-05
1.11728244E+00 1.24371766258340954E-01 5.31969200079763062E-04 -3.80896187516924500E-02 7.36506563385464473E-05 7.86443038376123655E-05
1.12500938E+00 1.24367085805521430E-01 5.32927730485593335E-04 -3.84831853685369957E-02 7.38064261551357612E-05 7.90120467434379863E-05
1.13273983E+00 1.24362393248814582E-01 5.33895154621239257E-04 -3.88755811356389161E-02 7.39628178047529208E-05 7.93834893021398030E-05
1.14047377E+00 1.24357688497991947E-01 5.34871515974041402E-04 -3.92667190772432936E-02 7.41198351684686432E-05 7.97586606052299468E-05
1.14821118E+00 1.24352971462797821E-01 5.35856858125088268E-04 -3.96565116513454136E-02 7.42774821149926973E-05 8.01375898742322186E-05
1.15595205E+00 1.24348242052833916E-01 5.36851224744655259E-04 -4.00448707681109323E-02 7.44357624983281506E-05 8.05203064585293380E-05
1.16369637E+00 1.24343500177653138E-01 5.37854659587576334E-04 -4.04317078144445508E-02 7.45946801556238365E-05 8.09068398332217254E-05
1.17144412E+00 1.24338745746682661E-01 5.38867206488457466E-04 -4.08169336680020770E-02 7.47542389049377396E-05 8.12972195972624028E-05
1.17919528E+00 1.24333978669283807E-01 5.39888909357010244E-04 -4.12004587186130186E-02 7.49144425432576492E-05 8.16914754715203248E-05
1.18694984E+00 1.24329198854713940E-01 5.40919812173534104E-04 -4.15821928996495394E-02 7.50752948444528709E-05 8.20896372970915839E-05
1.19470777E+00 1.24324406212124136E-01 5.41959958983961095E-04 -4.19620456952477933E-02 7.52367995573896125E-05 8.24917350336544053E-05
1.20246906E+00 1.24319600650590070E-01 5.43009393895589111E-04 -4.23399261760690482E-02 7.53989604040754800E-05 8.28977987579828139E-05
1.21023368E+00 1.24314782079089914E-01 5.44068161071991989E-04 -4.27157430191945145E-02 7.55617810778513947E-05 8.33078586625219926E-05
1.21800162E+00 1.24309950406459466E-01 5.45136304728778445E-04 -4.30894045321038241E-02 7.57252652416930003E-05 8.37219450541028796E-05
1.22577286E+00 1.24305105541484190E-01 5.46213869128627611E-04 -4.34608186767230370E-02 7.58894165265525659E-05 8.41400883528375286E-05
1.23354736E+00 1.24300247392824706E-01 5.47300898576783207E-04 -4.38298931024713803E-02 7.60542385297336852E-05 8.45623190910095774E-05
1.24132512E+00 1.24295375869036939E-01 5.48397437416278275E-04 -4.41965351647175125E-02 7.62197348134406415E-05 8.49886679122022101E-05
1.24910609E+00 1.24290490878552956E-01 5.49503530023264658E-04 -4.45606519595615758E-02 7.63859089032111523E-05 8.54191655705677846E-05
1.25689027E+00 1.24285592329735087E-01 5.50619220802382368E-04 -4.49221503490616070E-02 7.65527642866162353E-05 8.58538429301448528E-05
1.26467762E+00 1.24280680130790522E-01 5.51744554181689858E-04 -4.52809369877741827E-02 7.67203044118719549E-05 8.62927309645006047E-05
1.27246812E+00 1.24275754189816734E-01 5.52879574608426314E-04 -4.56369183619636173E-02 7.68885326866140025E-05 8.67358607563751952E-05
1.28026175E+00 1.24270814414835812E-01 5.54024326543802272E-04 -4.59900008069576705E-02 7.70574524767285207E-05 8.71832634976642349E-05
1.28805846E+00 1.24265860713710763E-01 5.55178854458197586E-04 -4.63400905510845049E-02 7.72270671051988639E-05 8.76349704894309462E-05
1.29585824E+00 1.24260892994199609E-01 5.56343202826762814E-04 -4.66870937402920905E-02 7.73973798511112088E-05 8.80910131423181739E-05
1.30366106E+00 1.24255911163926300E-01 5.57517416124227302E-04 -4.70309164701812263E-02 7.75683939486875008E-05 8.85514229770563882E-05
1.31146689E+00 1.24250915130410811E-01 5.58701538820264437E-04 -4.73714648263341628E-02 7.77401125863964615E-05 8.90162316251946945E-05
1.31927569E+00 1.24245904801031412E-01 5.59895615374807784E-04 -4.77086449096076129E-02 7.79125389061473636E-05 8.94854708301764972E-05
1.32708744E+00 1.24240880083045430E-01 5.61099690233026675E-04 -4.80423628754224688E-02 7.80856760026049765E-05 8.99591724486107269E-05
1.33490211E+00 1.24235840883576268E-01 5.62313807820789477E-04 -4.83725249714063998E-02 7.82595269224787237E-05 9.04373684518017446E-05
1.34271966E+00 1.24230787109600019E-01 5.63538012540088038E-04 -4.86990375625258876E-02 7.84340946640160481E-05 9.09200909276424536E-05
1.35054005E+00 1.24225718667958659E-01 5.64772348763965142E-04 -4.90218071846965156E-02 7.86093821764860610E-05 9.14073720826759232E-05
1.35836327E+00 1.24220635465350823E-01 5.66016860832356593E-04 -4.93407405602810240E-02 7.87853923597288663E-05 9.18992442445749864E-05
1.36618927E+00 1.24215537408354129E-01 5.67271593047059212E-04 -4.96557446560961444E-02 7.89621280638643435E-05 9.23957398648590881E-05
1.37401802E+00 1.24210424403369532E-01 5.68536589667505273E-04 -4.99667267062320550E-02 7.91395920889274363E-05 9.28968915219163083E-05
1.38184949E+00 1.24205296356628150E-01 5.69811894905974557E-04 -5.02735942565386701E-02 7.93177871847218252E-05 9.34027319243952624E-05
1.38968363E+00 1.24200153174243891E-01 5.71097552923207881E-04 -5.05762552051589667E-02 7.94967160505641784E-05 9.39132939148216327E-05
1.39752042E+00 1.24194994762148930E-01 5.72393607823743953E-04 -5.08746178340172550E-02 7.96763813352013454E-05 9.44286104735607792E-05
1.40535981E+00 1.24189821026114811E-01 5.73700103651718406E-04 -5.11685908607868375E-02 7.98567856366627974E-05 9.49487147230977489E-05
1.41320177E+00 1.24184631871718937E-01 5.75017084386252584E-04 -5.14580834607623050E-02 8.00379315022403253E-05 9.54736399325855858E-05
1.42104626E+00 1.24179427204396287E-01 5.76344593936946184E-04 -5.17430053288930533E-02 8.02198214283833739E-05 9.60034195226629151E-05
1.42889325E+00 1.24174206929384995E-01 5.77682676139605611E-04 -5.20232667000321489E-02 8.04024578606814369E-05 9.65380870706258318E-05
1.43674269E+00 1.24168970951738677E-01 5.79031374751833006E-04 -5.22987784004373402E-02 8.05858431938740724E-05 9.70776763158531395E-05
1.44459455E+00 1.24163719176323864E-01 5.80390733448640545E-04 -5.25694518897479313E-02 8.07699797718018560E-05 9.76222211655434341E-05
1.45244879E+00 1.24158451507805800E-01 5.81760795818039357E-04 -5.28351992945002846E-02 8.09548698875322436E-05 9.81717557008458867E-05
1.46030536E+00 1.24153167850642981E-01 5.83141605356893322E-04 -5.30959334558896504E-02 8.11405157833989816E-05 9.87263141833538563E-05
1.46816423E+00 1.24147868109114809E-01 5.84533205466618256E-04 -5.33515679671906912E-02 8.13269196513108339E-05 9.92859310620988744E-05
1.47602535E+00 1.24142552187256949E-01 5.85935639448955260E-04 -5.36020314362923717E-02 8.15140836331330448E-05 9.98506409810642206E-05
1.48388869E+00 1.24137219988895847E-01 5.87348950501961333E-04 -5.38471941441728275E-02 8.17020098211807997E-05 1.00420478787556061E-04
1.49175421E+00 1.24131871417656345E-01 5.88773181715765382E-04 -5.40870229333334507E-02 8.18907002593986615E-05 1.00995479541076422E-04
1.49962185E+00 1.24126506376903048E-01 5.90208376068774481E-04 -5.43214113436706197E-02 8.20801569443767521E-05 1.01575678523516930E-04
1.50749159E+00 1.24121124769764266E-01 5.91654576423563555E-04 -5.45502806906673632E-02 8.22703818271829188E-05 1.02161111250110239E-04
1.51536337E+00 1.24115726499156129E-01 5.93111825523320066E-04 -5.47735500966140682E-02 8.24613768153771142E-05 1.02751813481666339E-04
1.52323713E+00 1.24110311482041033E-01 5.94580162089520994E-04 -5.49911389929246749E-02 8.26531432672412064E-05 1.03347819654446202E-04
1.53111280E+00 1.24104879648334457E-01 5.96059621045173967E-04 -5.52029674669113762E-02 8.28456820327725817E-05 1.03949162975437145E-04
1.53899032E+00 1.24099430900811422E-01 5.97550244415406937E-04 -5.54089579059737700E-02 8.30389948760058778E-05 1.04555879867833788E-04
1.54686966E+00 1.24093965141976237E-01 5.99052074098356990E-04 -5.56090338540966428E-02 8.32330835284242701E-05 1.05168007058419136E-04
1.55475076E+00 1.24088482273962492E-01 6.00565151862315861E-04 -5.58031200547497649E-02 8.34279496901858797E-05 1.05785581591328798E-04
1.56263359E+00 1.24082982198613884E-01 6.02089519342629545E-04 -5.59911425013107783E-02 8.36235950299269918E-05 1.06408640839908078E-04
1.57051810E+00 1.24077464817438712E-01 6.03625218038866362E-04 -5.61730284779784136E-02 8.38200211826711843E-05 1.07037222515990427E-04
1.57840425E+00 1.24071930031563693E-01 6.05172289312500130E-04 -5.63487065935956155E-02 8.40172297455837555E-05 1.07671364675862214E-04
1.58629198E+00 1.24066377741770525E-01 6.06730774383765757E-04 -5.65181068245587392E-02 8.42152222717352166E-05 1.08311105722996357E-04
1.59418126E+00 1.24060807848494312E-01 6.08300714329562718E-04 -5.66811605494090820E-02 8.44140002625328562E-05 1.08956484408542729E-04
1.60207204E+00 1.24055220251757609E-01 6.09882150080820452E-04 -5.68378005862188104E-02 8.46135651601669542E-05 1.09607539831369828E-04
1.60996428E+00 1.24049614851193771E-01 6.11475122420139668E-04 -5.69879612283052742E-02 8.48139183420735854E-05 1.10264311440764901E-04
1.61785792E+00 1.24043991546063451E-01 6.13079671979941407E-04 -5.71315782815521034E-02 8.50150611194888764E-05 1.10926839045464876E-04
1.62575294E+00 1.24038350235164477E-01 6.14695839240256238E-04 -5.72685890964956396E-02 8.52169947424939614E-05 1.11595162832891178E-04
1.63364927E+00 1.24032690816910957E-01 6.16323664526893474E-04 -5.73989326041327713E-02 8.54197204128952356E-05 1.12269323401506684E-04
1.64154688E+00 1.24027013189265789E-01 6.17963188009572665E-04 -5.75225493483355402E-02 8.56232393054313907E-05 1.12949361807547578E-04
1.64944572E+00 1.24021317249735169E-01 6.19614449700686730E-04 -5.76393815180362840E-02 8.58275525954713922E-05 1.13635319624475167E-04
1.65734574E+00 1.24015602895350116E-01 6.21277489453403854E-04 -5.77493729777325340E-02 8.60326614892942271E-05 1.14327239009228091E-04
1.66524691E+00 1.24009870022686708E-01 6.22952346960714467E-04 -5.78524692980328450E-02 8.62385672498848646E-05 1.15025162765260367E-04
1.67314917E+00 1.24004118527797400E-01 6.24639061753996523E-04 -5.79486177843339112E-02 8.64452712094581743E-05 1.15729134387867143E-04
1.68105248E+00 1.23998348306258305E-01 6.26337673202276833E-04 -5.80377675028713944E-02 8.66527747595051775E-05 1.16439198076232609E-04
1.68895679E+00 1.23992559253074661E-01 6.28048220511033778E-04 -5.81198693084316875E-02 8.68610793124712438E-05 1.17155398700776156E-04
1.69686207E+00 1.23986751262727318E-01 6.29770742721651633E-04 -5.81948758682832926E-02 8.70701862371193726E-05 1.17877781725398697E-04
1.70476827E+00 1.23980924229147291E-01 6.31505278710943517E-04 -5.82627416859178571E-02 8.72800967801177108E-05 1.18606393100689758E-04
1.71267534E+00 1.23975078045677367E-01 6.33251867190671633E-04 -5.83234231233173556E-02 8.74908119946764983E-05 1.19341279158756273E-04
1.72058324E+00 1.23969212605070281E-01 6.35010546707265810E-04 -5.83768784249558761E-02 8.77023327006321214E-05 1.20082486547777687E-04
1.72849192E+00 1.23963327799474915E-01 6.36781355642321908E-04 -5.84230677342971391E-02 8.79146594987940348E-05 1.20830062246603251E-04
1.73640135E+00 1.23957423520410226E-01 6.38564332212425314E-04 -5.84619531117464980E-02 8.81277928574863214E-05 1.21584053697562869E-04
1.74431147E+00 1.23951499658793859E-01 6.40359514469635688E-04 -5.84934985303355373E-02 8.83417332756227848E-05 1.22344509077745026E-04
1.75222225E+00 1.23945556104834181E-01 6.42166940302350310E-04 -5.85176698139177054E-02 8.85564814956461398E-05 1.23111477676126593E-04
1.76013365E+00 1.23939592748156122E-01 6.43986647435437981E-04 -5.85344342967537429E-02 8.87720386943403037E-05 1.23885010260464960E-04
1.76804562E+00 1.23933609477600529E-01 6.45818673431484773E-04 -5.85437583805480527E-02 8.89884065412068902E-05 1.24665159238782682E-04
1.77595811E+00 1.23927606181315361E-01 6.47663055691331032E-04 -5.85455382505390629E-02 8.92055870232129138E-05 1.25451978421288056E-04
1.78387110E+00 1.23921582746715511E-01 6.49519831455246761E-04 -5.85402096741372210E-02 8.94235820564271051E-05 1.26245522401423614E-04
1.79178453E+00 1.23915539060425683E-01 6.51389037804417630E-04 -5.85268041086061397E-02 8.96423931148249061E-05 1.27045845950154166E-04
1.79969837E+00 1.23909475008269168E-01 6.53270711662724151E-04 -5.85062077645585946E-02 8.98620211264038502E-05 1.27853003886766896E-04
1.80761257E+00 1.23903390475297984E-01 6.55164889799077807E-04 -5.84779805181422294E-02 9.00824664689814115E-05 1.28667051082151428E-04
1.81552710E+00 1.23897285345702393E-01 6.57071608829795564E-04 -5.84421826240384482E-02 9.03037286634424292E-05 1.29488041837902152E-04
1.82344191E+00 1.23891159502881529E-01 6.58990905221486126E-04 -5.83987964844280283E-02 9.05258062044909207E-05 1.30316029416518352E-04
1.83135698E+00 1.23885012829398219E-01 6.60922815294739800E-04 -5.83478086844603783E-02 9.07486974205386844E-05 1.31151067436765514E-04
1.83927225E+00 1.23878845206955468E-01 6.62867375227429458E-04 -5.82892077816741655E-02 9.09724018376856128E-05 1.31993212335194927E-04
1.84718769E+00 1.23872656516383142E-01 6.64824621057755953E-04 -5.82229844342044278E-02 9.11969211122644916E-05 1.32842525292106240E-04
1.85510327E+00 1.23866446637590832E-01 6.66794588686866248E-04 -5.81491313824450892E-02 9.14222600998931817E-05 1.33699074799572144E-04
1.86301894E+00 1.23860215449495603E-01 6.68777313880537295E-04 -5.80676434473152703E-02 9.16484296106783179E-05 1.34562942963950999E-04
1.87093468E+00 1.23853962829834380E-01 6.70772832269396447E-04 -5.79785175258971525E-02 9.18754392397553367E-05 1.35434211522084412E-04
1.87885044E+00 1.23847688655138150E-01 6.72781179351271473E-04 -5.78817525845245068E-02 9.21032849094359643E-05 1.36312936750803993E-04
1.88676619E+00 1.23841392801000941E-01 6.74802390502243343E-04 -5.77773496941563630E-02 9.23319582582075870E-05 1.37199168684204177E-04
1.89468190E+00 1.23835075141954354E-01 6.76836500985609005E-04 -5.76653120281607270E-02 9.25614506327160895E-05 1.38092957124566024E-04
1.90259753E+00 1.23828735551701721E-01 6.78883545959084499E-04 -5.75456447822816838E-02 9.27917571324214283E-05 1.38994358752768328E-04
1.91051306E+00 1.23822373902899879E-01 6.80943560479821560E-04 -5.74183551820231924E-02 9.30228808281228202E-05 1.39903445550463364E-04
1.91842844E+00 1.23815990067095524E-01 6.83016579506444182E-04 -5.72834525002691233E-02 9.32548450907296530E-05 1.40820329321881882E-04
1.92634364E+00 1.23809583914359769E-01 6.85102637892472826E-04 -5.71409480405319498E-02 9.34876573260646674E-05 1.41745093442412993E-04
1.93425865E+00 1.23803155313403315E-01 6.87201770395504141E-04 -5.69908551937766544E-02 9.37212995475548847E-05 1.42677774999929157E-04
1.94217342E+00 1.23796704131841517E-01 6.89314011698619186E-04 -5.68331892358384244E-02 9.39557631554534001E-05 1.43618432350336094E-04
1.95008793E+00 1.23790230236252782E-01 6.91439396417167394E-04 -5.66679675707269584E-02 9.41910473597840428E-05 1.44567139691104536E-04
1.95800214E+00 1.23783733492027523E-01 6.93577959101749101E-04 -5.64952094770827459E-02 9.44271955593666966E-05 1.45524050339418517E-04
1.96591604E+00 1.23777213762615967E-01 6.95729734221522955E-04 -5.63149362867305797E-02 9.46641843854707186E-05 1.46489202870760013E-04
1.97382959E+00 1.23770670910281891E-01 6.97894756196267290E-04 -5.61271710285185035E-02 9.49019934648990827E-05 1.47462640044015324E-04
1.98174278E+00 1.23764104796245028E-01 7.00073059413892592E-04 -5.59319388034079309E-02 9.51406277309595661E-05 1.48444448115045847E-04
1.98965556E+00 1.23757515280356736E-01 7.02264678229607645E-04 -5.57293061003729731E-02 9.53801054063482123E-05 1.49434736482066839E-04
1.99756793E+00 1.23750902220818748E-01 7.04469646964652634E-04 -5.55191738680599622E-02 9.56204371948934429E-05 1.50433605933484650E-04
2.00547986E+00 1.23744265474114948E-01 7.06687999913871759E-04 -5.53017216570690154E-02 9.58616111400433527E-05 1.51441124301478685E-04
2.01339133E+00 1.23737604895343301E-01 7.08919771365137366E-04 -5.50769108444738725E-02 9.61036151397770045E-05 1.52457360729155145E-04
2.02130231E+00 1.23730920338191427E-01 7.11164995613125820E-04 -5.48447864031036958E-02 9.63464479824739000E-05 1.53482402786717044E-04
2.02921278E+00 1.23724211654932054E-01 7.13423706966584263E-04 -5.46053847246547180E-02 9.65901216315522102E-05 1.54516360766744599E-04
2.03712273E+00 1.23717478696036082E-01 7.15695939750739382E-04 -5.43587436935837748E-02 9.68346471376867960E-05 1.55559343871268529E-04
2.04503214E+00 1.23710721310143643E-01 7.17981728314951557E-04 -5.41049029104483936E-02 9.70800255058565809E-05 1.56611441835578807E-04
2.05294100E+00 1.23703939344119371E-01 7.20281107050315468E-04 -5.38439036234613436E-02 9.73262986952085643E-05 1.57672809545107955E-04
2.06084927E+00 1.23697132642507354E-01 7.22594110381622693E-04 -5.35757888396740586E-02 9.75734514514892652E-05 1.58743517416119208E-04
2.06875696E+00 1.23690301048074408E-01 7.24920772798743718E-04 -5.33006030102940037E-02 9.78214366636709581E-05 1.59823588479412191E-04
2.07666405E+00 1.23683444402512235E-01 7.27261128893922758E-04 -5.30183922930254417E-02 9.80702364031901022E-05 1.60913093043736692E-04
2.08457052E+00 1.23676562546204322E-01 7.29615213369846829E-04 -5.27292046133848655E-02 9.83198470303175948E-05 1.62012126092676265E-04
2.09247637E+00 1.23669655317891009E-01 7.31983061043342325E-04 -5.24330891615042149E-02 9.85702715310371024E-05 1.63120796245752353E-04
2.10038158E+00 1.23662722554470680E-01 7.34364706851496651E-04 -5.21300967021073522E-02 9.88215252316636169E-05 1.64239234288218408E-04
2.10828615E+00 1.23655764090684100E-01 7.36760185855293978E-04 -5.18202794641592634E-02 9.90737345225993921E-05 1.65367743085909080E-04
2.11619006E+00 1.23648779757270399E-01 7.39169533187742679E-04 -5.15036910977795456E-02 9.93268632436232485E-05 1.66506377387725882E-04
2.12409332E+00 1.23641769382780251E-01 7.41592784129085241E-04 -5.11803869021737745E-02 9.95808422975931695E-05 1.67655141164275398E-04
2.13199590E+00 1.23634732794756730E-01 7.44029974164655628E-04 -5.08504230372853472E-02 9.98356506903758572E-05 1.68814113376287728E-04
2.13989782E+00 1.23627669819280292E-01 7.46481138992262806E-04 -5.05138574376458593E-02 1.00091276062198696E-04 1.69983388326779250E-04
2.14779907E+00 1.23620580280737455E-01 7.48946314530078857E-04 -5.01707491505145181E-02 1.00347706507036339E-04 1.71163063751540343E-04
2.15569964E+00 1.23613464001709944E-01 7.51425536930174268E-04 -4.98211585213549288E-02 1.00605043358455582E-04 1.72353410198226739E-04
2.16359954E+00 1.23606320800999009E-01 7.53918842529687741E-04 -4.94651471349523281E-02 1.00863374393734846E-04 1.73554680995747503E-04
2.17149876E+00 1.23599150493262158E-01 7.56426267844185129E-04 -4.91027778129139517E-02 1.01122578079695507E-04 1.74766815960471716E-04
2.17939731E+00 1.23591952892098109E-01 7.58947849696006314E-04 -4.87341141084688123E-02 1.01382622201583563E-04 1.75989890186752448E-04
2.18729520E+00 1.23584727809746178E-01 7.61483625225255548E-04 -4.83592214407619070E-02 1.01643485442192143E-04 1.77223996991605302E-04
2.19519242E+00 1.23577475056716499E-01 7.64033631900231042E-04 -4.79781657225818031E-02 1.01905154306486623E-04 1.78469243894118851E-04
2.20308898E+00 1.23570194441539286E-01 7.66597907529315632E-04 -4.75910141369775205E-02 1.02167776850860563E-04 1.79725978029328495E-04
2.21098489E+00 1.23562885768023226E-01 7.69176490183053649E-04 -4.71978352319029210E-02 1.02431387133668258E-04 1.80994380901116145E-04
2.21888017E+00 1.23555548835988016E-01 7.71769418234760900E-04 -4.67986974171503284E-02 1.02695876510565821E-04 1.82274428143400680E-04
2.22677481E+00 1.23548183444136109E-01 7.74376730473984917E-04 -4.63936706551791103E-02 1.02961206758259784E-04 1.83566201281521287E-04
2.23466880E+00 1.23540789410315766E-01 7.76998458766755694E-04 -4.59828277027601595E-02 1.03227360715386671E-04 1.84869811662438047E-04
2.24256206E+00 1.23533366639369258E-01 7.79634603734240955E-04 -4.55662461742381425E-02 1.03494391432582808E-04 1.86185462361986189E-04
2.25045457E+00 1.23525914928446570E-01 7.82285203282389696E-04 -4.51439992410561444E-02 1.03762390706988776E-04 1.87513426434097688E-04
2.25834637E+00 1.23518434070221103E-01 7.84950295670126265E-04 -4.47161610208518384E-02 1.04031325321513090E-04 1.88853798335536163E-04
2.26623745E+00 1.23510923854549329E-01 7.87629919586394097E-04 -4.42828062885373477E-02 1.04301146297925952E-04 1.90206654453214659E-04
2.27412783E+00 1.23503384069409250E-01 7.90324114205785688E-04 -4.38440102263186332E-02 1.04571829809069628E-04 1.91572111823354085E-04
2.28201753E+00 1.23495814500645687E-01 7.93032919208573996E-04 -4.33998489626211265E-02 1.04843402575727717E-04 1.92950360655077174E-04
2.28990657E+00 1.23488214931017165E-01 7.95756374772905637E-04 -4.29503992489723013E-02 1.05115899612194850E-04 1.94341604702352294E-04
2.29779496E+00 1.23480585139622984E-01 7.98494521577537307E-04 -4.24957385856127440E-02 1.05389313315078096E-04 1.95745990044317921E-04
2.30568273E+00 1.23472924902516476E-01 8.01247400842865459E-04 -4.20359449694199735E-02 1.05663631255197794E-04 1.97163656773713657E-04
2.31356989E+00 1.23465233992930412E-01 8.04015054365280228E-04 -4.15710967386687807E-02 1.05938873785004300E-04 1.98594785960487871E-04
2.32145647E+00 1.23457512180787626E-01 8.06797524527348795E-04 -4.11012728807521599E-02 1.06215042660160762E-04 2.00039541596429136E-04
2.32934249E+00 1.23449759232747244E-01 8.09594854327018811E-04 -4.06265530203902825E-02 1.06492135390918823E-04 2.01498089735570741E-04
2.33722797E+00 1.23441974912333802E-01 8.12407087403822152E-04 -4.01470169902564122E-02 1.06770149926165459E-04 2.02970599886288311E-04
2.34511295E+00 1.23434158979878666E-01 8.15234268062736797E-04 -3.96627450828661923E-02 1.07049085606000354E-04 2.04457237300740511E-04
2.35299745E+00 1.23426311192475033E-01 8.18076441301917906E-04 -3.91738180284621484E-02 1.07328926561452441E-04 2.05958159059440921E-04
2.36088151E+00 1.23418431304223947E-01 8.20933652846924343E-04 -3.86803169004440381E-02 1.07609693249228428E-04 2.07473567719250012E-04
2.36876515E+00 1.23410519065572502E-01 8.23805949157891326E-04 -3.81823231639421556E-02 1.07891415742230072E-04 2.09003683961797685E-04
2.37664840E+00 1.23402574222889694E-01 8.26693377439135266E-04 -3.76799185190545977E-02 1.08174080196481236E-04 2.10548667568283629E-04
2.38453131E+00 1.23394596519162000E-01 8.29595985690051094E-04 -3.71731848950432944E-02 1.08457639971990517E-04 2.12108641539702244E-04
2.39241390E+00 1.23386585694759382E-01 8.32513822764286066E-04 -3.66622043939055023E-02 1.08742149119518230E-04 2.13683870761199223E-04
2.40029621E+00 1.23378541485734988E-01 8.35446938340236780E-04 -3.61470593773015048E-02 1.09027686771378290E-04 2.15274663571490642E-04
2.40817807E+00 1.23370463844520370E-01 8.38395301837203044E-04 -3.56278468057943942E-02 1.09314141706745368E-04 2.16881014246619386E-04
2.41605951E+00 1.23362352512092155E-01 8.41358959820371027E-04 -3.51046504388211819E-02 1.09601436354148950E-04 2.18503017792609852E-04
2.42394055E+00 1.23354207222311732E-01 8.44337961888782509E-04 -3.45775534172703541E-02 1.09889876002207436E-04 2.20141274269664358E-04
2.43182125E+00 1.23346027699821378E-01 8.47332358393092884E-04 -3.40466397184102793E-02 1.10179355421261327E-04 2.21795857426343982E-04
2.43970165E+00 1.23337813665594459E-01 8.50342200642158945E-04 -3.35119925824040391E-02 1.10469773215420987E-04 2.23466806540495054E-04
2.44758177E+00 1.23329564839168002E-01 8.53367541021643342E-04 -3.29736955047777586E-02 1.10761130767616237E-04 2.25154347207494939E-04
2.45546168E+00 1.23321280936786612E-01 8.56408432969294007E-04 -3.24318323558198188E-02 1.11053481274825340E-04 2.26858750627178309E-04
2.46334140E+00 1.23312961669947554E-01 8.59464930955963356E-04 -3.18864867461637266E-02 1.11346812149756477E-04 2.28580214517102199E-04
2.47122099E+00 1.23304606746074574E-01 8.62537090539138495E-04 -3.13377423331200750E-02 1.11641107635821531E-04 2.30318932723417598E-04
2.47910050E+00 1.23296215868901923E-01 8.65624968409340625E-04 -3.07856825241317918E-02 1.11936369976828640E-04 2.32075125517121453E-04
2.48697997E+00 1.23287788738201731E-01 8.68728622415372857E-04 -3.02303907670960319E-02 1.12232600781793691E-04 2.33849021100212835E-04
2.49485945E+00 1.23279325049508143E-01 8.71848111591697408E-04 -2.96719504546605929E-02 1.12529796774679566E-04 2.35640845509989700E-04
2.50273900E+00 1.23270824494277759E-01 8.74983496193983980E-04 -2.91104448264666617E-02 1.12827961285178122E-04 2.37450832508991755E-04
2.51061867E+00 1.23262286759669215E-01 8.78134837729769050E-04 -2.85459569918784101E-02 1.13127101576218834E-04 2.39279226231360560E-04
2.51849851E+00 1.23253711528381729E-01 8.81302198988054156E-04 -2.79785699125658267E-02 1.13427215283069132E-04 2.41126272191516107E-04
2.52637846E+00 1.23245098612778811E-01 8.84485594460007328E-04 -2.74083752581809996E-02 1.13728325857091140E-04 2.42992214636186029E-04
2.53425841E+00 1.23236447863128873E-01 8.87685023964323184E-04 -2.68354673862732131E-02 1.14030458377521735E-04 2.44877302343733444E-04
2.54213842E+00 1.23227758955256311E-01 8.90900551137591753E-04 -2.62599293107005499E-02 1.14333561885894655E-04 2.46781725198754083E-04
2.55001855E+00 1.23219031561332307E-01 8.94132241053282001E-04 -2.56818436598813780E-02 1.14637954438896806E-04 2.48706152852264226E-04
2.55789885E+00 1.23210265341792136E-01 8.97380159977868548E-04 -2.51012926811750685E-02 1.14943494210223622E-04 2.50650638829216300E-04
2.56577938E+00 1.23201459953422632E-01 9.00644375686484016E-04 -2.45183599370071593E-02 1.15250071501931230E-04 2.52615306917668722E-04
2.57366020E+00 1.23192615051011339E-01 9.03924957574714035E-04 -2.39331260359696985E-02 1.15557738789863438E-04 2.54600463737259268E-04
2.58154138E+00 1.23183730284574994E-01 9.07221976605088729E-04 -2.33456728049889033E-02 1.15866437601927884E-04 2.56606324244956015E-04
2.58942298E+00 1.23174805300455811E-01 9.10535505379863794E-04 -2.27560817359686689E-02 1.16176142720710393E-04 2.58633126935838009E-04
2.59730505E+00 1.23165839741193217E-01 9.13865618183333115E-04 -2.21644336527139878E-02 1.16486851465619050E-04 2.60681144348256621E-04
2.60518768E+00 1.23156833244994934E-01 9.17212391003166083E-04 -2.15708092015237836E-02 1.16798513738887086E-04 2.62750637984063274E-04
2.61307091E+00 1.23147785446067387E-01 9.20575901580483746E-04 -2.09752887251685172E-02 1.17111136262121633E-04 2.64841904126453319E-04
2.62095483E+00 1.23138695974027851E-01 9.23956229433570858E-04 -2.03779522068395606E-02 1.17424750718833742E-04 2.66955265860862765E-04
2.62883941E+00 1.23129564570131217E-01 9.27353412328552279E-04 -1.97788869793459818E-02 1.17739302138528557E-04 2.69091005068097420E-04
2.63672447E+00 1.23120391118181016E-01 9.30767434955904289E-04 -1.91781895897839907E-02 1.18054801164111850E-04 2.71249422025836252E-04
2.64461011E+00 1.23111175240715340E-01 9.34198378997895475E-04 -1.85759393526690152E-02 1.18371346095448845E-04 2.73430949796963588E-04
2.65249637E+00 1.23101916553020316E-01 9.37646327965756970E-04 -1.79722152645442612E-02 1.18689055575137674E-04 2.75636112443837771E-04
2.66038335E+00 1.23092614661108338E-01 9.41111367153895620E-04 -1.73670959723568920E-02 1.19008156149833199E-04 2.77865641735286950E-04
2.66827110E+00 1.23083269157215264E-01 9.44593583494780136E-04 -1.67606599461600642E-02 1.19328813406754732E-04 2.80120094490961355E-04
2.67615971E+00 1.23073879620862511E-01 9.48093065645481351E-04 -1.61529854096298699E-02 1.19650864393095087E-04 2.82399522094858792E-04
2.68404925E+00 1.23064445628508837E-01 9.51609904424394063E-04 -1.55441493189086427E-02 1.19974203248395057E-04 2.84704126917462695E-04
2.69193979E+00 1.23054966754251871E-01 9.55144192902472209E-04 -1.49342278737543549E-02 1.20298714080805384E-04 2.87034120139471156E-04
2.69983141E+00 1.23045442569976654E-01 9.58696026473679136E-04 -1.43232976324757684E-02 1.20624356753396589E-04 2.89389746106494001E-04
2.70772420E+00 1.23035872644481903E-01 9.62265502899498320E-04 -1.37114345333453191E-02 1.20951153666526607E-04 2.91771287659384291E-04
2.71561822E+00 1.23026256542381432E-01 9.65852722336316746E-04 -1.30987140597879984E-02 1.21278992731816104E-04 2.94179017877503179E-04
2.72351337E+00 1.23016594067410903E-01 9.69457696756810083E-04 -1.24852267275806228E-02 1.21607801912812266E-04 2.96613176360474877E-04
2.73140955E+00 1.23006884982394094E-01 9.73080454390469669E-04 -1.18710600126664262E-02 1.21937589831534656E-04 2.99074050110725604E-04
2.73930686E+00 1.22997128848628082E-01 9.76721099446947912E-04 -1.12562883339178185E-02 1.22268379668537334E-04 3.01562012589366355E-04
2.74720537E+00 1.22987325221681168E-01 9.80379738671498290E-04 -1.06409857278314379E-02 1.22600174321244585E-04 3.04077492393712591E-04
2.75510516E+00 1.22977473650447672E-01 9.84056481346830747E-04 -1.00252258307791456E-02 1.22933082688210591E-04 3.06621068855584351E-04
2.76300632E+00 1.22967573673790201E-01 9.87751439212309788E-04 -9.40908197079437687E-03 1.23267498806922888E-04 3.09193763241906883E-04
2.77090893E+00 1.22957624810900182E-01 9.91464726099949758E-04 -8.79262737542037265E-03 1.23603568000163792E-04 3.11796198869665074E-04
2.77881309E+00 1.22947626565513821E-01 9.95196458146730681E-04 -8.17593472661884944E-03 1.23941063676388569E-04 3.14428415964371081E-04
2.78671887E+00 1.22937578438677128E-01 9.98946754404364404E-04 -7.55907516331383051E-03 1.24279873333269181E-04 3.17090659398818766E-04
2.79462636E+00 1.22927479929322819E-01 1.00271573693907828E-03 -6.94211937028030041E-03 1.24619916813577009E-04 3.19783232360873406E-04
2.80253565E+00 1.22917330533643857E-01 1.00650353087173216E-03 -6.32513810258486346E-03 1.24961133606790031E-04 3.22506479715980174E-04
2.81044657E+00 1.22907130077590701E-01 1.01031013986033701E-03 -5.70822176446985231E-03 1.25303461290481944E-04 3.25260690234415752E-04
2.81835909E+00 1.22896878226379735E-01 1.01413562909629350E-03 -5.09145039781218767E-03 1.25646868942077048E-04 3.28046231915245983E-04
2.82627328E+00 1.22886574472280408E-01 1.01798012960769495E-03 -4.47489335957650981E-03 1.25991340530131322E-04 3.30863560928277439E-04
2.83418925E+00 1.22876218301590498E-01 1.02184377558174394E-03 -3.85861961968051283E-03 1.26336885547161429E-04 3.33713198756859896E-04
2.84210707E+00 1.22865809193270045E-01 1.02572670435624740E-03 -3.24269772905358715E-03 1.26683579954491705E-04 3.36595775240693010E-04
2.85002685E+00 1.22855346616559849E-01 1.02962905636293841E-03 -2.62719588803740937E-03 1.27031559800445335E-04 3.39512085669004427E-04
2.85794868E+00 1.22844830027182383E-01 1.03355097499769222E-03 -2.01218201232535769E-03 1.27381070273372305E-04 3.42463085914604035E-04
2.86587265E+00 1.22834258863073864E-01 1.03749260647576945E-03 -1.39772372290092447E-03 1.27732207357293123E-04 3.45449493736416828E-04
2.87379885E+00 1.22823632547218758E-01 1.04145410003139509E-03 -7.83887758721519678E-04 1.28084951688431392E-04 3.48471842606676698E-04
2.88172739E+00 1.22812950492355161E-01 1.04543560819128764E-03 -1.70740346482538605E-04 1.28439103756465030E-04 3.51530312269966250E-04
2.88965819E+00 1.22802212318955231E-01 1.04943720909596175E-03 4.41641111156563821E-04 1.28794561371340012E-04 3.54625252091932033E-04
2.89759111E+00 1.22791417791198967E-01 1.05345893008120385E-03 1.05317193994988257E-03 1.29151269129089359E-04 3.57757080038608008E-04
2.90552623E+00 1.22780566321503415E-01 1.05750093158906984E-03 1.66378757857005961E-03 1.29509197542891397E-04 3.60926320084297087E-04
2.91346366E+00 1.22769657316227646E-01 1.06156337786598499E-03 2.27342378090548752E-03 1.29868316254361536E-04 3.64133522773673192E-04
2.92140348E+00 1.22758690174491342E-01 1.06564643701373982E-03 2.88201669555632678E-03 1.30228677242578316E-04 3.67379338361638981E-04
2.92934581E+00 1.22747664286096916E-01 1.06975028099037589E-03 3.48950268054742290E-03 1.30590471767811836E-04 3.70664560049806377E-04
2.93729074E+00 1.22736579028615483E-01 1.07387508556896182E-03 4.09581806982783382E-03 1.30953734619953117E-04 3.73989966451506578E-04
2.94523837E+00 1.22725433766096584E-01 1.07802103031870390E-03 4.70090036886714174E-03 1.31318525794746181E-04 3.77356373570785929E-04
2.95318880E+00 1.22714227847985399E-01 1.08218829862086500E-03 5.30468739899303716E-03 1.31684924964104653E-04 3.80764658876915499E-04
2.96114213E+00 1.22702960607816755E-01 1.08637707765604709E-03 5.90711722869144678E-03 1.32052815731544340E-04 3.84215306646777774E-04
2.96909824E+00 1.22691631683466543E-01 1.09058744202286065E-03 6.50811231023436243E-03 1.32422017672551750E-04 3.87708461070046626E-04
2.97705703E+00 1.22680240704758040E-01 1.09481947314059454E-03 7.10759643754714163E-03 1.32792689571141926E-04 3.91244903063608766E-04
2.98501859E+00 1.22668786992168891E-01 1.09907336806017056E-03 7.70550873223600080E-03 1.33164872377168890E-04 3.94825377401059963E-04
2.99298303E+00 1.22657269855600229E-01 1.10334932817028261E-03 8.30178920582538664E-03 1.33538319860058058E-04 3.98450138346344860E-04
3.00095045E+00 1.22645688602332742E-01 1.10764755971466786E-03 8.89637953126615547E-03 1.33913009875574876E-04 4.02119936091183561E-04
3.00892095E+00 1.22634042531804086E-01 1.11196827355507406E-03 9.48922079522948776E-03 1.34288968708489955E-04 4.05835662167965106E-04
3.01689465E+00 1.22622330930756848E-01 1.11631168503958001E-03 1.00802543868637809E-02 1.34666265486387378E-04 4.09598214264444949E-04
3.02487164E+00 1.22610553070957390E-01 1.12067801409802240E-03 1.06694218917903882E-02 1.35044967922760649E-04 4.13408427078565692E-04
3.03285203E+00 1.22598708209537471E-01 1.12506748544270491E-03 1.12566652245495637E-02 1.35425100743600933E-04 4.17267040348254226E-04
3.04083593E+00 1.22586795591080447E-01 1.12948032879395081E-03 1.18419267866764818E-02 1.35806662298964674E-04 4.21174758964639796E-04
3.04882302E+00 1.22574815087763855E-01 1.13391654235174381E-03 1.24251181283479388E-02 1.36189638623032623E-04 4.25132225146998533E-04
3.05681337E+00 1.22562765963538156E-01 1.13837635055666136E-03 1.30061815716475387E-02 1.36573985485130805E-04 4.29140295371790233E-04
3.06480710E+00 1.22550647437377952E-01 1.14285999494717128E-03 1.35850614014390615E-02 1.36959574287294587E-04 4.33199450482224437E-04
3.07280432E+00 1.22538458721981020E-01 1.14736772256895264E-03 1.41617024976412337E-02 1.37346452874558840E-04 4.37310377852610582E-04
3.08080514E+00 1.22526199023517635E-01 1.15189978610336042E-03 1.47360494362244032E-02 1.37734542503611945E-04 4.41473992195383423E-04
3.08880965E+00 1.22513867537413335E-01 1.15645644356182284E-03 1.53080477395912511E-02 1.38124034769474403E-04 4.45692126151550009E-04
3.09681797E+00 1.22501463433155738E-01 1.16103795712944337E-03 1.58776419431312273E-02 1.38514999702471422E-04 4.49966037803727157E-04
3.10483021E+00 1.22488985857869090E-01 1.16564459347602177E-03 1.64447779942957749E-02 1.38907235435866430E-04 4.54295723875248060E-04
3.11284648E+00 1.22476433956313843E-01 1.17027662570003870E-03 1.70094030351399354E-02 1.39300792978857570E-04 4.58682176075876939E-04
3.12086660E+00 1.22463807306824282E-01 1.17493416881948713E-03 1.75714424194915557E-02 1.39695686029840205E-04 4.63126324612604982E-04
3.12889051E+00 1.22451105315628014E-01 1.17961740201415850E-03 1.81308313337804859E-02 1.40091888125174515E-04 4.67629182056557009E-04
3.13691832E+00 1.22438327097340843E-01 1.18432661201859930E-03 1.86875175685940129E-02 1.40489389316825729E-04 4.72191898503671319E-04
