#  time, MeanKE MeanKEDR MeanP MeanNuT MeanLesProduction
0 1.23799080025204067E-01 4.64267661059243077E-04 -1.51224789980457778E-17 3.22978622707648653E-04 2.97563278963358473E-04
5.89048623E-02 1.23733094036582961E-01 4.64184383063022572E-04 3.64408222197681745E-03 3.23625750117875711E-04 2.97828423058422965E-04
1.18430310E-01 1.23680729211282495E-01 4.64487234869057227E-04 3.59488438344913270E-03 3.25400031898952658E-04 2.99090187853665035E-04
1.78021129E-01 1.23632038248104592E-01 4.65140249962097091E-04 3.15235519600542101E-03 3.28020167649208528E-04 3.01193913604845315E-04
2.37702951E-01 1.23583465875256190E-01 4.66132689471333882E-04 2.54156157039641447E-03 3.31295776959103993E-04 3.04044525678934848E-04
2.97503989E-01 1.23533762364167674E-01 4.67463804661754647E-04 1.73574658145501568E-03 3.35061038675773246E-04 3.07575115936111008E-04
3.57452465E-01 1.23482459610640888E-01 4.69137083158433215E-04 7.40270815426895290E-04 3.39192204018845262E-04 3.11737871919786562E-04
4.17575559E-01 1.23429352898009118E-01 4.71158237884072959E-04 -4.36856849347524285E-04 3.43616059066115698E-04 3.16510548737064621E-04
4.77898868E-01 1.23374326929881581E-01 4.73534475307894236E-04 -1.78576085471043975E-03 3.48280358766179219E-04 3.21887242513969169E-04
5.38312068E-01 1.23317423003645510E-01 4.76267719629919943E-04 -3.29155422187259487E-03 3.53137196029976435E-04 3.27866614497296642E-04
5.98833693E-01 1.23258581880631837E-01 4.79364794054413991E-04 -4.93953372821859856E-03 3.58157491688974102E-04 3.34467621810587308E-04
6.59491981E-01 1.23197738366828069E-01 4.82833956339559901E-04 -6.71390151738438315E-03 3.63321254600294243E-04 3.41715827707601545E-04
7.20313296E-01 1.23134828896356269E-01 4.86684354490049380E-04 -8.59729595482236833E-03 3.68616003862797068E-04 3.49640673812276232E-04
7.81321867E-01 1.23069790871713255E-01 4.90925885493309231E-04 -1.05706883585296139E-02 3.74035473071967063E-04 3.58275037746106446E-04
8.42539567E-01 1.23002562717635447E-01 4.95569040667624932E-04 -1.26133448133057754E-02 3.79578337698550483E-04 3.67654951402480589E-04
9.03985722E-01 1.22933084188659128E-01 5.00624736662786296E-04 -1.47028189717464310E-02 3.85247257231533294E-04 3.77819191343208797E-04
9.65676968E-01 1.22861296758902894E-01 5.06104132962692348E-04 -1.68149829592462614E-02 3.91048280447505510E-04 3.88808794665399166E-04
1.02762715E+00 1.22787144013434435E-01 5.12018437998458509E-04 -1.89241046004277463E-02 3.96990501376045233E-04 4.00666573688591683E-04
1.08984728E+00 1.22710571983571715E-01 5.18378707128199314E-04 -2.10029780217504229E-02 4.03085645465941459E-04 4.13436666672670346E-04
1.15234554E+00 1.22631529372594208E-01 5.25195636896223805E-04 -2.30231130363537893E-02 4.09347041219800694E-04 4.27164140401315470E-04
1.21512737E+00 1.22549967620888781E-01 5.32479361130988918E-04 -2.49549865082712742E-02 4.15787642392803918E-04 4.41894628336059040E-04
1.27819554E+00 1.22465840767577022E-01 5.40239255499857466E-04 -2.67683562238342672E-02 4.22417853897594415E-04 4.57673921968692330E-04
1.34155043E+00 1.22379105077411093E-01 5.48483757988691887E-04 -2.84326346680720474E-02 4.29244724613012563E-04 4.74547370081084723E-04
1.40519021E+00 1.22289718409648612E-01 5.57220213308454323E-04 -2.99173163787282842E-02 4.36272762837761465E-04 4.92558981974883063E-04
1.46911113E+00 1.22197639315693038E-01 5.66454749489768948E-04 -3.11924486949329768E-02 4.43504832047057936E-04 5.11750349179507734E-04
1.53330793E+00 1.22102825874961948E-01 5.76192194945630062E-04 -3.22291326369658418E-02 4.50942139944631262E-04 5.32159828360736597E-04
1.59777421E+00 1.22005234293087503E-01 5.86436043718047812E-04 -3.30000382238522447E-02 4.58583864620319118E-04 5.53822683684274922E-04
1.66250281E+00 1.21904817265514845E-01 5.97188475003959033E-04 -3.34799160600667209E-02 4.66427418096512488E-04 5.76772983002415062E-04
1.72748638E+00 1.21801522047116070E-01 6.08450430180289574E-04 -3.36460781417169119E-02 4.74470273649666460E-04 6.01048238082527728E-04
1.79271774E+00 1.21695288045449462E-01 6.20221746086099487E-04 -3.34789948917414426E-02 4.82714711182839372E-04 6.26698586622196100E-04
1.85819048E+00 1.21586043484602183E-01 6.32501335839862695E-04 -3.29620636820946930E-02 4.91176490276009421E-04 6.53802018655379310E-04
1.92389936E+00 1.21473700270083820E-01 6.45287396964653020E-04 -3.20831780953642343E-02 4.99888115627288758E-04 6.82472942436892788E-04
1.98984085E+00 1.21358147020162108E-01 6.58577631857148885E-04 -3.08334723705336634E-02 5.08875027074504743E-04 7.12832289021400611E-04
2.05601354E+00 1.21239244009491653E-01 6.72369525042619217E-04 -2.92084671835350640E-02 5.18131567414127636E-04 7.44973570053533685E-04
2.12241855E+00 1.21116822610011096E-01 6.86660724251960449E-04 -2.72077366739273685E-02 5.27633181777223815E-04 7.78979806959335789E-04
2.18905991E+00 1.20990685335587697E-01 7.01449474938548381E-04 -2.48349572000210531E-02 5.37349903686891494E-04 8.14944824405209310E-04
2.25594488E+00 1.20860604356849741E-01 7.16735069072964390E-04 -2.20977776063664214E-02 5.47254797535993141E-04 8.52982999594339660E-04
2.32308419E+00 1.20726318328251397E-01 7.32518296484879977E-04 -1.90076106103427150E-02 5.57325523562370766E-04 8.93232609487302847E-04
2.39049228E+00 1.20587528126366000E-01 7.48801901219081785E-04 -1.55793605115304833E-02 5.67544039596837215E-04 9.35857786924485326E-04
2.45818740E+00 1.20443891891972091E-01 7.65591045116049930E-04 -1.18311013794807959E-02 5.77903274315506020E-04 9.81057387800719945E-04
2.52619170E+00 1.20295018172306367E-01 7.82893750959458572E-04 -7.78371114523079746E-03 5.88410935602936419E-04 1.02907417189948341E-03
2.59453131E+00 1.20140456395667533E-01 8.00721300689113805E-04 -3.46046701964067499E-03 5.99084163386774541E-04 1.08019288859190796E-03
2.66323625E+00 1.19979685937199015E-01 8.19088614466011861E-04 1.11338627651260671E-03 6.09939814227924222E-04 1.13472304351374190E-03
2.73234041E+00 1.19812106893709136E-01 8.38014707438721742E-04 5.91106723923158495E-03 6.20980803866408478E-04 1.19298235982985513E-03
2.80187282E+00 1.19637056782501999E-01 8.57520885233614564E-04 1.09040530857019580E-02 6.32178551479124795E-04 1.25529236184912106E-03
2.87174447E+00 1.19454115478871206E-01 8.77598470598873613E-04 1.60541851634273640E-02 6.43465041082437114E-04 1.32188741746660197E-03
2.94198911E+00 1.19262501073625071E-01 8.98276967705374427E-04 2.13307131708340147E-02 6.54803961126362768E-04 1.39315389005176759E-03
3.01264459E+00 1.19061346331486614E-01 9.19592764969157355E-04 2.67032723710195173E-02 6.66221727510166737E-04 1.46955577994191833E-03
3.08375277E+00 1.18849691905169058E-01 9.41589941032225071E-04 3.21421678288292129E-02 6.77784781805094907E-04 1.55163620931733030E-03
3.15535939E+00 1.18626475092407563E-01 9.64320824030121329E-04 3.76187510152446100E-02 6.89393410938793903E-04 1.63996630715854521E-03
3.22751387E+00 1.18390529413600246E-01 9.87846492552684526E-04 4.31059809303456637E-02 7.00972058690666269E-04 1.73519552537261318E-03
3.30026917E+00 1.18140587056850141E-01 1.01223715070703087E-03 4.85782046595589004E-02 7.12478369849412060E-04 1.83805664174109800E-03
3.37366492E+00 1.17875335316558166E-01 1.03756596733210727E-03 5.40101197369350708E-02 7.23921896082097721E-04 1.94932929546848461E-03
3.44766846E+00 1.17593641647110669E-01 1.06388571602545018E-03 5.93734498689802437E-02 7.35337160305466462E-04 2.06968819186690743E-03
3.52233853E+00 1.17293996020315386E-01 1.09128368260158763E-03 6.46468471833431257E-02 7.46814356270312021E-04 2.19992910353945283E-03
3.59763775E+00 1.16975207623715868E-01 1.11981086909198799E-03 6.98066284554332978E-02 7.58474440201021768E-04 2.34064275604404333E-03
3.67352154E+00 1.16636108231302230E-01 1.14950619595206339E-03 7.48316711514349087E-02 7.70396022545019469E-04 2.49227589532986056E-03
3.75004930E+00 1.16275032619386223E-01 1.18043454441071611E-03 7.97111152873943157E-02 7.82570859868352204E-04 2.65525516830081689E-03
3.82728131E+00 1.15890286789120805E-01 1.21264464380453000E-03 8.44364722741928336E-02 7.95142467144527580E-04 2.82998574425331667E-03
3.90527884E+00 1.15480268639174100E-01 1.24616659785675753E-03 8.90005699540404732E-02 8.07811338272569428E-04 3.01634941241024765E-03
3.98389981E+00 1.15044734636738130E-01 1.28091726363330086E-03 9.33872730427837694E-02 8.20505214893391946E-04 3.21396384966151629E-03
4.06318300E+00 1.14582800482292330E-01 1.31685926820912405E-03 9.75935668831682396E-02 8.33391714339817716E-04 3.42317463438981257E-03
4.14133511E+00 1.14105317598003492E-01 1.35307098103443603E-03 1.01522185400278256E-01 8.46302908168560701E-04 3.63895277968882781E-03
4.21835740E+00 1.13613564555806693E-01 1.38939188666587095E-03 1.05187573947931490E-01 8.59265855310179893E-04 3.85963838079780071E-03
4.29452623E+00 1.13106933751755151E-01 1.42577443498831521E-03 1.08613552915812275E-01 8.72621208356809961E-04 4.08496153575904717E-03
4.37001028E+00 1.12585198986670604E-01 1.46210943932736795E-03 1.11814112124680579E-01 8.86622613365351995E-04 4.31405258994518957E-03
4.44452050E+00 1.12051254013550108E-01 1.49806540176688672E-03 1.14782608499806510E-01 9.01067697816841390E-04 4.54283793027348420E-03
4.51826908E+00 1.11504469145651361E-01 1.53356616995212083E-03 1.17534775903726629E-01 9.15826152749363298E-04 4.76940775084941197E-03
4.59119468E+00 1.10946029923680411E-01 1.56842606632953186E-03 1.20072387761727725E-01 9.30700637447577921E-04 4.99226993617187323E-03
4.66229306E+00 1.10384587972567144E-01 1.60204236254887300E-03 1.22366162355797378E-01 9.45284141814287863E-04 5.20738386458242161E-03
4.73191558E+00 1.09818338940084387E-01 1.63449256687286395E-03 1.24441029033404260E-01 9.59519947159449436E-04 5.41493249199219949E-03
4.80037027E+00 1.09245380616436502E-01 1.66585749179276707E-03 1.26315491576567684E-01 9.73478395059733360E-04 5.61523066014833500E-03
4.86793143E+00 1.08663774611914982E-01 1.69622395958852774E-03 1.28004414345084944E-01 9.87158137093468438E-04 5.80861620553425710E-03
4.93484646E+00 1.08071578752904712E-01 1.72568303558119488E-03 1.29520739519345091E-01 1.00042808240181956E-03 5.99539378786212874E-03
5.00134118E+00 1.07466870470788914E-01 1.75432600759124193E-03 1.30876532057278422E-01 1.01327122333094211E-03 6.17622609143022097E-03
5.06762389E+00 1.06847729559033586E-01 1.78223807563150996E-03 1.32083584804724707E-01 1.02581776370106771E-03 6.35227782511595205E-03
5.13388854E+00 1.06212197885199353E-01 1.80949057452409494E-03 1.33154239102799277E-01 1.03824220425750412E-03 6.52491132124924465E-03
5.20031736E+00 1.05558245885574359E-01 1.83613257963184456E-03 1.34102309174965684E-01 1.05061297335364381E-03 6.69512087534575567E-03
5.26708288E+00 1.04883831235127109E-01 1.86218492738675118E-03 1.34943155817458693E-01 1.06286594774061024E-03 6.86346341752452471E-03
5.33415010E+00 1.04189134232692868E-01 1.88756239886198138E-03 1.35691949096830827E-01 1.07494836207810930E-03 7.03029308565331079E-03
5.40067956E+00 1.03483242656410679E-01 1.91186537802602130E-03 1.36359498703282289E-01 1.08669528907077268E-03 7.19411161608033735E-03
5.46691821E+00 1.02764369013323795E-01 1.93509236749069176E-03 1.36970599663643500E-01 1.09813492049646417E-03 7.35576939455376711E-03
5.53306895E+00 1.02031168519197593E-01 1.95719573342018624E-03 1.37547952904084003E-01 1.10933719447572454E-03 7.51530715604059596E-03
5.59929295E+00 1.01282766623591008E-01 1.97809231700720118E-03 1.38112696074522812E-01 1.12043726042938612E-03 7.67157892597676409E-03
5.66499252E+00 1.00527059292472298E-01 1.99747016717585118E-03 1.38679230389399111E-01 1.13135014545614359E-03 7.82004827332007969E-03
5.72995319E+00 9.97679774402673997E-02 2.01518906779577520E-03 1.39261646494772101E-01 1.14196157506224688E-03 7.95598096948296925E-03
5.79467539E+00 9.90011399324961655E-02 2.03133436881938528E-03 1.39876199490536923E-01 1.15235451092928214E-03 8.07604542815351656E-03
5.85959862E+00 9.82225951589055235E-02 2.04596582539360878E-03 1.40538714642406859E-01 1.16274991365402400E-03 8.17734186274007326E-03
5.92511509E+00 9.74287169435120309E-02 2.05911866350640387E-03 1.41265827881784822E-01 1.17302323172208491E-03 8.25833723028206700E-03
5.99157600E+00 9.66161862408475153E-02 2.07079711058773914E-03 1.42076294206621545E-01 1.18324447682450888E-03 8.31992814389632615E-03
6.05912787E+00 9.57839982967027548E-02 2.08093887247964154E-03 1.42990776685926940E-01 1.19348451696051679E-03 8.36442837508669101E-03
6.12700323E+00 9.49423662861304807E-02 2.08934958751886895E-03 1.44022229988053085E-01 1.20367714937248183E-03 8.39367831444606978E-03
6.19524962E+00 9.40916709735092338E-02 2.09598197515809296E-03 1.45190223556826731E-01 1.21369503082846813E-03 8.40876342990885643E-03
6.26390888E+00 9.32324322546628781E-02 2.10078729087462409E-03 1.46516366260688063E-01 1.22347198066265900E-03 8.40989715771144064E-03
6.33301828E+00 9.23652154254636371E-02 2.10372234942015745E-03 1.48023730225690348E-01 1.23254579114767822E-03 8.39578563716142715E-03
6.40261283E+00 9.14907341924623974E-02 2.10477447214306359E-03 1.49733580180439529E-01 1.24058378732004181E-03 8.36617229663404877E-03
6.47272842E+00 9.06098028745260659E-02 2.10397180581274558E-03 1.51664286131636183E-01 1.24752621168349354E-03 8.32300174180965018E-03
6.54340570E+00 8.97231853196466256E-02 2.10138069930169676E-03 1.53830472565054971E-01 1.25365316975877559E-03 8.27048448645829708E-03
6.61469442E+00 8.88314181062387909E-02 2.09709675224464083E-03 1.56242105454393987E-01 1.25926220394358677E-03 8.21333717779482164E-03
6.68665767E+00 8.79348299838673131E-02 2.09124088749097423E-03 1.58904017152817156E-01 1.26511476300440674E-03 8.15733376812934237E-03
6.75802354E+00 8.70492241162511282E-02 2.08401754323051230E-03 1.61765944232316161E-01 1.27117327746476016E-03 8.10411973431810623E-03
6.82727993E+00 8.61928245443733809E-02 2.07572573828298515E-03 1.64744596815126793E-01 1.27674276932304492E-03 8.05101726602013013E-03
6.89527826E+00 8.53555522687599738E-02 2.06647771257442584E-03 1.67836885533116237E-01 1.28204572065276716E-03 7.99625079261609764E-03
6.96275372E+00 8.45289766869598697E-02 2.05633285450250447E-03 1.71049193893632961E-01 1.28698909738846046E-03 7.93637010057394662E-03
7.03036552E+00 8.37058479718613274E-02 2.04530778735329162E-03 1.74392315594174258E-01 1.29135582143044330E-03 7.86733130765679065E-03
7.09872234E+00 8.28799016815301992E-02 2.03339171780702373E-03 1.77876650045976470E-01 1.29506411954559506E-03 7.78721364342230965E-03
7.16492852E+00 8.20868551570225896E-02 2.02119492213849320E-03 1.81340168221620274E-01 1.29809424327263973E-03 7.70206813934805508E-03
7.22946382E+00 8.13211203720752285E-02 2.00874575671466243E-03 1.84773229157549901E-01 1.30094739022694537E-03 7.61355845186642392E-03
7.29304154E+00 8.05743317197429865E-02 1.99597540488309372E-03 1.88189994824979639E-01 1.30332993600613804E-03 7.51867118252958540E-03
7.35628007E+00 7.98395628903636329E-02 1.98280063498940465E-03 1.91608152665640602E-01 1.30487344341422159E-03 7.41603326152022371E-03
7.41973626E+00 7.91109646743602124E-02 1.96914008882460596E-03 1.95044580991758032E-01 1.30598769195798352E-03 7.30711984194615249E-03
7.48392889E+00 7.83832482343057718E-02 1.95490706459361613E-03 1.98515427582731524E-01 1.30705399693525383E-03 7.19404068434991145E-03
7.54935708E+00 7.76513059615794449E-02 1.94000232661284844E-03 2.02036089337276126E-01 1.30787980422643248E-03 7.07733009167223464E-03
7.61651330E+00 7.69101568272991393E-02 1.92432787803501794E-03 2.05621353060835094E-01 1.30838866973118323E-03 6.95686723512228301E-03
7.68492431E+00 7.61653175108711750E-02 1.90802681842754704E-03 2.09235132156842751E-01 1.30849424007001345E-03 6.83452805842307744E-03
7.75256583E+00 7.54383763033020516E-02 1.89165185964645217E-03 2.12762797240773627E-01 1.30809175177811973E-03 6.71973111408811444E-03
7.82005610E+00 7.47218291522556838E-02 1.87514069899907734E-03 2.16226290586592207E-01 1.30768995775668094E-03 6.62553334376875420E-03
7.88793837E+00 7.40084964948975049E-02 1.85839550002919306E-03 2.19645537006649738E-01 1.30712102697919780E-03 6.54267238706361925E-03
7.95670320E+00 7.32920144698429310E-02 1.84138855453842040E-03 2.23036000900855846E-01 1.30615874256492597E-03 6.46003846828218861E-03
8.02680235E+00 7.25669634071561820E-02 1.82418817959162415E-03 2.26408616963492793E-01 1.30470170874703818E-03 6.37396180764989058E-03
8.09865729E+00 7.18285100461078796E-02 1.80690704379072513E-03 2.29770576106259145E-01 1.30279722853881836E-03 6.28322173727044724E-03
8.17266428E+00 7.10722287775090167E-02 1.78966382525438711E-03 2.33124648043819493E-01 1.30055375022751756E-03 6.18818542825048945E-03
8.24762048E+00 7.03100122590591403E-02 1.77290424941797440E-03 2.36402594036858260E-01 1.29778254938049935E-03 6.09101955598711532E-03
8.32162563E+00 6.95608087152612686E-02 1.75712470244980654E-03 2.39512729862275398E-01 1.29473067673106486E-03 5.99670923313669162E-03
8.39552172E+00 6.88158621190723130E-02 1.74213657575013532E-03 2.42483534116942040E-01 1.29213021540409306E-03 5.91205938983037360E-03
8.47003712E+00 6.80673207998381546E-02 1.72770211993879849E-03 2.45334911919807885E-01 1.29008007489822703E-03 5.83604275764466884E-03
8.54429313E+00 6.73234404693702909E-02 1.71385624440687661E-03 2.48024435289098788E-01 1.28805920000618309E-03 5.76270700929608446E-03
8.61755433E+00 6.65914833987931304E-02 1.70060734832667439E-03 2.50521318758497702E-01 1.28603169602190502E-03 5.69192057627518084E-03
8.69053629E+00 6.58644621600550928E-02 1.68769876672384008E-03 2.52847186500605281E-01 1.28426591768506394E-03 5.62481439299452116E-03
8.76390006E+00 6.51360180798101762E-02 1.67487424800932729E-03 2.55017218990734762E-01 1.28247722176440910E-03 5.55966984767727532E-03
8.83811105E+00 6.44021285776996549E-02 1.66190411347985493E-03 2.57036229305252606E-01 1.28022730686818830E-03 5.49376546754081884E-03
8.91104986E+00 6.36847238062947657E-02 1.64901760275890986E-03 2.58843639802423031E-01 1.27730313398577411E-03 5.42729812318895437E-03
8.98340666E+00 6.29781992898419823E-02 1.63597873985475879E-03 2.60460894863082604E-01 1.27350794016706150E-03 5.35845703619233869E-03
9.05582725E+00 6.22777283650587862E-02 1.62258012512459470E-03 2.61903281973808910E-01 1.26880592183261872E-03 5.28581493248582619E-03
9.12893459E+00 6.15790107140120682E-02 1.60863263678808432E-03 2.63180060311564601E-01 1.26333115376714043E-03 5.20840438714470846E-03
9.20334706E+00 6.08780644518386871E-02 1.59395799039081017E-03 2.64295262122219488E-01 1.25791514686020051E-03 5.12727832837186082E-03
9.27969549E+00 6.01708257773020186E-02 1.57837132596983149E-03 2.65247400529561639E-01 1.25224820800521751E-03 5.04042205685936110E-03
9.35864179E+00 5.94532901280072495E-02 1.56170143944361515E-03 2.66032068342771988E-01 1.24663215260882804E-03 4.94714201365238811E-03
9.43910596E+00 5.87371195128712220E-02 1.54418529546853072E-03 2.66627192439340188E-01 1.24108899356511430E-03 4.84975359777407248E-03
9.52144687E+00 5.80207207822883569E-02 1.52581707369419469E-03 2.67029594384781799E-01 1.23634100478109627E-03 4.74831972017551295E-03
9.60664877E+00 5.72971088138425760E-02 1.50646156929654150E-03 2.67235319957167872E-01 1.23199810094605337E-03 4.64108884853649262E-03
9.69534847E+00 5.65628002307265176E-02 1.48608045184337161E-03 2.67233127123897685E-01 1.22759416080572338E-03 4.52955116263875548E-03
9.78650814E+00 5.58281390182751233E-02 1.46504642719284621E-03 2.67011182409731651E-01 1.22332210964298240E-03 4.41659192401073781E-03
9.88163074E+00 5.50826593464841391E-02 1.44314435219000149E-03 2.66561208736942556E-01 1.21873188831874172E-03 4.29845877049917901E-03
9.98191174E+00 5.43193351489067375E-02 1.42023272789773471E-03 2.65862212094904127E-01 1.21322295981749666E-03 4.17198940929733048E-03
1.00802376E+01 5.35924567699505930E-02 1.39804121442526946E-03 2.64972404349266943E-01 1.20673217505540796E-03 4.04438625188636904E-03
1.01774837E+01 5.28939036158349862E-02 1.37646287795933930E-03 2.63914519195292463E-01 1.19921674468750124E-03 3.91577049020370386E-03
1.02744747E+01 5.22168722386604778E-02 1.35540504962339790E-03 2.62704072399199240E-01 1.19138898019588955E-03 3.78923939356644746E-03
1.03720064E+01 5.15553137285349600E-02 1.33476237387728544E-03 2.61350531922533935E-01 1.18385683776171032E-03 3.66811480290877602E-03
1.04708647E+01 5.09036149578665220E-02 1.31440335198785099E-03 2.59858997866521557E-01 1.17607576535885502E-03 3.55205248437494596E-03
1.05718423E+01 5.02567151369203713E-02 1.29418728394675893E-03 2.58230021175039903E-01 1.16828664000869203E-03 3.44158815099929573E-03
1.06757508E+01 4.96100301862174714E-02 1.27395115959648246E-03 2.56458498557565806E-01 1.15968398492067985E-03 3.33370275997450349E-03
1.07815324E+01 4.89708824592396119E-02 1.25388505508501266E-03 2.54571331187888272E-01 1.15009257701098968E-03 3.22852698437942499E-03
1.08827579E+01 4.83771061709099767E-02 1.23513846779829814E-03 2.52699949749911112E-01 1.14008938637053295E-03 3.13206492882639161E-03
1.09823030E+01 4.78101011661368896E-02 1.21710010211306782E-03 2.50796849586580051E-01 1.12986369540197086E-03 3.04207979081825555E-03
1.10825476E+01 4.72558690214576818E-02 1.19930010599131093E-03 2.48817349625084366E-01 1.12004134650580799E-03 2.95956724966562300E-03
1.11857339E+01 4.67023018037538568E-02 1.18130507414230764E-03 2.46711480329860983E-01 1.11149199417601868E-03 2.88257813098403591E-03
1.12880761E+01 4.61692226636235131E-02 1.16372532105987747E-03 2.44550399458974721E-01 1.10405212876158831E-03 2.80929106583027851E-03
1.13915344E+01 4.56457244053206368E-02 1.14623184358696325E-03 2.42278326078438105E-01 1.09656779375934287E-03 2.73575455006598708E-03
1.14990559E+01 4.51175790286266198E-02 1.12842925782578743E-03 2.39807869654324018E-01 1.08899227436721796E-03 2.66334635467840560E-03
1.16062102E+01 4.46066858966747901E-02 1.11115866597617167E-03 2.37222125187764810E-01 1.08174836666328090E-03 2.59598116170416072E-03
1.17115432E+01 4.41186120078991065E-02 1.09468774194987090E-03 2.34541907748514245E-01 1.07450334108341984E-03 2.52923593040887788E-03
1.18156978E+01 4.36490668320847625E-02 1.07891042722554399E-03 2.31737688841877593E-01 1.06666346207494886E-03 2.46125805542156103E-03
1.19192977E+01 4.31945951797344102E-02 1.06374471855028171E-03 2.28785095375152375E-01 1.05847736144462764E-03 2.39282090629138649E-03
1.20229569E+01 4.27521010764388490E-02 1.04910901535493705E-03 2.25664588356073392E-01 1.05038736483742921E-03 2.33063528441941050E-03
1.21270475E+01 4.23193363219131480E-02 1.03491749037872027E-03 2.22370594162695168E-01 1.04204529427204891E-03 2.27771071146363807E-03
1.22313603E+01 4.18964330221871309E-02 1.02114901107376718E-03 2.18925416156280528E-01 1.03310528281540530E-03 2.22972712896484871E-03
1.23384532E+01 4.14729616833633616E-02 1.00747110990512907E-03 2.15272168168073291E-01 1.02385594189274192E-03 2.18274171614735385E-03
1.24462690E+01 4.10570329698654174E-02 9.94187465437970826E-04 2.11526243484895154E-01 1.01512018714729375E-03 2.13555197088468977E-03
1.25536926E+01 4.06522765010244452E-02 9.81463925288114918E-04 2.07801288221119707E-01 1.00714852554451592E-03 2.08850517245075034E-03
1.26615714E+01 4.02547701350841128E-02 9.69213573431147745E-04 2.04163995695662986E-01 9.99140477591412956E-04 2.04100759836912428E-03
1.27707720E+01 3.98610872188425863E-02 9.57351210750374349E-04 2.00702953663423916E-01 9.90515567801850865E-04 1.99296991114405672E-03
1.28822036E+01 3.94681921917578032E-02 9.45772645398098785E-04 1.97532550607191715E-01 9.81260437847277173E-04 1.94674570449812211E-03
1.29947833E+01 3.90801530920855816E-02 9.34522676051539208E-04 1.94841896913969775E-01 9.72235996241405348E-04 1.90725528680225085E-03
1.31068894E+01 3.87023837190293082E-02 9.23618627221048935E-04 1.92810163390698230E-01 9.63445919617737919E-04 1.87417091074824579E-03
1.32196053E+01 3.83310871832011346E-02 9.12803775002710236E-04 1.91520035495187507E-01 9.55526885573246081E-04 1.84653972941426587E-03
1.33340804E+01 3.79624555121836835E-02 9.01817284772375564E-04 1.91053041441761523E-01 9.49775311413892970E-04 1.82320857700761702E-03
1.34515891E+01 3.75923846192132496E-02 8.90379934232664707E-04 1.91499395096051406E-01 9.44645277884389686E-04 1.79697611485339528E-03
1.35727679E+01 3.72193162214076931E-02 8.78334752487754220E-04 1.92937522365947911E-01 9.39430710933456849E-04 1.76367502342299545E-03
1.36925403E+01 3.68589373830146907E-02 8.66175003670372661E-04 1.95320867579012208E-01 9.34894779653667389E-04 1.72484858887201166E-03
1.38110078E+01 3.65105179880148845E-02 8.53943735909374149E-04 1.98502333190019420E-01 9.31016619951053931E-04 1.68233655092551418E-03
1.39282600E+01 3.61733199242324777E-02 8.41696783616923913E-04 2.02323219629931494E-01 9.26440779744559665E-04 1.63746500827714921E-03
1.40443795E+01 3.58467181542834537E-02 8.29495034192024184E-04 2.06633399884894126E-01 9.21406757291151710E-04 1.59336935213371094E-03
1.41594484E+01 3.55300221884704420E-02 8.17381929001388566E-04 2.11290118738505811E-01 9.15884440702477497E-04 1.55163588157758805E-03
1.42735539E+01 3.52225300649399650E-02 8.05379684892309697E-04 2.16166957647667329E-01 9.09602943550858888E-04 1.51186023589483954E-03
1.43867931E+01 3.49236234112134253E-02 7.93498489232389637E-04 2.21156483475918347E-01 9.02977766043883937E-04 1.47412598582321078E-03
1.44992769E+01 3.46326579366500742E-02 7.81737052698687875E-04 2.26171229763420079E-01 8.96382975158328040E-04 1.43823323422235323E-03
1.46111329E+01 3.43489595645204149E-02 7.70088994709376110E-04 2.31142367892683859E-01 8.89905791616129932E-04 1.40342826064679730E-03
1.47225068E+01 3.40718986274571520E-02 7.58553970904300777E-04 2.36017047253056500E-01 8.84212579843207192E-04 1.36975072709055365E-03
1.48335617E+01 3.38008194068391415E-02 7.47133300433295189E-04 2.40757108605314574E-01 8.79427988364265330E-04 1.33695976765561071E-03
1.49167808E+01 3.36008287278412726E-02 7.38628731954380315E-04 2.44218477608229623E-01 8.76425936863682348E-04 1.31278198680847484E-03
1.50000000E+01 3.34035019476844747E-02 7.30183528956065389E-04 2.47575092650197920E-01 8.73361284175834572E-04 1.28872702724418557E-03
