#  time, MeanKE MeanKEDR MeanP
0 1.24924716013033330E-01 6.27306645579639227E-04 -5.53602782891480650E-18
1.47262156E-02 1.24912689641020494E-01 6.27263010301277709E-04 2.41968557929284598E-04
2.94623957E-02 1.24901769002650043E-01 6.27273944745464175E-04 2.69836553662810934E-04
4.41999092E-02 1.24891214358854447E-01 6.27334882650006369E-04 2.56351765594010482E-04
5.89391781E-02 1.24880776467237262E-01 6.27444280595313157E-04 2.27409866152256882E-04
7.36806837E-02 1.24870371571142752E-01 6.27601620167222898E-04 1.81536878782470666E-04
8.84249268E-02 1.24859971129144182E-01 6.27806731412936902E-04 1.18681249469000698E-04
1.03172413E-01 1.24849565008663524E-01 6.28059566999244687E-04 3.87330621513111735E-05
1.17922761E-01 1.24839149841337635E-01 6.28360105918714454E-04 -5.82321992247443278E-05
1.32674702E-01 1.24828724930789059E-01 6.28708312286135602E-04 -1.72160891308225907E-04
1.47428746E-01 1.24818289007932876E-01 6.29104187485037816E-04 -3.02995590856075514E-04
1.62185402E-01 1.24807841030427219E-01 6.29547739438329843E-04 -4.50674087806444165E-04
1.76945176E-01 1.24797380031058336E-01 6.30038981938557132E-04 -6.15129624692027015E-04
1.91708571E-01 1.24786905067412301E-01 6.30577934889994850E-04 -7.96290779030195774E-04
2.06476087E-01 1.24776415205195973E-01 6.31164624666907966E-04 -9.94081420841637104E-04
2.21248219E-01 1.24765909512685000E-01 6.31799084398876397E-04 -1.20842062257330973E-03
2.36025457E-01 1.24755387058885198E-01 6.32481354149266720E-04 -1.43922254629452327E-03
2.50808286E-01 1.24744846913039623E-01 6.33211480907412152E-04 -1.68639631500818853E-03
2.65597185E-01 1.24734288144633887E-01 6.33989518296736859E-04 -1.94984587156782916E-03
2.80392625E-01 1.24723709823595014E-01 6.34815526141377048E-04 -2.22946982482751053E-03
2.95195072E-01 1.24713111020373232E-01 6.35689570226550702E-04 -2.52516128092858567E-03
3.10004980E-01 1.24702490805954400E-01 6.36611722291728632E-04 -2.83680767027733776E-03
3.24821181E-01 1.24691849413294281E-01 6.37581951433860319E-04 -3.16425433987176314E-03
3.39643308E-01 1.24681186499468813E-01 6.38600268620423232E-04 -3.50735253756003429E-03
3.54471823E-01 1.24670501121259061E-01 6.39666741505657871E-04 -3.86596466543087701E-03
3.69307184E-01 1.24659792335906836E-01 6.40781443289827036E-04 -4.23994725771361866E-03
3.84149839E-01 1.24649059200878404E-01 6.41944452683461224E-04 -4.62915062861106019E-03
3.99000225E-01 1.24638300773777938E-01 6.43155853923859321E-04 -5.03341860581970387E-03
4.13858773E-01 1.24627516112153156E-01 6.44415736699625527E-04 -5.45258832874389882E-03
4.28725905E-01 1.24616704273272746E-01 6.45724195992489355E-04 -5.88649004456742297E-03
4.43602032E-01 1.24605864313956510E-01 6.47081331853113762E-04 -6.33494689906808229E-03
4.58487557E-01 1.24594995290496710E-01 6.48487249077353252E-04 -6.79777471661873866E-03
4.73382875E-01 1.24584096258712612E-01 6.49942056714747840E-04 -7.27478177489958560E-03
4.88288369E-01 1.24573166274107194E-01 6.51445867563783788E-04 -7.76576856902663239E-03
5.03204411E-01 1.24562204391912706E-01 6.52998797841126835E-04 -8.27052756859594958E-03
5.18131366E-01 1.24551209667133511E-01 6.54600966951559378E-04 -8.78884297566328090E-03
5.33069585E-01 1.24540181154582402E-01 6.56252497190195228E-04 -9.32049048588455206E-03
5.48018520E-01 1.24529118566414299E-01 6.57953410770621477E-04 -9.86520423264010231E-03
5.62977411E-01 1.24518021768792495E-01 6.59703696869577217E-04 -1.04226988745553927E-02
5.77946622E-01 1.24506889794203782E-01 6.61503470482336926E-04 -1.09927201049782337E-02
5.92926502E-01 1.24495721675296850E-01 6.63352849061363183E-04 -1.15750045066454251E-02
6.07917391E-01 1.24484516444650153E-01 6.65251952482346200E-04 -1.21692793422567939E-02
6.22919618E-01 1.24473273134727877E-01 6.67200902931582756E-04 -1.27752623043385465E-02
6.37933498E-01 1.24461990777910037E-01 6.69199824677205635E-04 -1.33926612764920863E-02
6.52959337E-01 1.24450668406567377E-01 6.71248843774305574E-04 -1.40211740914788427E-02
6.67997427E-01 1.24439305053225174E-01 6.73348087724783321E-04 -1.46604882921161882E-02
6.83048047E-01 1.24427899750763543E-01 6.75497685096872083E-04 -1.53102808905213883E-02
6.98111464E-01 1.24416451532684089E-01 6.77697765190861520E-04 -1.59702181326988740E-02
7.13187931E-01 1.24404959433280518E-01 6.79948457815951479E-04 -1.66399552694374703E-02
7.28277689E-01 1.24393422487779556E-01 6.82249893127457848E-04 -1.73191363404284863E-02
7.43380963E-01 1.24381839732429930E-01 6.84602201472980960E-04 -1.80073939748332905E-02
7.58497966E-01 1.24370210204558573E-01 6.87005513288798590E-04 -1.87043491984212884E-02
7.73628897E-01 1.24358532942623376E-01 6.89459959115264111E-04 -1.94096112566119541E-02
7.88773941E-01 1.24346806986252029E-01 6.91965669725765520E-04 -2.01227774489953319E-02
8.03933269E-01 1.24335031376265531E-01 6.94522776252590353E-04 -2.08434329799026714E-02
8.19107039E-01 1.24323205154674821E-01 6.97131410193418759E-04 -2.15711508262501038E-02
8.34295393E-01 1.24311327364712385E-01 6.99791703316815657E-04 -2.23054916186093341E-02
8.49497963E-01 1.24299397443190907E-01 7.02503697524044647E-04 -2.30459787881919717E-02
8.64714242E-01 1.24287414928885287E-01 7.05267406049908522E-04 -2.37921167569090652E-02
8.79944386E-01 1.24275378836742542E-01 7.08082959553871867E-04 -2.45434306387657328E-02
8.95188536E-01 1.24263288183493720E-01 7.10950489068346491E-04 -2.52994328927490172E-02
9.10446817E-01 1.24251141987503852E-01 7.13870125939062477E-04 -2.60596234751404449E-02
9.25719342E-01 1.24238939268731613E-01 7.16842001844793285E-04 -2.68234899264508039E-02
9.41006210E-01 1.24226679048749650E-01 7.19866248901168226E-04 -2.75905073915699121E-02
9.56307504E-01 1.24214360350781913E-01 7.22942999866010914E-04 -2.83601386715212865E-02
9.71623296E-01 1.24201982199745251E-01 7.26072388442018809E-04 -2.91318343022512541E-02
9.86953641E-01 1.24189543622312701E-01 7.29254549556932765E-04 -2.99050326647599361E-02
1.00229858E+00 1.24177043646963359E-01 7.32489619498481281E-04 -3.06791601265092966E-02
1.01765815E+00 1.24164481304049001E-01 7.35777735936299923E-04 -3.14536312139918894E-02
1.03303235E+00 1.24151855625856566E-01 7.39119037897998862E-04 -3.22278488185553449E-02
1.04842119E+00 1.24139165646659860E-01 7.42513665736291382E-04 -3.30012044403844781E-02
1.06382466E+00 1.24126410402788170E-01 7.45961761101194502E-04 -3.37730784647589585E-02
1.07924273E+00 1.24113588932651869E-01 7.49463466905065084E-04 -3.45428404830117330E-02
1.09467535E+00 1.24100700276788350E-01 7.53018927279904059E-04 -3.53098496480916679E-02
1.11012248E+00 1.24087743477863860E-01 7.56628287582544767E-04 -3.60734550754028202E-02
1.12558405E+00 1.24074717580678923E-01 7.60291694540070491E-04 -3.68329962846413728E-02
1.14105997E+00 1.24061621632140975E-01 7.64009296592911753E-04 -3.75878036846591240E-02
1.15655016E+00 1.24048454681226189E-01 7.67781244294470110E-04 -3.83371991060795642E-02
1.17205450E+00 1.24035215778917296E-01 7.71607690500416611E-04 -3.90804963751153756E-02
1.18757288E+00 1.24021903978122308E-01 7.75488790397094521E-04 -3.98170019315457410E-02
1.20310516E+00 1.24008518333580828E-01 7.79424701521627054E-04 -4.05460154915456214E-02
1.21865120E+00 1.23995057901765196E-01 7.83415583769312383E-04 -4.12668307515942634E-02
1.23421085E+00 1.23981521740769957E-01 7.87461599379675600E-04 -4.19787361361117842E-02
1.24978393E+00 1.23967908910197044E-01 7.91562912936386639E-04 -4.26810155903591879E-02
1.26537028E+00 1.23954218471047067E-01 7.95719691408069757E-04 -4.33729494115176265E-02
1.28096970E+00 1.23940449485598056E-01 7.99932104214784749E-04 -4.40538151239674991E-02
1.29658198E+00 1.23926601017290999E-01 8.04200323336976691E-04 -4.47228883940702787E-02
1.31220693E+00 1.23912672130610677E-01 8.08524523605042705E-04 -4.53794439833190844E-02
1.32784431E+00 1.23898661890950806E-01 8.12904883148409690E-04 -4.60227567418184241E-02
1.34349390E+00 1.23884569364486705E-01 8.17341583611350293E-04 -4.66521026375130571E-02
1.35915546E+00 1.23870393618012387E-01 8.21834810085249334E-04 -4.72667598183572207E-02
1.37482873E+00 1.23856133718778946E-01 8.26384751017625579E-04 -4.78660097039328436E-02
1.39051346E+00 1.23841788734312605E-01 8.30991598175177251E-04 -4.84491381063700474E-02
1.40620939E+00 1.23827357732202464E-01 8.35655546645852100E-04 -4.90154363784578925E-02
1.42191623E+00 1.23812839779883499E-01 8.40376794801720416E-04 -4.95642025833566008E-02
1.43763370E+00 1.23798233944382011E-01 8.45155544255149624E-04 -5.00947426872600313E-02
1.45336151E+00 1.23783539292036823E-01 8.49991999971099876E-04 -5.06063717643977992E-02
1.46909936E+00 1.23768754888193305E-01 8.54886370535461702E-04 -5.10984152179962611E-02
1.48484695E+00 1.23753879796872815E-01 8.59838868494407606E-04 -5.15702100082990750E-02
1.50060398E+00 1.23738913080407992E-01 8.64849710737769094E-04 -5.20211058848084398E-02
1.51637011E+00 1.23723853799050695E-01 8.69919118804621553E-04 -5.24504666192927918E-02
1.53214504E+00 1.23708701010559571E-01 8.75047318969998634E-04 -5.28576712301205981E-02
1.54792844E+00 1.23693453769761222E-01 8.80234542194293723E-04 -5.32421151982607754E-02
1.56371998E+00 1.23678111128102869E-01 8.85481023985508703E-04 -5.36032116664358765E-02
1.57951932E+00 1.23662672133183646E-01 8.90787004345054462E-04 -5.39403926213998242E-02
1.59532614E+00 1.23647135828291677E-01 8.96152727902486978E-04 -5.42531100522703480E-02
1.61114009E+00 1.23631501251905543E-01 9.01578444090631883E-04 -5.45408370827981659E-02
1.62696085E+00 1.23615767437200805E-01 9.07064407391490837E-04 -5.48030690701506382E-02
1.64278806E+00 1.23599933411533844E-01 9.12610877722446162E-04 -5.50393246647354964E-02
1.65862139E+00 1.23583998195890957E-01 9.18218120875482526E-04 -5.52491468202820496E-02
1.67446050E+00 1.23567960804332327E-01 9.23886408892929238E-04 -5.54321037485327114E-02
1.69030505E+00 1.23551820243397711E-01 9.29616020357346530E-04 -5.55877898082461422E-02
1.70615470E+00 1.23535575511483392E-01 9.35407240640132574E-04 -5.57158263245459487E-02
1.72200912E+00 1.23519225598189994E-01 9.41260362148999452E-04 -5.58158623146559618E-02
1.73786797E+00 1.23502769483652491E-01 9.47175684591660782E-04 -5.58875750033199295E-02
1.75373093E+00 1.23486206137813900E-01 9.53153515290647703E-04 -5.59306692303399786E-02
1.76959767E+00 1.23469534519685606E-01 9.59194169597756864E-04 -5.59448578030707078E-02
1.78546786E+00 1.23452753576561991E-01 9.65297971408858894E-04 -5.59301248046442795E-02
1.80134119E+00 1.23435862243211070E-01 9.71465253837914037E-04 -5.58857269732464246E-02
1.81721735E+00 1.23418859440978426E-01 9.77696359886224674E-04 -5.58121055492256310E-02
1.83309604E+00 1.23401744076924696E-01 9.83991643271647136E-04 -5.57087837815636588E-02
1.84897695E+00 1.23384515042867196E-01 9.90351469239419665E-04 -5.55757327176534255E-02
1.86485979E+00 1.23367171214397109E-01 9.96776215398224863E-04 -5.54128724315995705E-02
1.88074429E+00 1.23349711449865965E-01 1.00326627256989683E-03 -5.52201582635825708E-02
1.89663018E+00 1.23332134589329054E-01 1.00982204568110176E-03 -5.49975775120559313E-02
1.91251718E+00 1.23314439453456853E-01 1.01644395473356793E-03 -5.47451491430299628E-02
1.92840506E+00 1.23296624842407082E-01 1.02313243588469461E-03 -5.44629235685352361E-02
1.94429356E+00 1.23278689534657954E-01 1.02988794265664757E-03 -5.41509823697232454E-02
1.96018246E+00 1.23260632285804458E-01 1.03671094727507450E-03 -5.38094379441776335E-02
1.97607155E+00 1.23242451827303673E-01 1.04360194212489666E-03 -5.34384330802512436E-02
1.99196061E+00 1.23224146865181294E-01 1.05056144130276840E-03 -5.30381404577421195E-02
2.00784945E+00 1.23205716078684788E-01 1.05758998225447616E-03 -5.26087251307342865E-02
2.02373791E+00 1.23187158118884768E-01 1.06468812743578376E-03 -5.21505374428067395E-02
2.03962582E+00 1.23168471607221011E-01 1.07185646611583770E-03 -5.16636970731931544E-02
2.05551304E+00 1.23149655134017641E-01 1.07909561618010517E-03 -5.11485565982014584E-02
2.07139943E+00 1.23130707256924155E-01 1.08640622607945251E-03 -5.06054182026892743E-02
2.08728488E+00 1.23111626499318033E-01 1.09378897691043368E-03 -5.00346195954801398E-02
2.10316929E+00 1.23092411348655797E-01 1.10124458465271310E-03 -4.94365233300026186E-02
2.11905259E+00 1.23073060254772326E-01 1.10877380255311529E-03 -4.88115156695679980E-02
2.13493471E+00 1.23053571628124372E-01 1.11637742361475178E-03 -4.81600055990524245E-02
2.15081561E+00 1.23033943838000440E-01 1.12405628314185481E-03 -4.74824238072776017E-02
2.16669527E+00 1.23014175210666932E-01 1.13181126131815845E-03 -4.67792216437390787E-02
2.18257369E+00 1.22994264027482036E-01 1.13964328584439272E-03 -4.60508700561239326E-02
2.19845088E+00 1.22974208522962106E-01 1.14755333469055689E-03 -4.52978585058890076E-02
2.21432687E+00 1.22954006882815242E-01 1.15554243901460903E-03 -4.45206938785526196E-02
2.23020173E+00 1.22933657241927730E-01 1.16361168624791651E-03 -4.37198993802393812E-02
2.24607553E+00 1.22913157682312563E-01 1.17176222324822917E-03 -4.28960134385061795E-02
2.26194837E+00 1.22892506231015025E-01 1.17999525935468799E-03 -4.20495885994937521E-02
2.27782036E+00 1.22871700857983226E-01 1.18831206925728715E-03 -4.11811904350849606E-02
2.29369166E+00 1.22850739473894022E-01 1.19671399579626648E-03 -4.02913964596419150E-02
2.30956242E+00 1.22829619927944472E-01 1.20520245289577931E-03 -3.93807950609623564E-02
2.32543282E+00 1.22808342087693742E-01 1.21377900271316011E-03 -3.84449361081613747E-02
2.34130308E+00 1.22786902086184077E-01 1.22244516002322835E-03 -3.74951201772871570E-02
2.35717343E+00 1.22765297209685945E-01 1.23120257579551634E-03 -3.65263486993440342E-02
2.37304412E+00 1.22743524912039090E-01 1.24005298941040469E-03 -3.55391957998108937E-02
2.38891541E+00 1.22721582654640560E-01 1.24899822902962065E-03 -3.45342936090533709E-02
2.40478761E+00 1.22699467850098665E-01 1.25804021573578165E-03 -3.35122750148519263E-02
2.42066102E+00 1.22677177841705412E-01 1.26718096812079395E-03 -3.24737756780607845E-02
2.43653598E+00 1.22654709894921346E-01 1.27642260677802164E-03 -3.14194340857552393E-02
2.45241213E+00 1.22632062227058358E-01 1.28576693134037985E-03 -3.03499394084288422E-02
2.46828867E+00 1.22609233673904666E-01 1.29521555412952824E-03 -2.92660169728249202E-02
2.48416592E+00 1.22586221397583253E-01 1.30477084894411511E-03 -2.81683198330834467E-02
2.50004426E+00 1.22563022471424310E-01 1.31443530009933154E-03 -2.70575004989075801E-02
2.51592406E+00 1.22539633877529683E-01 1.32421150304228323E-03 -2.59342103167180538E-02
2.53180574E+00 1.22516052504208453E-01 1.33410216531782799E-03 -2.47990992012751890E-02
2.54768973E+00 1.22492275143416068E-01 1.34411010866834725E-03 -2.36528150392416592E-02
2.56357646E+00 1.22468298488248029E-01 1.35423827293657830E-03 -2.24960031332294592E-02
2.57946642E+00 1.22444119130374160E-01 1.36448972243268332E-03 -2.13293056977878169E-02
2.59536008E+00 1.22419733557476332E-01 1.37486765522319091E-03 -2.01533613953368447E-02
2.61125796E+00 1.22395138150556027E-01 1.38537541505931883E-03 -1.89688049193547439E-02
2.62716059E+00 1.22370329181021267E-01 1.39601650450828685E-03 -1.77762666238233565E-02
2.64306851E+00 1.22345302807564782E-01 1.40679459680121983E-03 -1.65763721891198923E-02
2.65898229E+00 1.22320055072784539E-01 1.41771354341082732E-03 -1.53697423287190733E-02
2.67490154E+00 1.22294583465302337E-01 1.42877669390709290E-03 -1.41570664550632226E-02
2.69082517E+00 1.22268886540082972E-01 1.43998703772844601E-03 -1.29390833223653485E-02
2.70675378E+00 1.22242960149572436E-01 1.45134882779185469E-03 -1.17164028604068472E-02
2.72268795E+00 1.22216800017232022E-01 1.46286644788277335E-03 -1.04896280346813281E-02
2.73862829E+00 1.22190401735587595E-01 1.47454439315293550E-03 -9.25935468828413544E-03
2.75457544E+00 1.22163760764443990E-01 1.48638725928580012E-03 -8.02617170859115311E-03
2.77053003E+00 1.22136872429429014E-01 1.49839974816792895E-03 -6.79066093712150584E-03
2.78649273E+00 1.22109731920541476E-01 1.51058669513346659E-03 -5.55339712679083549E-03
2.80246421E+00 1.22082334290239472E-01 1.52295311729949592E-03 -4.31494794584223827E-03
2.81844517E+00 1.22054674450444892E-01 1.53550427532614842E-03 -3.07587402114785358E-03
2.83443629E+00 1.22026747168091823E-01 1.54824573420199408E-03 -1.83672902120105680E-03
2.85043831E+00 1.21998547059015069E-01 1.56118340473193010E-03 -5.98059742510129405E-04
2.86644884E+00 1.21970074116740351E-01 1.57432098983480194E-03 6.39354836480221208E-04
2.88246861E+00 1.21941322831742027E-01 1.58766492210873173E-03 1.87498108526166227E-03
2.89849834E+00 1.21912287514273826E-01 1.60122184881089126E-03 3.10829311289377661E-03
2.91453878E+00 1.21882962297794342E-01 1.61499851036581176E-03 4.33877277656879567E-03
2.93059068E+00 1.21853341137737589E-01 1.62900162509273163E-03 5.56590942995776640E-03
2.94665481E+00 1.21823417813028773E-01 1.64323781643419789E-03 6.78919986240936364E-03
2.96273194E+00 1.21793185929528633E-01 1.65771361689872254E-03 8.00814819367297835E-03
2.97882285E+00 1.21762638923565258E-01 1.67243556580786205E-03 9.22226568661309656E-03
2.99492835E+00 1.21731770063201322E-01 1.68741039352783150E-03 1.04310704831308120E-02
3.01104922E+00 1.21700572445102920E-01 1.70264525840588396E-03 1.16340872753738656E-02
3.02718366E+00 1.21669044113067670E-01 1.71814545183644144E-03 1.28306533864548638E-02
3.04333170E+00 1.21637179518726532E-01 1.73391868667493012E-03 1.40202514364696374E-02
3.05949415E+00 1.21604971368645579E-01 1.74997419660878834E-03 1.52024298269756077E-02
3.07567185E+00 1.21572412134415303E-01 1.76632175807257255E-03 1.63767429738023162E-02
3.09186561E+00 1.21539494038163193E-01 1.78297126966543121E-03 1.75427514546868633E-02
3.10807628E+00 1.21506209048143993E-01 1.79993227168602650E-03 1.87000221303054923E-02
3.12430470E+00 1.21472548887401083E-01 1.81721360317446657E-03 1.98481282566571778E-02
3.14055172E+00 1.21438505052606491E-01 1.83482337408612467E-03 2.09866494724571459E-02
3.15681818E+00 1.21404068834560536E-01 1.85276931332205058E-03 2.21151715526868055E-02
3.17310452E+00 1.21369232239234695E-01 1.87105891539681140E-03 2.32332568300431842E-02
3.18940841E+00 1.21333993080133748E-01 1.88969739850299132E-03 2.43402872274142076E-02
3.20573074E+00 1.21298342240590079E-01 1.90869485056656082E-03 2.54358745943639476E-02
3.22207236E+00 1.21262270340851103E-01 1.92806284472692353E-03 2.65196343645467993E-02
3.23843417E+00 1.21225767698169742E-01 1.94781411668885191E-03 2.75911859756622878E-02
3.25481704E+00 1.21188824293239641E-01 1.96796188322587683E-03 2.86501532105241166E-02
3.27122184E+00 1.21151429753453097E-01 1.98851897409253265E-03 2.96961644117592176E-02
3.28764944E+00 1.21113573358808665E-01 2.00949707594930745E-03 3.07288527602197874E-02
3.30410073E+00 1.21075244069019969E-01 2.03090644391068541E-03 3.17478564515371736E-02
3.32057657E+00 1.21036430561232686E-01 2.05275633827904517E-03 3.27528185910792025E-02
3.33707498E+00 1.20997128137187188E-01 2.07505224052337419E-03 3.37432136150871836E-02
3.35359600E+00 1.20957327159094657E-01 2.09780370285146157E-03 3.47186550376682307E-02
3.37014055E+00 1.20917015741464837E-01 2.12102378246465870E-03 3.56788108720627259E-02
3.38670952E+00 1.20876181643500696E-01 2.14472794490797166E-03 3.66233507432638314E-02
3.40330379E+00 1.20834812192626984E-01 2.16893320494823639E-03 3.75519464406337475E-02
3.41992427E+00 1.20792894228416159E-01 2.19365678036319723E-03 3.84642723490578251E-02
3.43657183E+00 1.20750414086082294E-01 2.21891476447317942E-03 3.93600059019790643E-02
3.45324737E+00 1.20707357620353936E-01 2.24472133454062511E-03 4.02388279378396371E-02
3.46995174E+00 1.20663710253941084E-01 2.27108887776688835E-03 4.11004227399873814E-02
3.48668364E+00 1.20619462862009155E-01 2.29802556016416026E-03 4.19443661547550459E-02
3.50344240E+00 1.20574604457531362E-01 2.32554145741580400E-03 4.27702811012144885E-02
3.52022892E+00 1.20529119595702852E-01 2.35365165796724970E-03 4.35778755287990829E-02
3.53704411E+00 1.20482992386289720E-01 2.38237416042041961E-03 4.43668568045659517E-02
3.55388885E+00 1.20436206402961349E-01 2.41172904918581128E-03 4.51369324773090372E-02
3.57076404E+00 1.20388744605401846E-01 2.44173704962221023E-03 4.58878109346262386E-02
3.58767054E+00 1.20340589303655307E-01 2.47241812658068483E-03 4.66192019104420680E-02
3.60460924E+00 1.20291722169565268E-01 2.50379066407202359E-03 4.73308168590527295E-02
3.62158099E+00 1.20242124275953044E-01 2.53587151131568628E-03 4.80223689733420833E-02
3.63858494E+00 1.20191781263139050E-01 2.56867353436567806E-03 4.86935039792949359E-02
3.65561993E+00 1.20140679374078296E-01 2.60220947799747523E-03 4.93438674134323435E-02
3.67268685E+00 1.20088798299059135E-01 2.63649770908496242E-03 4.99731932036475701E-02
3.68978659E+00 1.20036117100297934E-01 2.67155846908442808E-03 5.05812128627681420E-02
3.70692002E+00 1.19982614144726010E-01 2.70741313397953242E-03 5.11676566456660126E-02
3.72408802E+00 1.19928267053572124E-01 2.74408312370711793E-03 5.17322543327679921E-02
3.74129145E+00 1.19873052686031614E-01 2.78158896360988740E-03 5.22747355472779132E-02
3.75852480E+00 1.19816968027516804E-01 2.81993553505104945E-03 5.27946339165992068E-02
3.77572746E+00 1.19760193866429776E-01 2.85899896933644940E-03 5.32899020399012213E-02
3.79290269E+00 1.19702706614110546E-01 2.89879262038658008E-03 5.37606823610427415E-02
3.81005365E+00 1.19644482111965364E-01 2.93932966233874425E-03 5.42070555690834302E-02
3.82718343E+00 1.19585495674050607E-01 2.98062350412257003E-03 5.46290718126380831E-02
3.84429503E+00 1.19525722078958715E-01 3.02268784895474594E-03 5.50267685678431234E-02
3.86137349E+00 1.19465199521525678E-01 3.06549125148668569E-03 5.53997675897304198E-02
3.87841453E+00 1.19403930318954840E-01 3.10902650609193787E-03 5.57480265929145569E-02
3.89542131E+00 1.19341890260667383E-01 3.15330434563787987E-03 5.60716745033200473E-02
3.91239692E+00 1.19279054568309006E-01 3.19833505824601745E-03 5.63708175089838448E-02
3.92934438E+00 1.19215397853440569E-01 3.24412839624957676E-03 5.66455486080059689E-02
3.94626670E+00 1.19150894071206423E-01 3.29069350336547726E-03 5.68959500799600254E-02
3.96316685E+00 1.19085516476244060E-01 3.33803886413072725E-03 5.71220937055277878E-02
3.98004775E+00 1.19019237584470583E-01 3.38617230829710422E-03 5.73240409371903945E-02
3.99691232E+00 1.18952029143052765E-01 3.43510108716783402E-03 5.75018431147548206E-02
4.01376345E+00 1.18883862109022562E-01 3.48483198922153962E-03 5.76555417823715610E-02
4.03060399E+00 1.18814706634937456E-01 3.53537143626278007E-03 5.77851691143257754E-02
4.04741886E+00 1.18744607420261591E-01 3.58667043092486884E-03 5.78906219501294297E-02
4.06420143E+00 1.18673576712844273E-01 3.63870258198774419E-03 5.79719586678710541E-02
4.08095427E+00 1.18601588549978779E-01 3.69146826433833187E-03 5.80293133042923057E-02
4.09767995E+00 1.18528615906098839E-01 3.74496719547789611E-03 5.80627692795289904E-02
4.11438113E+00 1.18454630744833103E-01 3.79919805267797282E-03 5.80702904660765420E-02
4.13106046E+00 1.18379603934041233E-01 3.85415817390096470E-03 5.80708730045173191E-02
4.14772068E+00 1.18303505155593958E-01 3.90984331389897244E-03 5.80099117923705554E-02
4.16436457E+00 1.18226302816619180E-01 3.96624750760002885E-03 5.79634969088661592E-02
4.18099501E+00 1.18147963955274202E-01 4.02336299582949086E-03 5.78770062085230269E-02
4.19761495E+00 1.18068448884696656E-01 4.08117558599221681E-03 5.77703181624215287E-02
4.21422746E+00 1.17987725248092701E-01 4.13967616611680186E-03 5.76401239740269786E-02
4.23083569E+00 1.17905756462931943E-01 4.19885122899674949E-03 5.74870932897908402E-02
4.24744286E+00 1.17822503824808453E-01 4.25868330485227198E-03 5.73113476363342061E-02
4.26404784E+00 1.17737949789895088E-01 4.31913420985076662E-03 5.71130996643901476E-02
4.28058393E+00 1.17652419595282831E-01 4.37991792225288744E-03 5.68934203450647755E-02
4.29699219E+00 1.17566220002053523E-01 4.44076270321901688E-03 5.66537570826354808E-02
4.31327766E+00 1.17479332921213542E-01 4.50162514283800226E-03 5.63949448558933031E-02
4.32944620E+00 1.17391734654839638E-01 4.56246194077999847E-03 5.61177226434684054E-02
4.34550454E+00 1.17303395578334760E-01 4.62323122750011965E-03 5.58228042878838177E-02
4.36146033E+00 1.17214279622260567E-01 4.68389358917352394E-03 5.55108885412202574E-02
4.37732220E+00 1.17124343679621490E-01 4.74441221490235973E-03 5.51826564344453444E-02
4.39309975E+00 1.17033536987856457E-01 4.80475175174979122E-03 5.48387692762614398E-02
4.40880368E+00 1.16941800511581193E-01 4.86487601862012082E-03 5.44798677606802562E-02
4.42437830E+00 1.16849470031013800E-01 4.92448802802399228E-03 5.41081217645176249E-02
4.43983157E+00 1.16756516334272323E-01 4.98352796395947709E-03 5.37245243880273560E-02
4.45517344E+00 1.16662896154603471E-01 5.04194064987795437E-03 5.33299547176754873E-02
4.47041493E+00 1.16568557748401205E-01 5.09967796733965320E-03 5.29252616913288704E-02
4.48556803E+00 1.16473440592358021E-01 5.15670587350951660E-03 5.25112741003914973E-02
4.50064568E+00 1.16377475099489799E-01 5.21300821978912515E-03 5.20888041842471616E-02
4.51566172E+00 1.16280582483932124E-01 5.26858435962556521E-03 5.16586531692573361E-02
4.53063076E+00 1.16182674893915719E-01 5.32344148938976650E-03 5.12216192054098796E-02
4.54556810E+00 1.16083655837300570E-01 5.37758627670362893E-03 5.07785081118926340E-02
4.56048959E+00 1.15983420781012217E-01 5.43101931138416892E-03 5.03301471605781467E-02
4.57541158E+00 1.15881857769035923E-01 5.48373233257318151E-03 4.98774013161632709E-02
4.59025542E+00 1.15779510718070439E-01 5.53537954439253365E-03 4.94240384252273221E-02
4.60503186E+00 1.15676324346363671E-01 5.58593357957188046E-03 4.89713395484013547E-02
4.61975883E+00 1.15572189172389345E-01 5.63538657455662801E-03 4.85203136189057971E-02
4.63445540E+00 1.15466982850884664E-01 5.68372609273669251E-03 4.80719852385611754E-02
4.64907168E+00 1.15361082769278950E-01 5.73072198597576656E-03 4.76294892122703512E-02
4.66360616E+00 1.15254530158085802E-01 5.77633318656654241E-03 4.71945476453599980E-02
4.67806726E+00 1.15147295901206911E-01 5.82057435790776529E-03 4.67685296239795864E-02
4.69246279E+00 1.15039355889936565E-01 5.86347713212444482E-03 4.63528177951508039E-02
4.70680007E+00 1.14930690943712999E-01 5.90510200334771508E-03 4.59487992450258939E-02
4.72108590E+00 1.14821286006461465E-01 5.94554492626233905E-03 4.55578603577275476E-02
4.73532663E+00 1.14711128861177070E-01 5.98492009278980049E-03 4.51813891303471660E-02
4.74952823E+00 1.14600208976817206E-01 6.02334545193576251E-03 4.48207709235694252E-02
4.76369621E+00 1.14488515977193603E-01 6.06095822689797000E-03 4.44773788035195405E-02
4.77783573E+00 1.14376036386306293E-01 6.09792590604222706E-03 4.41525746288437687E-02
4.79195157E+00 1.14262749449293238E-01 6.13437191119379707E-03 4.38477238617520845E-02
4.80604812E+00 1.14148627911172806E-01 6.17024692553425069E-03 4.35641956467148553E-02
4.82012945E+00 1.14033647144233100E-01 6.20536922430424930E-03 4.33033175821586486E-02
4.83419926E+00 1.13917792987500904E-01 6.23962292665787913E-03 4.30663224972693687E-02
4.84826093E+00 1.13801060423024542E-01 6.27301892826305670E-03 4.28543506550460307E-02
4.86231754E+00 1.13683449033703116E-01 6.30560655060426190E-03 4.26684768508743956E-02
4.87637187E+00 1.13564960593101075E-01 6.33744659472607833E-03 4.25097144497117996E-02
4.89042651E+00 1.13445597232428128E-01 6.36858925600896839E-03 4.23790047766766237E-02
4.90448380E+00 1.13325362277920089E-01 6.39903908647184230E-03 4.22771900896180483E-02
4.91854597E+00 1.13204262056580837E-01 6.42880755817633581E-03 4.22049916954452473E-02
4.93261516E+00 1.13082304414979948E-01 6.45792690357150246E-03 4.21630924391259987E-02
4.94669346E+00 1.12959497372345730E-01 6.48639327421249301E-03 4.21599727184482215E-02
4.96078298E+00 1.12835849769407692E-01 6.51418384146163539E-03 4.21613274039468883E-02
4.97488592E+00 1.12711369795260835E-01 6.54130137662118239E-03 4.22160366489458053E-02
4.98900458E+00 1.12586061920835645E-01 6.56772967952070231E-03 4.23049370536980260E-02
5.00314145E+00 1.12459927229205989E-01 6.59338466680721089E-03 4.24155757050285673E-02
5.01729922E+00 1.12332966918498312E-01 6.61817778118409337E-03 4.25601977262658263E-02
5.03148082E+00 1.12205182939323675E-01 6.64211017501216156E-03 4.27358753888425827E-02
5.04568943E+00 1.12076574511557531E-01 6.66527273259796740E-03 4.29425425878943098E-02
5.05992854E+00 1.11947135434128861E-01 6.68777885132844363E-03 4.31797340337759863E-02
5.07420192E+00 1.11816854374125335E-01 6.70971257653124511E-03 4.34469735035882612E-02
5.08851366E+00 1.11685716307802371E-01 6.73111278569949161E-03 4.37436944212347828E-02
5.10286815E+00 1.11553703651593769E-01 6.75197995575639847E-03 4.40692693976707586E-02
5.11727011E+00 1.11420796924545096E-01 6.77230223428726061E-03 4.44230423311578818E-02
5.13172457E+00 1.11286974862719906E-01 6.79209360509304763E-03 4.48043536169009660E-02
5.14623690E+00 1.11152213415841694E-01 6.81140731912715201E-03 4.52125524168486559E-02
5.16081276E+00 1.11016483998362739E-01 6.83031434052407214E-03 4.56469973159803685E-02
5.17545813E+00 1.10879752586369507E-01 6.84887969825595348E-03 4.61070520682277038E-02
5.19017928E+00 1.10741980163617512E-01 6.86714955491576386E-03 4.65920913224986757E-02
5.20498278E+00 1.10603123544913348E-01 6.88514913927637182E-03 4.71015139036867758E-02
5.21987547E+00 1.10463135757415162E-01 6.90289100315463495E-03 4.76347555438249165E-02
5.23486450E+00 1.10321965868156305E-01 6.92038691546694156E-03 4.81913004163586137E-02
5.24995727E+00 1.10179558378641074E-01 6.93764854148319274E-03 4.87706927833829740E-02
5.26509512E+00 1.10036479868902179E-01 6.95459505005093393E-03 4.93699720583683915E-02
5.28018780E+00 1.09893597749950389E-01 6.97106812548737090E-03 4.99846304611955769E-02
5.29524280E+00 1.09750859754381105E-01 6.98695955080295625E-03 5.06138003578034470E-02
5.31026744E+00 1.09608219916664043E-01 7.00213965288270200E-03 5.12568115975983729E-02
5.32526894E+00 1.09465639480249732E-01 7.01654540016730891E-03 5.19131448995042571E-02
5.34025439E+00 1.09323084512697580E-01 7.03022704491233601E-03 5.25823452198045799E-02
5.35523074E+00 1.09180522445335257E-01 7.04331190265800912E-03 5.32639943786938699E-02
5.37020478E+00 1.09037919255762991E-01 7.05593983511751920E-03 5.39577156800600533E-02
5.38518331E+00 1.08895237601064523E-01 7.06822474232886126E-03 5.46631931765184445E-02
5.40017316E+00 1.08752436563607655E-01 7.08024983868803595E-03 5.53801817758371312E-02
5.41518104E+00 1.08609473543857374E-01 7.09207920969452676E-03 5.61084965678421838E-02
5.43021327E+00 1.08466307202648368E-01 7.10376844323234308E-03 5.68479878650699905E-02
5.44527550E+00 1.08322899886031915E-01 7.11537080743311883E-03 5.75985165160430232E-02
5.46037259E+00 1.08179218840983513E-01 7.12693968400288525E-03 5.83599363901825888E-02
5.47550851E+00 1.08035236373135959E-01 7.13852563989783757E-03 5.91320851632557362E-02
5.49068645E+00 1.07890929421527990E-01 7.15017087758840729E-03 5.99147818112088504E-02
5.50590889E+00 1.07746278832694123E-01 7.16190601093115876E-03 6.07078268793091042E-02
5.52117773E+00 1.07601268389107357E-01 7.17374932404254550E-03 6.15110028295858535E-02
5.53649445E+00 1.07455883758084320E-01 7.18570831451773636E-03 6.23240732907132874E-02
5.55186020E+00 1.07310111698098565E-01 7.19777567442211712E-03 6.31467799118258788E-02
5.56727585E+00 1.07163939960390864E-01 7.20991846176417990E-03 6.39788409419418252E-02
5.58274201E+00 1.07017357867375956E-01 7.22207209224766996E-03 6.48199557361376910E-02
5.59823958E+00 1.06870541956390314E-01 7.23413431424224738E-03 6.56687621610902716E-02
5.61374409E+00 1.06723720360045460E-01 7.24600820759201385E-03 6.65235839699950121E-02
5.62925692E+00 1.06576878691006266E-01 7.25765286118996121E-03 6.73841291531735442E-02
5.64477935E+00 1.06430004683509272E-01 7.26905436571412093E-03 6.82501216392729509E-02
5.66031255E+00 1.06283087651879632E-01 7.28020756586691183E-03 6.91212879436010202E-02
5.67585761E+00 1.06136118567449242E-01 7.29110245413614085E-03 6.99973488548500389E-02
5.69141549E+00 1.05989090496500932E-01 7.30171502090876199E-03 7.08780215180265100E-02
5.70698704E+00 1.05841999204727769E-01 7.31200793618395385E-03 7.17630292314368617E-02
5.72257300E+00 1.05694843749503317E-01 7.32196030336456586E-03 7.26521108662898374E-02
5.73817403E+00 1.05547626027525682E-01 7.33158738048599219E-03 7.35450116844822976E-02
5.75379069E+00 1.05400349226754425E-01 7.34092112126703746E-03 7.44414747418386119E-02
5.76942349E+00 1.05253016491528323E-01 7.34999676485600072E-03 7.53412492923198479E-02
5.78506763E+00 1.05105679107978536E-01 7.35884162704669720E-03 7.62437936571594282E-02
5.80072292E+00 1.04958342973720753E-01 7.36747398415611796E-03 7.71488280802432314E-02
5.81639015E+00 1.04811002852020954E-01 7.37590782990935057E-03 7.80561362581413398E-02
5.83207002E+00 1.04663651769056107E-01 7.38415212710989005E-03 7.89655037197881243E-02
5.84776317E+00 1.04516280768078368E-01 7.39221234585959400E-03 7.98767184231759519E-02
5.86347020E+00 1.04368879123782593E-01 7.40009788204689257E-03 8.07895653071783043E-02
5.87919165E+00 1.04221434667486845E-01 7.40781327627068869E-03 8.17038192951657638E-02
5.89492807E+00 1.04073934846905983E-01 7.41533670683865078E-03 8.26192491985194566E-02
5.91067997E+00 1.03926368479157399E-01 7.42262820056165291E-03 8.35356209571116864E-02
5.92644784E+00 1.03778727152193440E-01 7.42965041542128536E-03 8.44526990038435843E-02
5.94223216E+00 1.03631005149300764E-01 7.43638338803853660E-03 8.53702446611324522E-02
5.95803340E+00 1.03483197518797601E-01 7.44279700768060975E-03 8.62880100096351105E-02
5.97385201E+00 1.03335299830056626E-01 7.44885659582898881E-03 8.72057609025214814E-02
5.98968840E+00 1.03187309955612955E-01 7.45454910828275818E-03 8.81232848596549684E-02
6.00554299E+00 1.03039228415930370E-01 7.45989822477459950E-03 8.90403679059494080E-02
6.02141613E+00 1.02891056714767490E-01 7.46494893964707619E-03 8.99567793357032575E-02
6.03730816E+00 1.02742796635888464E-01 7.46975581020026345E-03 9.08722829049749825E-02
6.05321940E+00 1.02594448991891310E-01 7.47435913922827981E-03 9.17866333467226014E-02
6.06915010E+00 1.02446012618521237E-01 7.47877789662367530E-03 9.26995853188054969E-02
6.08510051E+00 1.02297485423332529E-01 7.48300521479435855E-03 9.36109091185624576E-02
6.10107084E+00 1.02148865389109361E-01 7.48704168063513750E-03 9.45203824407928050E-02
6.11705781E+00 1.02000182544504950E-01 7.49089542355398444E-03 9.54275863094295740E-02
6.13306069E+00 1.01851443501117009E-01 7.49460430751989690E-03 9.63322505223904585E-02
6.14907965E+00 1.01702645801825753E-01 7.49819126386521567E-03 9.72341538999981075E-02
6.16511481E+00 1.01553786865727844E-01 7.50167331128320618E-03 9.81330828683949635E-02
6.18116623E+00 1.01404864215183910E-01 7.50508260628043444E-03 9.90288240866953606E-02
6.19723394E+00 1.01255874671492233E-01 7.50844962264595340E-03 9.99211557325306032E-02
6.21331792E+00 1.01106813414550883E-01 7.51176433628376276E-03 1.00809854244916827E-01
6.22941814E+00 1.00957675289365154E-01 7.51499123766174136E-03 1.01694713429618652E-01
6.24553451E+00 1.00808456576591113E-01 7.51809028907751177E-03 1.02575544311332020E-01
6.26166697E+00 1.00659155894613078E-01 7.52104496736415856E-03 1.03452172002995571E-01
6.27781541E+00 1.00509773721018200E-01 7.52385912618323827E-03 1.04324424511956740E-01
6.29397974E+00 1.00360311191156126E-01 7.52654564914154427E-03 1.05192133501846530E-01
6.31015986E+00 1.00210769553516821E-01 7.52911913821156711E-03 1.06055137926432674E-01
6.32635566E+00 1.00061150632536275E-01 7.53161121235454856E-03 1.06913287025534570E-01
6.34256705E+00 9.99114560409600228E-02 7.53406547038651744E-03 1.07766430946503372E-01
6.35879391E+00 9.97616854286150212E-02 7.53650299270915754E-03 1.08614419807779888E-01
6.37503610E+00 9.96118368585508090E-02 7.53891815928217635E-03 1.09457120435598618E-01
6.39129347E+00 9.94619087316947342E-02 7.54128237422099605E-03 1.10294415938392870E-01
6.40756583E+00 9.93119017470690119E-02 7.54359392383533583E-03 1.11126203060089621E-01
6.42385292E+00 9.91618184291437749E-02 7.54589055893100952E-03 1.11952380153890363E-01
6.44015445E+00 9.90116614046693683E-02 7.54821813454698530E-03 1.12772845384241940E-01
6.45647005E+00 9.88614317129931225E-02 7.55059214001283906E-03 1.13587496514018019E-01
6.47279927E+00 9.87111291148558140E-02 7.55300518970902345E-03 1.14396244568201425E-01
6.48914157E+00 9.85607539922841308E-02 7.55543893003484367E-03 1.15199018941796572E-01
6.50549634E+00 9.84103085443290976E-02 7.55790581359887075E-03 1.15995756131616168E-01
6.52186286E+00 9.82597955288936620E-02 7.56041363946129402E-03 1.16786392388807253E-01
6.53824033E+00 9.81092173950024043E-02 7.56295699826578256E-03 1.17570871671720659E-01
6.55462787E+00 9.79585766681194958E-02 7.56550585745370194E-03 1.18349148761007314E-01
6.57102354E+00 9.78078860924110477E-02 7.56802858274288268E-03 1.19121149691629610E-01
6.58742529E+00 9.76571608749583625E-02 7.57050935194521560E-03 1.19886813232266770E-01
6.60383249E+00 9.75064044123700735E-02 7.57293720420087069E-03 1.20646157592544614E-01
6.62024447E+00 9.73556220507925535E-02 7.57533293211780107E-03 1.21399208275938808E-01
6.63666048E+00 9.72048200263072731E-02 7.57773014656403562E-03 1.22145991549512556E-01
6.65307971E+00 9.70540045370639204E-02 7.58015002972019149E-03 1.22886545262126431E-01
6.66950126E+00 9.69031816292463127E-02 7.58261962475181503E-03 1.23620922260053348E-01
6.68592418E+00 9.67523571543858901E-02 7.58517338611915028E-03 1.24349184804146334E-01
6.70234745E+00 9.66015366682132781E-02 7.58783844329048111E-03 1.25071404473522108E-01
6.71876997E+00 9.64507256291874809E-02 7.59063683655195835E-03 1.25787662471023104E-01
6.73519062E+00 9.62999293011931184E-02 7.59358912895845631E-03 1.26498045299802436E-01
6.75160822E+00 9.61491523960129740E-02 7.59672320842102403E-03 1.27202649264978679E-01
6.76802158E+00 9.59983990755862715E-02 7.60008764520416717E-03 1.27901583873663877E-01
6.78442948E+00 9.58476726815717106E-02 7.60373992523524604E-03 1.28594965488332769E-01
6.80083072E+00 9.56969750636002675E-02 7.60771534537170620E-03 1.29282918201082148E-01
6.81722411E+00 9.55463064576591581E-02 7.61203513838047859E-03 1.29965576107889946E-01
6.83360850E+00 9.53956659517222333E-02 7.61671451607854721E-03 1.30643077617209780E-01
6.84998278E+00 9.52450521205629730E-02 7.62175411038105120E-03 1.31315569676160815E-01
6.86634592E+00 9.50944635560864310E-02 7.62715174554182487E-03 1.31983215347388355E-01
6.88269694E+00 9.49438988416063112E-02 7.63290220970443741E-03 1.32646189993540914E-01
6.89903495E+00 9.47933562406809843E-02 7.63899248342090210E-03 1.33304683427076603E-01
6.91535913E+00 9.46428338759891796E-02 7.64543400749270394E-03 1.33958899792767094E-01
6.93166874E+00 9.44923294466640390E-02 7.65225677453840181E-03 1.34609051333096308E-01
6.94796313E+00 9.43418393925920806E-02 7.65947419098822035E-03 1.35255363447811999E-01
6.96424173E+00 9.41913587281668907E-02 7.66709758980110671E-03 1.35898074786514139E-01
6.98050407E+00 9.40408807906362443E-02 7.67512265824122405E-03 1.36537429458536641E-01
6.99674976E+00 9.38903977646642907E-02 7.68355012361672442E-03 1.37173686291340996E-01
7.01297853E+00 9.37399007151360347E-02 7.69238506965921193E-03 1.37807115046930356E-01
7.02919022E+00 9.35893791450948670E-02 7.70160678746011160E-03 1.38437993528243514E-01
7.04538478E+00 9.34388212534893736E-02 7.71117581420925364E-03 1.39066611684609404E-01
7.06156232E+00 9.32882142821256644E-02 7.72105341157621871E-03 1.39693267991269882E-01
7.07772307E+00 9.31375445731212614E-02 7.73121316458534082E-03 1.40318267333703339E-01
7.09386746E+00 9.29867975233599486E-02 7.74164787388634777E-03 1.40941924463697743E-01
7.10999608E+00 9.28359571302102143E-02 7.75235443889443938E-03 1.41564561392581251E-01
7.12610973E+00 9.26850061363234667E-02 7.76334295632459450E-03 1.42186513537601172E-01
7.14220945E+00 9.25339251741016666E-02 7.77460122272586110E-03 1.42808131356917944E-01
7.15829650E+00 9.23826928847674561E-02 7.78612529800694168E-03 1.43429779490151760E-01
7.17437243E+00 9.22312851741802914E-02 7.79789192988797168E-03 1.44051835285694735E-01
7.19043911E+00 9.20796753246218846E-02 7.80987641600010881E-03 1.44674691947656725E-01
7.20649868E+00 9.19278347316999922E-02 7.82209041952854935E-03 1.45298748555648616E-01
7.22255368E+00 9.17757317664113642E-02 7.83455915859322498E-03 1.45924413264211461E-01
7.23860699E+00 9.16233304467199555E-02 7.84731249018659829E-03 1.46552103294741776E-01
7.25466191E+00 9.14705894214660753E-02 7.86032691223234256E-03 1.47182245550500551E-01
7.27072213E+00 9.13174633901532723E-02 7.87360095380017569E-03 1.47815281467989890E-01
7.28679182E+00 9.11639033901946311E-02 7.88714359039787045E-03 1.48451659807109060E-01
7.30287331E+00 9.10098787619289390E-02 7.90096847148446038E-03 1.49091760315382543E-01
7.31895864E+00 9.08554587930072988E-02 7.91512900290711370E-03 1.49735558833210547E-01
7.33505244E+00 9.07005917715858340E-02 7.92963994483965144E-03 1.50383479244670992E-01
7.35115989E+00 9.05452192545666001E-02 7.94446595835076284E-03 1.51035980489227006E-01
7.36728675E+00 9.03892773816746681E-02 7.95961552536554422E-03 1.51693548252240601E-01
7.38343941E+00 9.02326963651852859E-02 7.97512318898415881E-03 1.52356677260849255E-01
7.39962489E+00 9.00753998833226655E-02 7.99104357968946112E-03 1.53025892681470294E-01
7.41585087E+00 8.99173045706622570E-02 8.00743973382615076E-03 1.53701740480041954E-01
7.43212568E+00 8.97583189931123598E-02 8.02434902217771112E-03 1.54384793773644252E-01
7.44845829E+00 8.95983432867708401E-02 8.04176037221722949E-03 1.55075648544837408E-01
7.46485826E+00 8.94372706566706893E-02 8.05964696291609599E-03 1.55774928711713917E-01
7.48130156E+00 8.92753261037717571E-02 8.07797103490301600E-03 1.56481842432776880E-01
7.49778695E+00 8.91125127956152452E-02 8.09667989871373783E-03 1.57196473006696702E-01
7.51432693E+00 8.89486996883380454E-02 8.11577570210890269E-03 1.57919489856337109E-01
7.53089260E+00 8.87841676673883223E-02 8.13521844663761019E-03 1.58649804426446495E-01
7.54747314E+00 8.86190219995990208E-02 8.15499193105945382E-03 1.59387020132345736E-01
7.56403617E+00 8.84535853624697499E-02 8.17502947717105646E-03 1.60129751154784117E-01
7.58054735E+00 8.82882033004644129E-02 8.19528432049449786E-03 1.60876443438922351E-01
7.59705971E+00 8.81223469810966387E-02 8.21583384352541669E-03 1.61629322843955009E-01
7.61361392E+00 8.79556070041658949E-02 8.23672879599183540E-03 1.62390193232071267E-01
7.63015416E+00 8.77885443672059146E-02 8.25783875044237489E-03 1.63156580007775581E-01
7.64666072E+00 8.76213603381722356E-02 8.27914207773405852E-03 1.63927432808492590E-01
7.66318284E+00 8.74535578079234516E-02 8.30072803933227729E-03 1.64704792819259538E-01
7.67976996E+00 8.72846309495345363E-02 8.32270710211585781E-03 1.65490846324357732E-01
7.69636601E+00 8.71151442541173021E-02 8.34497008442461330E-03 1.66282964818152051E-01
7.71298362E+00 8.69449643259818661E-02 8.36755477142577843E-03 1.67081520726086563E-01
7.72968166E+00 8.67734800763340086E-02 8.39062934761126977E-03 1.67889072683174517E-01
7.74650094E+00 8.66002569200306216E-02 8.41432576167864404E-03 1.68707461525567926E-01
7.76337391E+00 8.64259719638859197E-02 8.43858211375054894E-03 1.69533411846622156E-01
7.78028164E+00 8.62508048410488976E-02 8.46348353652637102E-03 1.70365719467026278E-01
7.79717367E+00 8.60752632010017976E-02 8.48899058695271394E-03 1.71201641043539854E-01
7.81405308E+00 8.58992991550507623E-02 8.51509020400006283E-03 1.72040939326077669E-01
7.83092565E+00 8.57228332507629920E-02 8.54172780585735723E-03 1.72883553534834283E-01
7.84776468E+00 8.55461279976757749E-02 8.56884369117832945E-03 1.73727855560754735E-01
7.86459066E+00 8.53689512287529595E-02 8.59635338999045415E-03 1.74574409752713905E-01
7.88142688E+00 8.51910400032156040E-02 8.62421685520225502E-03 1.75424018369873369E-01
7.89829459E+00 8.50121533644427468E-02 8.65256214829888265E-03 1.76277429368574906E-01
7.91518307E+00 8.48323860937836294E-02 8.68128467340694050E-03 1.77133772887647867E-01
7.93206622E+00 8.46519991129936755E-02 8.71012475767267424E-03 1.77991356549279778E-01
7.94889559E+00 8.44715012955797317E-02 8.73894458462688532E-03 1.78847348682645124E-01
7.96567356E+00 8.42908642754293530E-02 8.76779205786812343E-03 1.79701389931903849E-01
7.98240338E+00 8.41100506386863594E-02 8.79676965604596524E-03 1.80553210106636386E-01
7.99907644E+00 8.39291495542447974E-02 8.82587579502603498E-03 1.81401949221348113E-01
8.01568739E+00 8.37482119204202569E-02 8.85502051966863268E-03 1.82246934670047239E-01
8.03223855E+00 8.35672042669265286E-02 8.88432003792747303E-03 1.83087937978089199E-01
8.04873338E+00 8.33860785018692291E-02 8.91385513669287755E-03 1.83924772070564069E-01
8.06517652E+00 8.32047741157938836E-02 8.94376526925982213E-03 1.84757337193796028E-01
8.08157380E+00 8.30232118141116665E-02 8.97391639638521130E-03 1.85585575049640961E-01
8.09793241E+00 8.28412982251542085E-02 9.00426270027695867E-03 1.86409562648041705E-01
8.11426102E+00 8.26589263201746166E-02 9.03497063797968972E-03 1.87229447766176393E-01
8.13057001E+00 8.24759684119450304E-02 9.06620161430651654E-03 1.88045425035761993E-01
8.14687182E+00 8.22922668587485334E-02 9.09784411533849993E-03 1.88857775584048593E-01
8.16318127E+00 8.21076370710583925E-02 9.12991004907707029E-03 1.89666980912586769E-01
8.17951584E+00 8.19218665575785765E-02 9.16258688476139296E-03 1.90473670240052378E-01
8.19589574E+00 8.17347092639042067E-02 9.19603899884836873E-03 1.91278558646687635E-01
8.21229140E+00 8.15464826632991413E-02 9.22997763448730330E-03 1.92079990800113620E-01
8.22870630E+00 8.13571291996349755E-02 9.26411048106679652E-03 1.92877889573131622E-01
8.24516600E+00 8.11663416699777429E-02 9.29825350507446080E-03 1.93673245949365608E-01
8.26166146E+00 8.09742184796325426E-02 9.33232499399520160E-03 1.94465449459444856E-01
8.27821328E+00 8.07805126536752516E-02 9.36597129208293147E-03 1.95255199478822167E-01
8.29477887E+00 8.05857212078819746E-02 9.39862411011149063E-03 1.96040332127426192E-01
8.31138948E+00 8.03894889171184041E-02 9.42982574422547917E-03 1.96822061269086274E-01
8.32807780E+00 8.01914508034322626E-02 9.45959037235443584E-03 1.97601783019005328E-01
8.34480194E+00 7.99921408318670785E-02 9.48774658108409059E-03 1.98377363524441325E-01
8.36154696E+00 7.97917722068304802E-02 9.51366192251829404E-03 1.99147919547646185E-01
8.37834168E+00 7.95900533060348719E-02 9.53701541810645509E-03 1.99914564943862727E-01
8.39513450E+00 7.93876756502958081E-02 9.55764640586364775E-03 2.00674920576188548E-01
8.41182021E+00 7.91859941209432927E-02 9.57546666077497763E-03 2.01424288452295014E-01
8.42839833E+00 7.89850962579143057E-02 9.58999721841164582E-03 2.02162468441611121E-01
8.44488971E+00 7.87848134469946310E-02 9.60109888404092095E-03 2.02890331550321823E-01
8.46131836E+00 7.85849384007397123E-02 9.60878017142315945E-03 2.03608930555815054E-01
8.47771004E+00 7.83852359050226793E-02 9.61313726185357778E-03 2.04319358264876572E-01
8.49409220E+00 7.81854369052616266E-02 9.61402266592888306E-03 2.05022738399452703E-01
8.51049339E+00 7.79852519344226974E-02 9.61139638792099515E-03 2.05720214615837088E-01
8.52689366E+00 7.77849818489912970E-02 9.60523254330275175E-03 2.06410910102861528E-01
8.54326060E+00 7.75850874147425706E-02 9.59584987047761885E-03 2.07093433719819198E-01
8.55962648E+00 7.73852400215663816E-02 9.58366520549237995E-03 2.07768973670370061E-01
8.57602402E+00 7.71850892256194104E-02 9.56829999480636288E-03 2.08438712148377836E-01
8.59248498E+00 7.69843033628829915E-02 9.55024044398386854E-03 2.09103802915870218E-01
8.60903926E+00 7.67825619094372469E-02 9.52993144945654506E-03 2.09765265527717959E-01
8.62568435E+00 7.65799350606398838E-02 9.50715404782638031E-03 2.10422824827495136E-01
8.64238822E+00 7.63768735083854011E-02 9.48221078006164161E-03 2.11075066213808393E-01
8.65917652E+00 7.61731289495511527E-02 9.45624780667211895E-03 2.11722701777043193E-01
8.67607457E+00 7.59684124461151300E-02 9.42915496317106062E-03 2.12366449844923116E-01
8.69310768E+00 7.57624585394450212E-02 9.40104277347490573E-03 2.13006983837731867E-01
8.71023457E+00 7.55558088230486730E-02 9.37251452703200677E-03 2.13642559440691548E-01
8.72736643E+00 7.53495351091272442E-02 9.34379023485672894E-03 2.14269788076319190E-01
8.74439470E+00 7.51449305438311177E-02 9.31460798551404789E-03 2.14884691720457821E-01
8.76133851E+00 7.49418082465764107E-02 9.28587462556832062E-03 2.15487820248463441E-01
8.77823453E+00 7.47397519001841426E-02 9.25818701174683373E-03 2.16080353599480329E-01
8.79511791E+00 7.45383141871965027E-02 9.23151456271453612E-03 2.16663463031924047E-01
8.81202198E+00 7.43370665922965385E-02 9.20506168293933752E-03 2.17238232917289692E-01
8.82897736E+00 7.41356613147078347E-02 9.17867064741051050E-03 2.17805514053352689E-01
8.84601134E+00 7.39338121067730641E-02 9.15311466992441321E-03 2.18365972355215626E-01
8.86313308E+00 7.37314112311978076E-02 9.12899758067467308E-03 2.18919709115775268E-01
8.88026985E+00 7.35292946003931885E-02 9.10563311134159059E-03 2.19464281460243105E-01
8.89742238E+00 7.33274660131183892E-02 9.08328482120852876E-03 2.19999497049557291E-01
8.91462475E+00 7.31255271435385379E-02 9.06275508601077015E-03 2.20526216039303419E-01
8.93190602E+00 7.29231040656476426E-02 9.04302744821774626E-03 2.21045135516024366E-01
8.94928978E+00 7.27199191708860354E-02 9.02355753156124790E-03 2.21556715118203906E-01
8.96679433E+00 7.25157781287667919E-02 9.00494529151697407E-03 2.22061201650334217E-01
8.98439957E+00 7.23108929770908126E-02 8.98647852726855607E-03 2.22557804518472291E-01
9.00209629E+00 7.21053670400978314E-02 8.96734759037680872E-03 2.23046049647701611E-01
9.01989789E+00 7.18990669056859683E-02 8.94746591491242527E-03 2.23526043391533258E-01
9.03781612E+00 7.16918793769730639E-02 8.92589802416748207E-03 2.23997815299778996E-01
9.05586164E+00 7.14837244819511025E-02 8.90179172311379198E-03 2.24461324001530127E-01
9.07400011E+00 7.12750556096327231E-02 8.87491676405729665E-03 2.24915420686525813E-01
9.09210600E+00 7.10673529607597360E-02 8.84462809985493530E-03 2.25356858934572579E-01
9.11018518E+00 7.08606162562268882E-02 8.81104470874437620E-03 2.25785641286350758E-01
9.12823324E+00 7.06549713394687279E-02 8.77556507531526350E-03 2.26201712668116117E-01
9.14627855E+00 7.04501405277437598E-02 8.73864841408888982E-03 2.26605704474802494E-01
9.16431783E+00 7.02462080237404585E-02 8.70074639338015536E-03 2.26997504694571278E-01
9.18235920E+00 7.00431209585454101E-02 8.66236797470874668E-03 2.27377236785830911E-01
9.20041146E+00 6.98407925784865491E-02 8.62302309062342939E-03 2.27745036340903761E-01
9.21846051E+00 6.96394127707551658E-02 8.58238495860532379E-03 2.28100601987206913E-01
9.23649719E+00 6.94391377157330125E-02 8.54135047516989265E-03 2.28443769155899229E-01
9.25452674E+00 6.92399361979706418E-02 8.50040216552705973E-03 2.28774634651314007E-01
9.27254673E+00 6.90418568917105790E-02 8.45969299211001696E-03 2.29093180565925064E-01
9.29056589E+00 6.88448328545104432E-02 8.41985017083897967E-03 2.29399550456606288E-01
9.30859266E+00 6.86487757120419900E-02 8.38098569814658967E-03 2.29693878695486131E-01
9.32663514E+00 6.84535836703702161E-02 8.34227144562917425E-03 2.29976288989428929E-01
9.34470123E+00 6.82591860689220481E-02 8.30332286923499141E-03 2.30246882310741557E-01
9.36279875E+00 6.80655324087212354E-02 8.26446255339579640E-03 2.30505687388542074E-01
9.38093557E+00 6.78725534482990944E-02 8.22585287194565334E-03 2.30752696324028256E-01
9.39911972E+00 6.76801749777192069E-02 8.18751336141829503E-03 2.30987911263677015E-01
9.41735943E+00 6.74883310910281975E-02 8.14983040918761115E-03 2.31211296553426454E-01
9.43566326E+00 6.72969426783629893E-02 8.11294946352243175E-03 2.31422808178685602E-01
9.45404020E+00 6.71059178866498240E-02 8.07644641477155319E-03 2.31622394486961675E-01
9.47249984E+00 6.69151695475026648E-02 8.04023403347429652E-03 2.31809985376025901E-01
9.49105248E+00 6.67245932369755768E-02 8.00448518061770524E-03 2.31985470141046202E-01
9.50970078E+00 6.65341458901452520E-02 7.96913058155793858E-03 2.32148607789312927E-01
9.52841159E+00 6.63441601170957351E-02 7.93420488762985876E-03 2.32298906064689392E-01
9.54719357E+00 6.61545580169566882E-02 7.89995026537689687E-03 2.32436206663250655E-01
9.56605570E+00 6.59652509645911739E-02 7.86655542988759504E-03 2.32560356631929116E-01
9.58500727E+00 6.57761330900860502E-02 7.83397725533842640E-03 2.32671179547073337E-01
9.60405789E+00 6.55870955611453227E-02 7.80224572100524094E-03 2.32768474726494257E-01
9.62321744E+00 6.53980212326913946E-02 7.77139133536978392E-03 2.32851991517925211E-01
9.64249611E+00 6.52087817859910851E-02 7.74117402959626378E-03 2.32921429954752457E-01
9.66190432E+00 6.50192603581388889E-02 7.71158651319196840E-03 2.32976456803172305E-01
9.68145266E+00 6.48293490652569332E-02 7.68289620303928226E-03 2.32993243145364043E-01
9.70115192E+00 6.46389368421707161E-02 7.65530780021424564E-03 2.33074004069728530E-01
9.72101295E+00 6.44479074112890155E-02 7.62892746878216649E-03 2.33064650198603979E-01
9.74104670E+00 6.42561425302448919E-02 7.60374651402407654E-03 2.33048690350926818E-01
9.76126409E+00 6.40635218120309408E-02 7.57975350037849629E-03 2.32999846670506605E-01
9.78165635E+00 6.38701034779691063E-02 7.55679592146516529E-03 2.32995611063464392E-01
9.80216984E+00 6.36763714584014373E-02 7.53480323461843977E-03 2.32922155967963423E-01
9.82272410E+00 6.34830570637540115E-02 7.51388519931888137E-03 2.32856402534862561E-01
9.84335886E+00 6.32897570823164057E-02 7.49404988885455335E-03 2.32763225734377882E-01
9.86386024E+00 6.30984326374989662E-02 7.47547349653722611E-03 2.32656645852577920E-01
9.88427906E+00 6.29085603824404704E-02 7.45794170461539646E-03 2.32533300534969400E-01
9.90468245E+00 6.27194795792823112E-02 7.44118486847736727E-03 2.32393766835732901E-01
9.92513493E+00 6.25305661188081119E-02 7.42508712144679308E-03 2.32237556237296389E-01
9.94546989E+00 6.23433263672597063E-02 7.40963126393755916E-03 2.32066314672233542E-01
9.96569743E+00 6.21576361307504474E-02 7.39466811822816084E-03 2.31880424795902956E-01
9.98587852E+00 6.19729153843695535E-02 7.38009854673187578E-03 2.31679692204119242E-01
1.00060729E+01 6.17886040419662469E-02 7.36579528980405799E-03 2.31463844710337846E-01
1.00263387E+01 6.16041686296434771E-02 7.35167838259047010E-03 2.31232503151209828E-01
1.00467321E+01 6.14191037780176946E-02 7.33781733542742277E-03 2.30985176841614681E-01
1.00671171E+01 6.12346367556172999E-02 7.32437473712050334E-03 2.30723851589503176E-01
1.00874888E+01 6.10507887414209124E-02 7.31122891357735127E-03 2.30449043413337135E-01
1.01079042E+01 6.08670290048083443E-02 7.29825335710696400E-03 2.30160387876819111E-01
1.01284200E+01 6.06828440394303753E-02 7.28540477310435104E-03 2.29857464819808871E-01
1.01490918E+01 6.04977371771198702E-02 7.27263723007893007E-03 2.29539787697573050E-01
1.01699737E+01 6.03112302747692355E-02 7.25984279213072892E-03 2.29206811697577451E-01
1.01908913E+01 6.01248813003274832E-02 7.24703820154260023E-03 2.28861853569734680E-01
1.02118943E+01 5.99382463000569660E-02 7.23419473384584628E-03 2.28504618989809866E-01
1.02330405E+01 5.97508180677249270E-02 7.22132862462265390E-03 2.28134618508039927E-01
1.02543879E+01 5.95620922343617076E-02 7.20844623965865173E-03 2.27751351929398826E-01
1.02759589E+01 5.93718768285646653E-02 7.19548521547885671E-03 2.27354958533129425E-01
1.02975525E+01 5.91819442080802408E-02 7.18246490043406797E-03 2.26949958510568817E-01
1.03190907E+01 5.89929690704195306E-02 7.16935456809720748E-03 2.26538679525757292E-01
1.03406216E+01 5.88045217065785164E-02 7.15606160150968930E-03 2.26120991078538780E-01
1.03621930E+01 5.86161831955530621E-02 7.14252278949763317E-03 2.25696775211709555E-01
1.03838508E+01 5.84275618714043751E-02 7.12877508426965675E-03 2.25265957446228432E-01
1.04056094E+01 5.82385400104510551E-02 7.11489514219997964E-03 2.24829095520864053E-01
1.04274838E+01 5.80489941279174887E-02 7.10085299932774246E-03 2.24386749401013386E-01
1.04494457E+01 5.78591667597674678E-02 7.08657887661686293E-03 2.23940396281777004E-01
1.04714073E+01 5.76698102304842655E-02 7.07205440197125959E-03 2.23492793619254337E-01
1.04934040E+01 5.74806124474743566E-02 7.05723270511895377E-03 2.23044077585033085E-01
1.05154686E+01 5.72912859147724635E-02 7.04206359675019124E-03 2.22594446016631392E-01
1.05376309E+01 5.71015745495326923E-02 7.02644647579572876E-03 2.22144207979781266E-01
1.05599169E+01 5.69112607893844241E-02 7.01027876200200229E-03 2.21693778118645463E-01
1.05822612E+01 5.67209091828695666E-02 6.99361740679405649E-03 2.21245487726370982E-01
1.06046389E+01 5.65307391675300558E-02 6.97648863795516383E-03 2.20800766067894894E-01
1.06270296E+01 5.63409258189100509E-02 6.95881589888626417E-03 2.20360916828916426E-01
1.06494377E+01 5.61514395683615289E-02 6.94054257125194252E-03 2.19926744324054541E-01
1.06718676E+01 5.59622543274057860E-02 6.92166304265609631E-03 2.19499055754726280E-01
1.06943239E+01 5.57733440553187659E-02 6.90217392245941370E-03 2.19078662230415278E-01
1.07168111E+01 5.55846834488523053E-02 6.88207124506751491E-03 2.18666375695811904E-01
1.07393339E+01 5.53962482406276588E-02 6.86128542176816722E-03 2.18263014901594360E-01
1.07618968E+01 5.52080149255742836E-02 6.83960806324924921E-03 2.17869407159583611E-01
1.07845044E+01 5.50199675822074727E-02 6.81695358337806867E-03 2.17486383973357039E-01
1.08071531E+01 5.48321646744935470E-02 6.79333474406923661E-03 2.17114920427817548E-01
1.08298210E+01 5.46448140178422276E-02 6.76879208281050155E-03 2.16756271566594078E-01
1.08525129E+01 5.44579034085493560E-02 6.74333585265690042E-03 2.16411189482365152E-01
1.08752337E+01 5.42714204763414462E-02 6.71695059158102740E-03 2.16080419580103572E-01
1.08979881E+01 5.40853532747227264E-02 6.68957013607414212E-03 2.15764709270784449E-01
1.09207495E+01 5.38999518995817578E-02 6.66125503582642043E-03 2.15465235461859528E-01
1.09433730E+01 5.37164145865547740E-02 6.63226656053199966E-03 2.15184593271620761E-01
1.09658673E+01 5.35346833932167018E-02 6.60263071641772892E-03 2.14922908698491871E-01
1.09882434E+01 5.33546784089466916E-02 6.57235548174418555E-03 2.14680280516505673E-01
1.10105148E+01 5.31763024833157988E-02 6.54140900576135817E-03 2.14456818267163646E-01
1.10326973E+01 5.29994447422866624E-02 6.50972958058395734E-03 2.14252594006933278E-01
1.10548079E+01 5.28239880163657513E-02 6.47730042140633698E-03 2.14067367846032058E-01
1.10768652E+01 5.26498036661863164E-02 6.44419702519647385E-03 2.13901776618192929E-01
1.10988867E+01 5.24767778761386847E-02 6.41053931738364176E-03 2.13755533797144015E-01
1.11207593E+01 5.23058131080978914E-02 6.37661122583146108E-03 2.13629509789769884E-01
1.11425012E+01 5.21367723765350302E-02 6.34242806847016075E-03 2.13523277056729133E-01
1.11641319E+01 5.19695082555619095E-02 6.30795640797114036E-03 2.13436440372790970E-01
1.11856716E+01 5.18038662960902258E-02 6.27318830002294558E-03 2.13368681862526721E-01
1.12071413E+01 5.16396881328710783E-02 6.23812995899613101E-03 2.13319718194769720E-01
1.12285629E+01 5.14768140016086742E-02 6.20278550068152461E-03 2.13289324332103042E-01
1.12499591E+01 5.13150840164148872E-02 6.16719590309231132E-03 2.13285847949501228E-01
1.12713534E+01 5.11543352111222815E-02 6.13141844289367098E-03 2.13281443130388604E-01
1.12927706E+01 5.09943979439275788E-02 6.09549863349766446E-03 2.13287695567381419E-01
1.13142317E+01 5.08351336128229150E-02 6.05946843308438968E-03 2.13355952113546132E-01
1.13356042E+01 5.06775305809280194E-02 6.02361189598116589E-03 2.13403513711319298E-01
1.13569129E+01 5.05213979438759522E-02 5.98792235231161447E-03 2.13480417004467238E-01
1.13781834E+01 5.03665417866605153E-02 5.95234557093218125E-03 2.13571145097438519E-01
1.13994415E+01 5.02127683216786747E-02 5.91681341546326529E-03 2.13678366325300434E-01
1.14207145E+01 5.00598846766645081E-02 5.88127032485741622E-03 2.13801141208089157E-01
1.14420304E+01 4.99076952938425911E-02 5.84565916715799362E-03 2.13939375258536180E-01
1.14634194E+01 4.97559981794819944E-02 5.80989616328454316E-03 2.14092919132717607E-01
1.14849135E+01 4.96045849151549936E-02 5.77395330243122337E-03 2.14261714711455054E-01
1.15064145E+01 4.94541615205830037E-02 5.73806290980532867E-03 2.14444720351953666E-01
1.15278942E+01 4.93049301870399082E-02 5.70231987163246495E-03 2.14641156673685635E-01
1.15493839E+01 4.91566733219583121E-02 5.66669561332166453E-03 2.14850727396676960E-01
1.15709163E+01 4.90091692541345242E-02 5.63113282379027608E-03 2.15073289309447746E-01
1.15925255E+01 4.88621907276125048E-02 5.59553348507690895E-03 2.15308820991367361E-01
1.16142477E+01 4.87155016783760650E-02 5.55974309783176853E-03 2.15557408484099600E-01
1.16361214E+01 4.85688592999280466E-02 5.52370476360821046E-03 2.15819247512787304E-01
1.16580891E+01 4.84226681480642712E-02 5.48757058155528461E-03 2.16093442097427813E-01
1.16800667E+01 4.82774967248004727E-02 5.45162285802227534E-03 2.16378618349488044E-01
1.17020928E+01 4.81330922917361445E-02 5.41596021986243299E-03 2.16674820906648524E-01
1.17242079E+01 4.79891911616217928E-02 5.38053437328872650E-03 2.16982236865097100E-01
1.17464542E+01 4.78455185506525688E-02 5.34518559037482164E-03 2.17301193532943998E-01
1.17688765E+01 4.77017923472771166E-02 5.30983607802812570E-03 2.17632122136424272E-01
1.17915227E+01 4.75577214532234907E-02 5.27448908661503658E-03 2.17975557261707642E-01
1.18141954E+01 4.74145644304115321E-02 5.23954362577896005E-03 2.18328353301236761E-01
1.18369324E+01 4.72720741077686524E-02 5.20501270359415534E-03 2.18690670396115922E-01
1.18597814E+01 4.71299437060373957E-02 5.17078386536388036E-03 2.19062863469276892E-01
1.18827927E+01 4.69878581049058622E-02 5.13677044566149873E-03 2.19445432262447920E-01
1.19060189E+01 4.68454936830571059E-02 5.10292067908257353E-03 2.19838952959125228E-01
1.19295135E+01 4.67025336810327554E-02 5.06924989307615259E-03 2.20244031397471729E-01
1.19530480E+01 4.65603643023262959E-02 5.03616206062895179E-03 2.20656421329431029E-01
1.19766766E+01 4.64186396388384936E-02 5.00355850637540598E-03 2.21076485473418433E-01
1.20004556E+01 4.62770087510930087E-02 4.97130544819341953E-03 2.21504635485821805E-01
1.20244439E+01 4.61351165647316611E-02 4.93932508183893716E-03 2.21941392887443745E-01
1.20487036E+01 4.59926009732429530E-02 4.90752953630726931E-03 2.22387322139080051E-01
1.20731684E+01 4.58498558161427733E-02 4.87604507097371288E-03 2.22840618361451526E-01
1.20977138E+01 4.57075976404759457E-02 4.84503289549042485E-03 2.23298271741035392E-01
1.21224026E+01 4.55654523123991198E-02 4.81444742377030478E-03 2.23760565777337384E-01
1.21472998E+01 4.54230395502272163E-02 4.78421164184966632E-03 2.24227815673303243E-01
1.21724738E+01 4.52799698669792416E-02 4.75421370466321859E-03 2.24700365406207053E-01
1.21979621E+01 4.51360362706360804E-02 4.72440392743454351E-03 2.25177895860684207E-01
1.22235278E+01 4.49925717916207432E-02 4.69509414264373919E-03 2.25654939253213088E-01
1.22492390E+01 4.48491771228795300E-02 4.66622066516809812E-03 2.26131773578236356E-01
1.22751669E+01 4.47054543293136583E-02 4.63768742046380238E-03 2.26608015456328138E-01
1.23013857E+01 4.45609997036273200E-02 4.60940400487058321E-03 2.27083921479872303E-01
1.23277975E+01 4.44163597574773611E-02 4.58149587172719877E-03 2.27556351537521323E-01
1.23542743E+01 4.42722265864078368E-02 4.55412156329395093E-03 2.28021679954053869E-01
1.23808297E+01 4.41285126965117180E-02 4.52722578274566620E-03 2.28478783271769903E-01
1.24074763E+01 4.39851358720035682E-02 4.50066290504157630E-03 2.28926504380994406E-01
1.24342264E+01 4.38420233654331776E-02 4.47429071546353620E-03 2.29363659747241988E-01
1.24610884E+01 4.36991316312601366E-02 4.44808992136226742E-03 2.29788977287874480E-01
1.24880705E+01 4.35564185122122929E-02 4.42204534336521939E-03 2.30201179127089622E-01
1.25151741E+01 4.34138806402559405E-02 4.39614802401489067E-03 2.30598896257485420E-01
1.25423969E+01 4.32715327947332876E-02 4.37042326425547602E-03 2.30980753604186628E-01
1.25697326E+01 4.31294107665814164E-02 4.34486988412495067E-03 2.31345384164354018E-01
1.25971729E+01 4.29875595812546848E-02 4.31943020123615185E-03 2.31691487904898519E-01
1.26247273E+01 4.28459343869195472E-02 4.29405155211459288E-03 2.32018063234275235E-01
1.26523853E+01 4.27045955682406192E-02 4.26872325288591738E-03 2.32323944003191507E-01
1.26801178E+01 4.25636954194798522E-02 4.24346972503672048E-03 2.32607915451194885E-01
1.27079243E+01 4.24232388989650364E-02 4.21827747526165846E-03 2.32869217181144894E-01
1.27358067E+01 4.22832181025822734E-02 4.19311605888657377E-03 2.33107220746913313E-01
1.27637456E+01 4.21437342790247013E-02 4.16800790197323703E-03 2.33321245923686804E-01
1.27916745E+01 4.20051206159679572E-02 4.14304086886312095E-03 2.33510487456490667E-01
1.28196077E+01 4.18673019018445669E-02 4.11823943658552044E-03 2.33674927036208263E-01
1.28475527E+01 4.17302353001334572E-02 4.09362806836448268E-03 2.33814574929166880E-01
1.28754337E+01 4.15942820743018318E-02 4.06926025872559119E-03 2.33929241359575768E-01
1.29032678E+01 4.14593484640764440E-02 4.04512654068510304E-03 2.34019397575712218E-01
1.29310725E+01 4.13253425011910133E-02 4.02126195581581445E-03 2.34085590773997848E-01
1.29588659E+01 4.11921717956217348E-02 3.99771586465750076E-03 2.34128397024309265E-01
1.29866668E+01 4.10597408972646211E-02 3.97449813469873646E-03 2.34148324209120490E-01
1.30144948E+01 4.09279517322406333E-02 3.95157937876963131E-03 2.34146590510708019E-01
1.30423701E+01 4.07967043137732882E-02 3.92895688016320355E-03 2.34136841198648582E-01
1.30702312E+01 4.06662821057203541E-02 3.90671046835296566E-03 2.34068421091096046E-01
1.30980846E+01 4.05366423024962688E-02 3.88486339115624987E-03 2.34021848794638970E-01
1.31259503E+01 4.04076813521091205E-02 3.86343043439737284E-03 2.33938464248874184E-01
1.31538490E+01 4.02792920644006666E-02 3.84239943576702081E-03 2.33841557260135419E-01
1.31818025E+01 4.01513653351723634E-02 3.82174173652999891E-03 2.33728453894368138E-01
1.32098338E+01 4.00237911537136629E-02 3.80143277679813969E-03 2.33600758738221642E-01
1.32379678E+01 3.98964560862409209E-02 3.78144412114140302E-03 2.33459597529297375E-01
1.32662308E+01 3.97692408472915190E-02 3.76174483641375295E-03 2.33306214043178306E-01
1.32945673E+01 3.96423932886597469E-02 3.74235318041083159E-03 2.33142407495352560E-01
1.33229812E+01 3.95158933655548328E-02 3.72326924341300587E-03 2.32969732008746128E-01
1.33514997E+01 3.93896188934640193E-02 3.70450533553354959E-03 2.32789665810236135E-01
1.33801521E+01 3.92634413753521344E-02 3.68605225497380552E-03 2.32603729402444614E-01
1.34089699E+01 3.91372258792519051E-02 3.66790971744108008E-03 2.32413474249612867E-01
1.34379872E+01 3.90108292224289541E-02 3.65006678232133140E-03 2.32220496195221504E-01
1.34672404E+01 3.88840995999845812E-02 3.63247809990812839E-03 2.32026455328997849E-01
1.34966830E+01 3.87572443522626112E-02 3.61515271169829703E-03 2.31833701190805597E-01
1.35263046E+01 3.86303133409009528E-02 3.59809821361648267E-03 2.31644358805423806E-01
1.35560199E+01 3.85036700188534503E-02 3.58136315992484133E-03 2.31461086870093313E-01
1.35857523E+01 3.83776331212165797E-02 3.56498337215793151E-03 2.31286391841108802E-01
1.36155036E+01 3.82521843019860211E-02 3.54893100298146096E-03 2.31122189317959498E-01
1.36452702E+01 3.81273296519040461E-02 3.53316389538638372E-03 2.30970426563976983E-01
1.36750555E+01 3.80030450297586739E-02 3.51762384682807652E-03 2.30832975503007576E-01
1.37048632E+01 3.78793083762553884E-02 3.50224344356689365E-03 2.30711679684173304E-01
1.37346931E+01 3.77561149184115138E-02 3.48698436728952631E-03 2.30608371811464208E-01
1.37645434E+01 3.76334697556572964E-02 3.47185910711679145E-03 2.30524842340284281E-01
1.37944176E+01 3.75113546161188333E-02 3.45689146594365532E-03 2.30462780345109503E-01
1.38243191E+01 3.73897505251123072E-02 3.44208714089519344E-03 2.30423834867102939E-01
1.38541591E+01 3.72690101366568924E-02 3.42749004636803186E-03 2.30410642956346196E-01
1.38839354E+01 3.71491320318673365E-02 3.41309532313852039E-03 2.30408040754457283E-01
1.39136882E+01 3.70299451903011237E-02 3.39885748065999653E-03 2.30467135187849059E-01
1.39434581E+01 3.69112807670171142E-02 3.38471767627144399E-03 2.30518685435622706E-01
1.39732858E+01 3.67929740278521572E-02 3.37063818179409065E-03 2.30613187489357024E-01
1.40032118E+01 3.66748644223539519E-02 3.35661217205968565E-03 2.30734224772350532E-01
1.40332759E+01 3.65567961956673113E-02 3.34262951091000328E-03 2.30884898961163737E-01
1.40634035E+01 3.64390627846358783E-02 3.32871497195599657E-03 2.31065085504293222E-01
1.40935632E+01 3.63217831717349490E-02 3.31487183891554255E-03 2.31274587675615678E-01
1.41237581E+01 3.62049419587331528E-02 3.30107142009727602E-03 2.31513201257730339E-01
1.41539770E+01 3.60885795397672890E-02 3.28728766328112779E-03 2.31780583102506488E-01
1.41841725E+01 3.59728758163515086E-02 3.27352918984043836E-03 2.32075951461617913E-01
1.42143565E+01 3.58577811680566017E-02 3.25978539930638165E-03 2.32398860652425931E-01
1.42445431E+01 3.57432434492153395E-02 3.24604345985759005E-03 2.32748634610056848E-01
1.42747260E+01 3.56292819603657579E-02 3.23230250151727979E-03 2.33125140132756425E-01
1.43048914E+01 3.55159464309556805E-02 3.21855746612791527E-03 2.33527452927082602E-01
1.43350522E+01 3.54031866036701795E-02 3.20477333699011871E-03 2.33955193710232989E-01
1.43652231E+01 3.52909466768086544E-02 3.19091608498656577E-03 2.34408026312310391E-01
1.43954002E+01 3.51792411470988817E-02 3.17697351549857702E-03 2.34885231672122358E-01
1.44255662E+01 3.50681360355114269E-02 3.16295277917338739E-03 2.35385649307941730E-01
1.44556982E+01 3.49577147871558969E-02 3.14886240070780124E-03 2.35907857453724334E-01
1.44856794E+01 3.48484023873358514E-02 3.13473371311146073E-03 2.36448688240058796E-01
1.45155211E+01 3.47401523308388457E-02 3.12054247114136856E-03 2.37007156711299266E-01
1.45452349E+01 3.46329191466760652E-02 3.10628665525148739E-03 2.37582456831828243E-01
1.45748216E+01 3.45266961786716078E-02 3.09197904331940960E-03 2.38173647738206040E-01
1.46042236E+01 3.44216847061060288E-02 3.07764487542335364E-03 2.38778542582345349E-01
1.46334517E+01 3.43178398723939446E-02 3.06326346982805416E-03 2.39396223644403189E-01
1.46625164E+01 3.42151173008277618E-02 3.04882712082929323E-03 2.40025765830280735E-01
1.46914288E+01 3.41134731702570360E-02 3.03434791530557456E-03 2.40666195407877814E-01
1.47201998E+01 3.40128640009117744E-02 3.01983290107920351E-03 2.41316407759789381E-01
1.47488406E+01 3.39132468037913956E-02 3.00527952367865428E-03 2.41975195853895847E-01
1.47773625E+01 3.38145789874701869E-02 2.99068857754820503E-03 2.42641391283694774E-01
1.48057771E+01 3.37168178997497084E-02 2.97606830250621334E-03 2.43313972429889475E-01
1.48340958E+01 3.36199206613440882E-02 2.96142467072355161E-03 2.43992045489535375E-01
1.48623097E+01 3.35239157445523725E-02 2.94676582673787570E-03 2.44674241791895730E-01
1.48903706E+01 3.34289627237707096E-02 2.93211922751327077E-03 2.45358276577605422E-01
1.49182892E+01 3.33350199350298040E-02 2.91749684805864317E-03 2.46043390587176114E-01
1.49460764E+01 3.32420455375636997E-02 2.90291674054575163E-03 2.46728928709822021E-01
1.49730382E+01 3.31523374859646475E-02 2.88875487767625231E-03 2.47396740493785600E-01
1.50000000E+01 3.30631258192001162E-02 2.87457419960779554E-03 2.48066294952968863E-01
