#  time, MeanKE MeanKEDR MeanP
0 1.24924716013033330E-01 4.77888236035722478E-04 -5.53602782891480650E-18
1.47262156E-02 1.24916022403773169E-01 4.77866812270812591E-04 2.35970322480032619E-04
2.94623691E-02 1.24908437084148241E-01 4.77873757003746658E-04 2.47990502195177766E-04
4.41998293E-02 1.24901218059470090E-01 4.77905899837262902E-04 2.23805673740282222E-04
5.89390147E-02 1.24894116104553407E-01 4.77962100513735914E-04 1.84081990401721980E-04
7.36804012E-02 1.24887047698107198E-01 4.78041810140766605E-04 1.27415895098753878E-04
8.84244830E-02 1.24879984606768774E-01 4.78144674900990191E-04 5.38636132588083820E-05
1.03171759E-01 1.24872917032630412E-01 4.78270508056744556E-04 -3.68817107427704796E-05
1.17921914E-01 1.24865841715339779E-01 4.78419213658125644E-04 -1.44651983931311462E-04
1.32673628E-01 1.24858757929931077E-01 4.78590733523529986E-04 -2.69410530259382014E-04
1.47427405E-01 1.24851664761523790E-01 4.78785054226003859E-04 -4.11104215703763038E-04
1.62183746E-01 1.24844561524384001E-01 4.79002181529960083E-04 -5.69674853652364665E-04
1.76943150E-01 1.24837447609745036E-01 4.79242132149651739E-04 -7.45059659993768685E-04
1.91706112E-01 1.24830322435084448E-01 4.79504935823199974E-04 -9.37191147100955202E-04
2.06473122E-01 1.24823185427160185E-01 4.79790630312601875E-04 -1.14599708434236680E-03
2.21244669E-01 1.24816036016395501E-01 4.80099266552414417E-04 -1.37140040801914066E-03
2.36021234E-01 1.24808873634961098E-01 4.80430906919030224E-04 -1.61331910678062860E-03
2.50803294E-01 1.24801697716135362E-01 4.80785622793864452E-04 -1.87166609351590999E-03
2.65591321E-01 1.24794507694095946E-01 4.81163494934548316E-04 -2.14634906648732832E-03
2.80385780E-01 1.24787303003872460E-01 4.81564613860048973E-04 -2.43727036004419547E-03
2.95187129E-01 1.24780083081309529E-01 4.81989079584877855E-04 -2.74432678617956465E-03
3.09995821E-01 1.24772847363085734E-01 4.82437000901324699E-04 -3.06740946728456879E-03
3.24811026E-01 1.24765595909844831E-01 4.82908453570548353E-04 -3.40637420222719570E-03
3.39632051E-01 1.24758328717793535E-01 4.83403518441033139E-04 -3.76106853296919808E-03
3.54459353E-01 1.24751045217813092E-01 4.83922318473828329E-04 -4.13135837879442108E-03
3.69293384E-01 1.24743744841628923E-01 4.84464984638817192E-04 -4.51710379889565597E-03
3.84134587E-01 1.24736427021684582E-01 4.85031656036132616E-04 -4.91815862602889252E-03
3.98983399E-01 1.24729091191112071E-01 4.85622479571836568E-04 -5.33437017345656656E-03
4.13840246E-01 1.24721736783750106E-01 4.86237609626320277E-04 -5.76557902647084966E-03
4.28705547E-01 1.24714363234176423E-01 4.86877208006298635E-04 -6.21161882757790846E-03
4.43579713E-01 1.24706969977736531E-01 4.87541443968140761E-04 -6.67231605502936580E-03
4.58463144E-01 1.24699556450583712E-01 4.88230494110059271E-04 -7.14748979644543644E-03
4.73356229E-01 1.24692122089710089E-01 4.88944542164755961E-04 -7.63695151627750979E-03
4.88259351E-01 1.24684666332985916E-01 4.89683778791697127E-04 -8.14050481921176419E-03
5.03172879E-01 1.24677188619190263E-01 4.90448401426504333E-04 -8.65794520748468764E-03
5.18097173E-01 1.24669688388058586E-01 4.91238614187687215E-04 -9.18905983756125935E-03
5.33032583E-01 1.24662165080329901E-01 4.92054627806466876E-04 -9.73362726901095578E-03
5.47979017E-01 1.24654618354681182E-01 4.92896634971832755E-04 -1.02914010172094877E-02
5.62935270E-01 1.24647048430001794E-01 4.93764766998852503E-04 -1.08620815859222231E-02
5.77901702E-01 1.24639454734907104E-01 4.94659246397072825E-04 -1.14454170963324033E-02
5.92878660E-01 1.24631836699278548E-01 4.95580302084701677E-04 -1.20411465544214540E-02
6.07866481E-01 1.24624193754071980E-01 4.96528169259971043E-04 -1.26489995257172156E-02
6.22865489E-01 1.24616525331277331E-01 4.97503089273032052E-04 -1.32686958668572288E-02
6.37875998E-01 1.24608830863936065E-01 4.98505309503940812E-04 -1.38999454755954540E-02
6.52898307E-01 1.24601109786200148E-01 4.99535083248993698E-04 -1.45424480431278376E-02
6.67932705E-01 1.24593361533344563E-01 5.00592669613970508E-04 -1.51958928130561510E-02
6.82979469E-01 1.24585585541843721E-01 5.01678333411030857E-04 -1.58599583401870733E-02
6.98038861E-01 1.24577781249401207E-01 5.02792345055351106E-04 -1.65343122577036837E-02
7.13111132E-01 1.24569948095001798E-01 5.03934980458852714E-04 -1.72186110489884123E-02
7.28196518E-01 1.24562085518951177E-01 5.05106520919698394E-04 -1.79124998283728132E-02
7.43295245E-01 1.24554192962914825E-01 5.06307253007459712E-04 -1.86156121276191064E-02
7.58407523E-01 1.24546269869975690E-01 5.07537468444508731E-04 -1.93275696968327505E-02
7.73533549E-01 1.24538315684646975E-01 5.08797463984622276E-04 -2.00479823112401923E-02
7.88673507E-01 1.24530329852939714E-01 5.10087541289649493E-04 -2.07764475950609935E-02
8.03827568E-01 1.24522311822373166E-01 5.11408006804684617E-04 -2.15125508549874750E-02
8.18995887E-01 1.24514261042021124E-01 5.12759171632025325E-04 -2.22558649326904286E-02
8.34178608E-01 1.24506176962544263E-01 5.14141351403889029E-04 -2.30059500698664848E-02
8.49375859E-01 1.24498059036220840E-01 5.15554866153625159E-04 -2.37623537942367770E-02
8.64586772E-01 1.24489907243937520E-01 5.16999945779176521E-04 -2.45245608789659668E-02
8.79811367E-01 1.24481721090036745E-01 5.18476904778935720E-04 -2.52920884384309520E-02
8.95049782E-01 1.24473500009816329E-01 5.19986074189131894E-04 -2.60644474426893133E-02
9.10302142E-01 1.24465243440322740E-01 5.21527789203155229E-04 -2.68411359972507840E-02
9.25568557E-01 1.24456950820287085E-01 5.23102389033228274E-04 -2.76216394671393722E-02
9.40849123E-01 1.24448621590138017E-01 5.24710216769128210E-04 -2.84054305057913729E-02
9.56143923E-01 1.24440255192012933E-01 5.26351619234106363E-04 -2.91919690926064970E-02
9.71453024E-01 1.24431851069787588E-01 5.28026946837927740E-04 -2.99807026021725077E-02
9.86776481E-01 1.24423408669086813E-01 5.29736553427216108E-04 -3.07710659039272909E-02
1.00211433E+00 1.24414927437320313E-01 5.31480796133080007E-04 -3.15624814921902710E-02
1.01746660E+00 1.24406406823689225E-01 5.33260035216164756E-04 -3.23543596550286972E-02
1.03283331E+00 1.24397846279211452E-01 5.35074633909196802E-04 -3.31460986729340615E-02
1.04821445E+00 1.24389245256728995E-01 5.36924958257124839E-04 -3.39370850590316256E-02
1.06361000E+00 1.24380603210915999E-01 5.38811376955062693E-04 -3.47266938351005472E-02
1.07901993E+00 1.24371919598289887E-01 5.40734261184095473E-04 -3.55142888482709723E-02
1.09444420E+00 1.24363193877203626E-01 5.42693984445275206E-04 -3.62992231274631635E-02
1.10988276E+00 1.24354425507849087E-01 5.44690922391952550E-04 -3.70808392829470868E-02
1.12533553E+00 1.24345613952235146E-01 5.46725452660687980E-04 -3.78584699473211578E-02
1.14080244E+00 1.24336758674179620E-01 5.48797954701091902E-04 -3.86314382617684929E-02
1.15628337E+00 1.24327859139278851E-01 5.50908809604879358E-04 -3.93990584057720555E-02
1.17177822E+00 1.24318914814885717E-01 5.53058399934283759E-04 -4.01606361722556815E-02
1.18728688E+00 1.24309925170060190E-01 5.55247109550374230E-04 -4.09154695885315875E-02
1.20280920E+00 1.24300889675530962E-01 5.57475323441335440E-04 -4.16628495823949813E-02
1.21834504E+00 1.24291807803640436E-01 5.59743427551152384E-04 -4.24020606953522533E-02
1.23389423E+00 1.24282679028284257E-01 5.62051808608914679E-04 -4.31323818399188055E-02
1.24945661E+00 1.24273502824838705E-01 5.64400853959016405E-04 -4.38530871034825825E-02
1.26503199E+00 1.24264278670092876E-01 5.66790951392619159E-04 -4.45634465964497919E-02
1.28062018E+00 1.24255006042148369E-01 5.69222488980572049E-04 -4.52627273435093833E-02
1.29622097E+00 1.24245684420340979E-01 5.71695854908257353E-04 -4.59501942192480084E-02
1.31183415E+00 1.24236313285122343E-01 5.74211437312664415E-04 -4.66251109230748154E-02
1.32745949E+00 1.24226892117965185E-01 5.76769624122114646E-04 -4.72867409947411166E-02
1.34309675E+00 1.24217420401226339E-01 5.79370802899128643E-04 -4.79343488683411714E-02
1.35874568E+00 1.24207897618022950E-01 5.82015360686937420E-04 -4.85672009600117416E-02
1.37440604E+00 1.24198323252089321E-01 5.84703683860300747E-04 -4.91845667910904560E-02
1.39007755E+00 1.24188696787624633E-01 5.87436157981334277E-04 -4.97857201393431259E-02
1.40575994E+00 1.24179017709128980E-01 5.90213167661384147E-04 -5.03699402197186827E-02
1.42145293E+00 1.24169285501221249E-01 5.93035096430308728E-04 -5.09365128873660727E-02
1.43715623E+00 1.24159499648460112E-01 5.95902326615152501E-04 -5.14847318636713278E-02
1.45286954E+00 1.24149659635135398E-01 5.98815239230455370E-04 -5.20138999768608168E-02
1.46859255E+00 1.24139764945052730E-01 6.01774213883092459E-04 -5.25233304168217091E-02
1.48432496E+00 1.24129815061307200E-01 6.04779628693836199E-04 -5.30123479992603980E-02
1.50006645E+00 1.24119809466033279E-01 6.07831860236756043E-04 -5.34802904327308162E-02
1.51581670E+00 1.24109747640155824E-01 6.10931283494411644E-04 -5.39265095883521145E-02
1.53157538E+00 1.24099629063105218E-01 6.14078271822359107E-04 -5.43503727614042184E-02
1.54734215E+00 1.24089453212530787E-01 6.17273196910990223E-04 -5.47512639284280164E-02
1.56311668E+00 1.24079219564004722E-01 6.20516428728619114E-04 -5.51285849859620702E-02
1.57889862E+00 1.24068927590689729E-01 6.23808335429843191E-04 -5.54817569743903741E-02
1.59468765E+00 1.24058576763013212E-01 6.27149283222393694E-04 -5.58102212761292377E-02
1.61048340E+00 1.24048166548317379E-01 6.30539636202181379E-04 -5.61134407853704498E-02
1.62628554E+00 1.24037696410500387E-01 6.33979756187985286E-04 -5.63909010418107912E-02
1.64209371E+00 1.24027165809646484E-01 6.37470002602787025E-04 -5.66421113221859604E-02
1.65790757E+00 1.24016574201638627E-01 6.41010732454724928E-04 -5.68666056833079386E-02
1.67372676E+00 1.24005921037764158E-01 6.44602300466639937E-04 -5.70639439475376584E-02
1.68955093E+00 1.23995205764301203E-01 6.48245059395532639E-04 -5.72337126296589005E-02
1.70537974E+00 1.23984427822082133E-01 6.51939360577936358E-04 -5.73755257961168774E-02
1.72121284E+00 1.23973586646038247E-01 6.55685554715810864E-04 -5.74890258445514002E-02
1.73704989E+00 1.23962681664715926E-01 6.59483992807194624E-04 -5.75738841318636160E-02
1.75289055E+00 1.23951712299748038E-01 6.63335026811829372E-04 -5.76298010578545489E-02
1.76873447E+00 1.23940677965313995E-01 6.67239009334383553E-04 -5.76565011645877104E-02
1.78458132E+00 1.23929578067567561E-01 6.71196292373195088E-04 -5.76540724265972027E-02
1.80043078E+00 1.23918412004096617E-01 6.75207227159926328E-04 -5.76210908166377572E-02
1.81628253E+00 1.23907179164013420E-01 6.79272164793612212E-04 -5.75592499303287930E-02
1.83213600E+00 1.23895879096023689E-01 6.83391387943888483E-04 -5.74670195594946809E-02
1.84799091E+00 1.23884511148832893E-01 6.87565234498825639E-04 -5.73447732892621367E-02
1.86384701E+00 1.23873074658565452E-01 6.91794040995515492E-04 -5.71923797156828825E-02
1.87970404E+00 1.23861568948184050E-01 6.96078151419067537E-04 -5.70097941786033985E-02
1.89556174E+00 1.23849993326720045E-01 7.00417920878549467E-04 -5.67970050133978152E-02
1.91141987E+00 1.23838347088410627E-01 7.04813725156655090E-04 -5.65540326689537090E-02
1.92727823E+00 1.23826629511614203E-01 7.09265983843762908E-04 -5.62809293716196382E-02
1.94313659E+00 1.23814839857313022E-01 7.13775074918317686E-04 -5.59777788108740265E-02
1.95899475E+00 1.23802977368792824E-01 7.18341315065271126E-04 -5.56446957836566128E-02
1.97485254E+00 1.23791041272041311E-01 7.22965046600708970E-04 -5.52818257276311287E-02
1.99070979E+00 1.23779030775027943E-01 7.27646632043412269E-04 -5.48893441795727452E-02
2.00656634E+00 1.23766945066680151E-01 7.32386452726061627E-04 -5.44674231714554966E-02
2.02242205E+00 1.23754783315755235E-01 7.37184910359916352E-04 -5.40164040945190910E-02
2.03827657E+00 1.23742544848142275E-01 7.42042350495093934E-04 -5.35364298895820365E-02
2.05412966E+00 1.23730228902944758E-01 7.46959174801608682E-04 -5.30278568808858763E-02
2.06998117E+00 1.23717834630443765E-01 7.51935847241627349E-04 -5.24909955874574008E-02
2.08583097E+00 1.23705361157675858E-01 7.56972703177915163E-04 -5.19261917741083850E-02
2.10167896E+00 1.23692807589632400E-01 7.62070084112129154E-04 -5.13338163513354581E-02
2.11752503E+00 1.23680173009099309E-01 7.67228387850856907E-04 -5.07142643755281036E-02
2.13336913E+00 1.23667456475146598E-01 7.72448048235920915E-04 -5.00679539974536597E-02
2.14921119E+00 1.23654657021443917E-01 7.77729517746607747E-04 -4.93953254269744596E-02
2.16505117E+00 1.23641773654958015E-01 7.83073277654522002E-04 -4.86968398603430941E-02
2.18088907E+00 1.23628805354541571E-01 7.88479837145306876E-04 -4.79729783880313287E-02
2.19672488E+00 1.23615751069503024E-01 7.93949665545148680E-04 -4.72242408910273082E-02
2.21255863E+00 1.23602609719493842E-01 7.99483228555958369E-04 -4.64511449319143926E-02
2.22839036E+00 1.23589380194106244E-01 8.05081031875389940E-04 -4.56542246473114338E-02
2.24422014E+00 1.23576061351550956E-01 8.10743619817882945E-04 -4.48340296103316924E-02
2.26004805E+00 1.23562652017032204E-01 8.16471598359095056E-04 -4.39911237007196559E-02
2.27587421E+00 1.23549150980484232E-01 8.22265574513262676E-04 -4.31260839943039820E-02
2.29169874E+00 1.23535556995379769E-01 8.28126071016934947E-04 -4.22394996602880254E-02
2.30752179E+00 1.23521868779849539E-01 8.34053626599271999E-04 -4.13319708706214040E-02
2.32334355E+00 1.23508085016378610E-01 8.40048854844125856E-04 -4.04041077522263731E-02
2.33916421E+00 1.23494204349578779E-01 8.46112627990405113E-04 -3.94565293476277779E-02
2.35498399E+00 1.23480225378678712E-01 8.52245643635705995E-04 -3.84898626461472396E-02
2.37080313E+00 1.23466146658191944E-01 8.58448309384009884E-04 -3.75047414323947115E-02
2.38662190E+00 1.23451960693804361E-01 8.64721015488257856E-04 -3.64946957039593498E-02
2.40244059E+00 1.23437669510652409E-01 8.71064838425507468E-04 -3.54750604252346696E-02
2.41825951E+00 1.23423272952322499E-01 8.77480786806365104E-04 -3.44389347880010924E-02
2.43407900E+00 1.23408769858446551E-01 8.83969378071166245E-04 -3.33869219656958219E-02
2.44989940E+00 1.23394158711714094E-01 8.90531322272219939E-04 -3.23196797288665058E-02
2.46571970E+00 1.23379439151403439E-01 8.97166883461136952E-04 -3.12379594938881899E-02
2.48153968E+00 1.23364610042451597E-01 9.03876658872631330E-04 -3.01424650920411354E-02
2.49735969E+00 1.23349669671518100E-01 9.10661449867761750E-04 -2.90338628734603081E-02
2.51318011E+00 1.23334616270034808E-01 9.17522064946757650E-04 -2.79128176321620201E-02
2.52900136E+00 1.23319448017110048E-01 9.24459378191438866E-04 -2.67799925316137416E-02
2.54482385E+00 1.23304163038819525E-01 9.31474320577801778E-04 -2.56360487766661566E-02
2.56064803E+00 1.23288759406751394E-01 9.38567875648404007E-04 -2.44816450593298533E-02
2.57647437E+00 1.23273235136005008E-01 9.45741075615256078E-04 -2.33174370462380723E-02
2.59230337E+00 1.23257588183297268E-01 9.52994991302966990E-04 -2.21440769248317897E-02
2.60813552E+00 1.23241816445943550E-01 9.60330790429248004E-04 -2.09622130068381693E-02
2.62397137E+00 1.23225917758919140E-01 9.67749764984142825E-04 -1.97724894034064687E-02
2.63981147E+00 1.23209889889072916E-01 9.75253459514998679E-04 -1.85755457096092765E-02
2.65565637E+00 1.23193730525835182E-01 9.82843070813301575E-04 -1.73720169919773723E-02
2.67150626E+00 1.23177437721133973E-01 9.90519462742448561E-04 -1.61625642864686690E-02
2.68735943E+00 1.23161011456710184E-01 9.98282878056500848E-04 -1.49479880325218296E-02
2.70321645E+00 1.23144449345467158E-01 1.00613466909930819E-03 -1.37289132050538183E-02
2.71907794E+00 1.23127748933252540E-01 1.01407626148774014E-03 -1.25059576570110496E-02
2.73494451E+00 1.23110907697847508E-01 1.02210918290477249E-03 -1.12797322049534871E-02
2.75081679E+00 1.23093923047129739E-01 1.03023506658657654E-03 -1.00508410550050348E-02
2.76669544E+00 1.23076792317313638E-01 1.03845565190751926E-03 -8.81988178116117384E-03
2.78258113E+00 1.23059512770709215E-01 1.04677281361130795E-03 -7.58744527991222530E-03
2.79847454E+00 1.23042081591866456E-01 1.05518858434157413E-03 -6.35411580432955047E-03
2.81437638E+00 1.23024495883015436E-01 1.06370528749284710E-03 -5.12047102690867985E-03
2.83028736E+00 1.23006752654839249E-01 1.07232594896940962E-03 -3.88708227928447102E-03
2.84620789E+00 1.22988849156728003E-01 1.08105301214012333E-03 -2.65453931245975688E-03
2.86213583E+00 1.22970785480999711E-01 1.08988693463878822E-03 -1.42362257301841249E-03
2.87807190E+00 1.22952558453311558E-01 1.09883004120550740E-03 -1.94883567095590265E-04
2.89401686E+00 1.22934164813880309E-01 1.10788471927782996E-03 1.03113336352798793E-03
2.90997146E+00 1.22915601216584069E-01 1.11705347652833568E-03 2.25389099740366979E-03
2.92593648E+00 1.22896864226739330E-01 1.12633905250834627E-03 3.47285867841708954E-03
2.94191269E+00 1.22877950316698181E-01 1.13574439057108063E-03 4.68751149688096704E-03
2.95790090E+00 1.22858855860901686E-01 1.14527257944890869E-03 5.89733064503562138E-03
2.97390189E+00 1.22839577130871944E-01 1.15492702476692032E-03 7.10180434474053709E-03
2.98991649E+00 1.22820110285332351E-01 1.16471171031598433E-03 8.30042680276810683E-03
3.00594494E+00 1.22800452046518363E-01 1.17463050132036355E-03 9.49265507275752138E-03
3.02198513E+00 1.22780602001532402E-01 1.18468513590453003E-03 1.06777762270737955E-02
3.03803788E+00 1.22760556031682858E-01 1.19487962414621261E-03 1.18553061068183592E-02
3.05410404E+00 1.22740309883379639E-01 1.20521732756769624E-03 1.30247660343668567E-02
3.07018445E+00 1.22719859190755384E-01 1.21570122969674971E-03 1.41856836185731694E-02
3.08627997E+00 1.22699199495686848E-01 1.22633533279424382E-03 1.53375927060472664E-02
3.10239146E+00 1.22678326228183684E-01 1.23712399743268237E-03 1.64800303370637689E-02
3.11851978E+00 1.22657234690654066E-01 1.24807189387697950E-03 1.76125384931071355E-02
3.13466581E+00 1.22635920044918190E-01 1.25918416132154119E-03 1.87346638951883110E-02
3.15083041E+00 1.22614377297148386E-01 1.27046631885007226E-03 1.98459567868547078E-02
3.16701144E+00 1.22592605378583727E-01 1.28192205507522607E-03 2.09457662384616959E-02
3.18320910E+00 1.22570600014143563E-01 1.29355659789848979E-03 2.20336115472645720E-02
3.19942427E+00 1.22548355809998247E-01 1.30537460388644496E-03 2.31090654817343866E-02
3.21565787E+00 1.22525867222868276E-01 1.31738040562382223E-03 2.41717056613917243E-02
3.23191078E+00 1.22503128580819728E-01 1.32957953585569728E-03 2.52211139762233728E-02
3.24818393E+00 1.22480134066212012E-01 1.34197923181665494E-03 2.62568750428153024E-02
3.26447820E+00 1.22456877677690840E-01 1.35458974945435926E-03 2.72785755173489963E-02
3.28079450E+00 1.22433353149469654E-01 1.36741530945931871E-03 2.82858024526442646E-02
3.29713373E+00 1.22409554044219812E-01 1.38046104306904782E-03 2.92781483866302490E-02
3.31349377E+00 1.22385478250620905E-01 1.39373181763266453E-03 3.02550276718513284E-02
3.32987472E+00 1.22361120298645848E-01 1.40723467488267518E-03 3.12160007386332143E-02
3.34627751E+00 1.22336473296781031E-01 1.42097729940727645E-03 3.21606806941497278E-02
3.36270308E+00 1.22311530128286813E-01 1.43496752820511169E-03 3.30886820598736767E-02
3.37915234E+00 1.22286283449849861E-01 1.44921391200028647E-03 3.39996205708966923E-02
3.39562621E+00 1.22260725677983684E-01 1.46372579085442874E-03 3.48931129107360877E-02
3.41212563E+00 1.22234848967591736E-01 1.47851268502191308E-03 3.57687774524362290E-02
3.42865149E+00 1.22208645196873258E-01 1.49358264721314356E-03 3.66262334342647780E-02
3.44520470E+00 1.22182105989050133E-01 1.50894419819637307E-03 3.74651012711679915E-02
3.46178252E+00 1.22155228692586909E-01 1.52460512735695729E-03 3.82848200437912387E-02
3.47838564E+00 1.22128004937488516E-01 1.54057867107409443E-03 3.90850148804503389E-02
3.49501499E+00 1.22100425605523241E-01 1.55687858135805548E-03 3.98653225655432528E-02
3.51167152E+00 1.22072481210514408E-01 1.57351687072690167E-03 4.06253783490887893E-02
3.52835614E+00 1.22044161905191531E-01 1.59050534935190144E-03 4.13648161751188348E-02
3.54506977E+00 1.22015457478392708E-01 1.60785637424777292E-03 4.20832683340801664E-02
3.56181333E+00 1.21986357343373875E-01 1.62558178033978570E-03 4.27803656599647850E-02
3.57858772E+00 1.21956850542538658E-01 1.64369339797066174E-03 4.34557377390736438E-02
3.59539319E+00 1.21926926936412619E-01 1.66220322029180141E-03 4.41089864635369339E-02
3.61222737E+00 1.21896580787656722E-01 1.68112086034049040E-03 4.47396172527959046E-02
3.62909119E+00 1.21865800179588854E-01 1.70046080254527654E-03 4.53472735565347007E-02
3.64598559E+00 1.21834572781401293E-01 1.72025581366015310E-03 4.59315940560852190E-02
3.66291150E+00 1.21802885631087418E-01 1.74054316523510034E-03 4.64922135032121361E-02
3.67986981E+00 1.21770725000073368E-01 1.76130421493097102E-03 4.70287628610487340E-02
3.69684543E+00 1.21738108070202938E-01 1.78252805538795921E-03 4.75403769986007460E-02
3.71378729E+00 1.21705124198860176E-01 1.80415844551760213E-03 4.80252517963719108E-02
3.73069870E+00 1.21671759716309016E-01 1.82620574857262556E-03 4.84834310153489448E-02
3.74758281E+00 1.21638000658328319E-01 1.84868235431227433E-03 4.89149082904412752E-02
3.76444267E+00 1.21603832811553361E-01 1.87160463719354643E-03 4.93196443551347993E-02
3.78128126E+00 1.21569241673201600E-01 1.89499389311033220E-03 4.96975842222832642E-02
3.79809585E+00 1.21534224085069059E-01 1.91886155827372955E-03 5.00485389334420841E-02
3.81486965E+00 1.21498807172829515E-01 1.94319050560643174E-03 5.03720665003380835E-02
3.83160610E+00 1.21462976123756131E-01 1.96798671389264651E-03 5.06682206917074759E-02
3.84830860E+00 1.21426715892606146E-01 1.99325005304779252E-03 5.09370219455498596E-02
3.86498044E+00 1.21390011348608828E-01 2.01897712145880561E-03 5.11784670699957714E-02
3.88162487E+00 1.21352847356265323E-01 2.04516466548280117E-03 5.13925341681122291E-02
3.89824506E+00 1.21315208777660860E-01 2.07180912708561414E-03 5.15791823100220717E-02
3.91484417E+00 1.21277080469909163E-01 2.09891073633047213E-03 5.17383535195093600E-02
3.93142527E+00 1.21238447245238246E-01 2.12650200654158255E-03 5.18699731232254990E-02
3.94799140E+00 1.21199293527814847E-01 2.15466025864826912E-03 5.19739502190365091E-02
3.96453223E+00 1.21159635061823617E-01 2.18341949246557161E-03 5.20501035778011614E-02
3.98103422E+00 1.21119496380655514E-01 2.21277866099522458E-03 5.20983063313593814E-02
3.99750038E+00 1.21078862289569017E-01 2.24268378036665593E-03 5.21099776921173999E-02
4.01393379E+00 1.21037717863256608E-01 2.27310175629860277E-03 5.21183517145436120E-02
4.03033753E+00 1.20996048542080570E-01 2.30400363751286693E-03 5.20799091359306146E-02
4.04671476E+00 1.20953840049130817E-01 2.33535962632447141E-03 5.20109145198671824E-02
4.06306868E+00 1.20911078363453717E-01 2.36713787777527006E-03 5.19214847264477253E-02
4.07940254E+00 1.20867749736972743E-01 2.39932345596752077E-03 5.18022147463995455E-02
4.09571965E+00 1.20823840459129736E-01 2.43192024852293071E-03 5.16548804079026216E-02
4.11202339E+00 1.20779336630508799E-01 2.46489642698898481E-03 5.14793468613980870E-02
4.12831716E+00 1.20734224407344978E-01 2.49822019077250695E-03 5.12755389135588074E-02
4.14460442E+00 1.20688489960440792E-01 2.53206570815858864E-03 5.10433569417699934E-02
4.16088869E+00 1.20642117298863691E-01 2.56638164799534311E-03 5.07827153455753660E-02
4.17717350E+00 1.20595090034449903E-01 2.60119362045223767E-03 5.04935043656378688E-02
4.19343802E+00 1.20547441300715083E-01 2.63649548913819434E-03 5.01757906500178222E-02
4.20968322E+00 1.20499179138638182E-01 2.67227932271243670E-03 4.98301554590333470E-02
4.22590815E+00 1.20450307267526299E-01 2.70864687591841841E-03 4.94566045857368422E-02
4.24200013E+00 1.20401173162024505E-01 2.74531214185824886E-03 4.90580306198567725E-02
4.25794191E+00 1.20351843908855408E-01 2.78213734163392304E-03 4.86358616731519255E-02
4.27371252E+00 1.20302401954147931E-01 2.81904462061905803E-03 4.81916848354385988E-02
4.28933106E+00 1.20252804362999746E-01 2.85609211225554055E-03 4.77260924787200266E-02
4.30480201E+00 1.20203052252354226E-01 2.89329954855981194E-03 4.72400078602127974E-02
4.32012570E+00 1.20153159803336254E-01 2.93066289765788954E-03 4.67345322840349089E-02
4.33532047E+00 1.20103080832212467E-01 2.96810564345384486E-03 4.62102180709066251E-02
4.35040227E+00 1.20052775042977997E-01 3.00554870054883100E-03 4.56676208213570509E-02
4.36534926E+00 1.20002330618112191E-01 3.04287159719481481E-03 4.51086741246519221E-02
4.38016254E+00 1.19951760830180665E-01 3.07999663476340437E-03 4.45346889864238274E-02
4.39482989E+00 1.19901126011778728E-01 3.11678916992804778E-03 4.39475291794026932E-02
4.40935231E+00 1.19850442127765730E-01 3.15317639933253161E-03 4.33486731548282725E-02
4.42374806E+00 1.19799662800759391E-01 3.18923720798849420E-03 4.27389326634355082E-02
4.43803366E+00 1.19748744060064000E-01 3.22510000081647824E-03 4.21191609358349400E-02
4.45221968E+00 1.19697660010136514E-01 3.26092847372850018E-03 4.14904914701399730E-02
4.46631609E+00 1.19646383940948023E-01 3.29682346164308655E-03 4.08541423224616437E-02
4.48033407E+00 1.19594882017354298E-01 3.33275120051975456E-03 4.02113202863148625E-02
4.49428295E+00 1.19543125871749992E-01 3.36861363866947441E-03 3.95633779783818446E-02
4.50817037E+00 1.19491092949326999E-01 3.40440919277441292E-03 3.89118250448678704E-02
4.52200248E+00 1.19438765643898256E-01 3.43997395307983882E-03 3.82583164834870565E-02
4.53576901E+00 1.19386190350487323E-01 3.47530381292912149E-03 3.76053858767988400E-02
4.54947542E+00 1.19333353606617537E-01 3.51042097361691256E-03 3.69549081363168691E-02
4.56314303E+00 1.19280177740478027E-01 3.54538967997266056E-03 3.63080769711819351E-02
4.57679267E+00 1.19226583304065409E-01 3.58019123517125219E-03 3.56661668819738195E-02
4.59040232E+00 1.19172660796586796E-01 3.61476916401338999E-03 3.50325346016666234E-02
4.60397335E+00 1.19118409525916347E-01 3.64916458845482555E-03 3.44094809634804197E-02
4.61750701E+00 1.19063828531650442E-01 3.68346696658571450E-03 3.37993067353243443E-02
4.63100453E+00 1.19008915786444194E-01 3.71774492391382461E-03 3.32043191687062880E-02
4.64446731E+00 1.18953667773328220E-01 3.75191874975963971E-03 3.26268073455598939E-02
4.65789695E+00 1.18898080048222943E-01 3.78588627011132136E-03 3.20690244702770064E-02
4.67129540E+00 1.18842147581907517E-01 3.81959967619553004E-03 3.15331435741999372E-02
4.68466492E+00 1.18785864383157011E-01 3.85303125456710679E-03 3.10212372197566227E-02
4.69800814E+00 1.18729223148736532E-01 3.88617617521308523E-03 3.05352591916576085E-02
4.71132806E+00 1.18672215014201526E-01 3.91901010338960559E-03 3.00770221992174847E-02
4.72462797E+00 1.18614829726032545E-01 3.95155141548322354E-03 2.96481881254658762E-02
4.73791145E+00 1.18557055591611574E-01 3.98376822025686868E-03 2.92502531889855914E-02
4.75118226E+00 1.18498879917065231E-01 4.01565589283294812E-03 2.88845354918901009E-02
4.76444435E+00 1.18440289122088094E-01 4.04725110836442591E-03 2.85521627591710653E-02
4.77770170E+00 1.18381268784250385E-01 4.07857921882689815E-03 2.82540686839865655E-02
4.79095831E+00 1.18321803933196801E-01 4.10959572014954911E-03 2.79909908059395307E-02
4.80421809E+00 1.18261879682049403E-01 4.14025181090000270E-03 2.77634707976949918E-02
4.81748482E+00 1.18201481496828853E-01 4.17051285690867111E-03 2.75718479097833875E-02
4.83076208E+00 1.18140595322713399E-01 4.20037955143897929E-03 2.74162371245510114E-02
4.84405327E+00 1.18079207458559071E-01 4.22982845465242827E-03 2.72965855918869370E-02
4.85736149E+00 1.18017305182274226E-01 4.25887499875045230E-03 2.72126947802218550E-02
4.87068966E+00 1.17954877265064581E-01 4.28750694015773634E-03 2.71641603600378048E-02
4.88404045E+00 1.17891914340832113E-01 4.31571314194974850E-03 2.71584429356075858E-02
4.89741637E+00 1.17828408724651931E-01 4.34350149338025380E-03 2.71570137675075825E-02
4.91081980E+00 1.17764353731446642E-01 4.37093181282418794E-03 2.71806591782816492E-02
4.92425308E+00 1.17699742811474745E-01 4.39800529490255460E-03 2.73405805260984076E-02
4.93771859E+00 1.17634569445592696E-01 4.42465505944633283E-03 2.74024619713529385E-02
4.95121882E+00 1.17568827068709469E-01 4.45090818288796340E-03 2.75598337107655529E-02
4.96475647E+00 1.17502508051099339E-01 4.47684736679022834E-03 2.77243080469113355E-02
4.97833455E+00 1.17435602886497389E-01 4.50250725437345914E-03 2.79210120865682997E-02
4.99195643E+00 1.17368100122754851E-01 4.52801389711160289E-03 2.81410310303890632E-02
5.00562590E+00 1.17299985373650967E-01 4.55341895886650101E-03 2.83848545153920460E-02
5.01934727E+00 1.17231240979257190E-01 4.57860635056649493E-03 2.86509352257403177E-02
5.03312534E+00 1.17161847177548573E-01 4.60349040621618050E-03 2.89382533113329218E-02
5.04696545E+00 1.17091782191214494E-01 4.62810811942691944E-03 2.92458185835077350E-02
5.06087348E+00 1.17021021285204044E-01 4.65246909377924501E-03 2.95727706575546444E-02
5.07485585E+00 1.16949536395005479E-01 4.67648233877707500E-03 2.99183973880537725E-02
5.08891849E+00 1.16877301309519760E-01 4.70017312472449569E-03 3.02821452584507642E-02
5.10301043E+00 1.16804582236366875E-01 4.72330199726739199E-03 3.06621258175486522E-02
5.11712318E+00 1.16731429598625092E-01 4.74587943497513636E-03 3.10574440707186913E-02
5.13122213E+00 1.16658029290310522E-01 4.76789512722116879E-03 3.14665775502537964E-02
5.14531597E+00 1.16584342096402949E-01 4.78942845161000816E-03 3.18892161593912205E-02
5.15941467E+00 1.16510320131120032E-01 4.81056423126647020E-03 3.23252642895926132E-02
5.17352735E+00 1.16435917957086618E-01 4.83130293634491999E-03 3.27747422534953523E-02
5.18766212E+00 1.16361094040135754E-01 4.85176613656883218E-03 3.32377633446431925E-02
5.20182603E+00 1.16285810735573480E-01 4.87189329134085723E-03 3.37144992751348821E-02
5.21602492E+00 1.16210035665124986E-01 4.89166030023813290E-03 3.42051458402545111E-02
5.23026347E+00 1.16133741825741391E-01 4.91116621297824681E-03 3.47099132131712881E-02
5.24454519E+00 1.16056906882082200E-01 4.93048166111117753E-03 3.52290056018213713E-02
5.25886962E+00 1.15979528469885879E-01 4.94966412749795609E-03 3.57624733991580152E-02
5.27323513E+00 1.15901609951572837E-01 4.96872714879466239E-03 3.63104143302062712E-02
5.28764343E+00 1.15823136106000160E-01 4.98757679154936736E-03 3.68730386099911725E-02
5.30209543E+00 1.15744096352234552E-01 5.00624983147568512E-03 3.74505024462830488E-02
5.31658221E+00 1.15664533322595339E-01 5.02493494103770956E-03 3.80425249082938094E-02
5.33109433E+00 1.15584491637395287E-01 5.04382604339925506E-03 3.86486981399865454E-02
5.34563740E+00 1.15503931016562089E-01 5.06292650984498105E-03 3.92691917549940622E-02
5.36021627E+00 1.15422813547524289E-01 5.08203952053519828E-03 3.99041704753835477E-02
5.37483521E+00 1.15341107649307606E-01 5.10116434310001112E-03 4.05537463793422051E-02
5.38949803E+00 1.15258786696107424E-01 5.12025409259272892E-03 4.12179786139467291E-02
5.40420827E+00 1.15175827491702659E-01 5.13929758200290347E-03 4.18969034951150315E-02
5.41896936E+00 1.15092209214791713E-01 5.15829075544271473E-03 4.25905216093036623E-02
5.43378477E+00 1.15007912993736056E-01 5.17738145697386413E-03 4.32988131078695035E-02
5.44863694E+00 1.14923040450338312E-01 5.19636641724897756E-03 4.40207298069193592E-02
5.46349110E+00 1.14837795390011460E-01 5.21531267486570818E-03 4.47543294752679385E-02
5.47834843E+00 1.14752177135151234E-01 5.23429569752645579E-03 4.54992589218577298E-02
5.49321015E+00 1.14666184139967264E-01 5.25347418776719952E-03 4.62551668383185469E-02
5.50807749E+00 1.14579813005235454E-01 5.27297670811440085E-03 4.70217169544196595E-02
5.52295169E+00 1.14493057375419094E-01 5.29292965207263898E-03 4.77985703914108745E-02
5.53783397E+00 1.14405904571884501E-01 5.31317013518166608E-03 4.85855881599285000E-02
5.55272324E+00 1.14318359947789910E-01 5.33348724241377529E-03 4.93819298252270236E-02
5.56761336E+00 1.14230458989335898E-01 5.35397149219791254E-03 5.01869529523630703E-02
5.58250555E+00 1.14142189367169328E-01 5.37448619216386505E-03 5.10002407089791068E-02
5.59740105E+00 1.14053539413930635E-01 5.39498144318192874E-03 5.18213528472305715E-02
5.61230110E+00 1.13964500211443345E-01 5.41555182785365997E-03 5.26498383075583096E-02
5.62720689E+00 1.13875063919368011E-01 5.43622277704826871E-03 5.34852441310621901E-02
5.64211960E+00 1.13785223284107839E-01 5.45704736425506928E-03 5.43271262313242825E-02
5.65704030E+00 1.13694970537307954E-01 5.47829032028174321E-03 5.51750088774864075E-02
5.67197003E+00 1.13604294808784617E-01 5.49982487079256083E-03 5.60283944229820682E-02
5.68690970E+00 1.13513185250469592E-01 5.52177269075309479E-03 5.68868004942878341E-02
5.70186014E+00 1.13421621997614394E-01 5.54408246669489159E-03 5.77497427788631404E-02
5.71682204E+00 1.13329586969216162E-01 5.56676768358138358E-03 5.86166939268538204E-02
5.73179597E+00 1.13237065530700648E-01 5.58980919129576162E-03 5.94871406460986893E-02
5.74678240E+00 1.13144044614271133E-01 5.61304121321260126E-03 6.03606164330960579E-02
5.76178164E+00 1.13050514012874581E-01 5.63659435170789109E-03 6.12366539267437601E-02
5.77679392E+00 1.12956463107857008E-01 5.66051193644443850E-03 6.21147885077624196E-02
5.79181936E+00 1.12861880947738275E-01 5.68493247281461056E-03 6.29945946259987954E-02
5.80685799E+00 1.12766755801364707E-01 5.71005501595610136E-03 6.38756531177752662E-02
5.82190979E+00 1.12671074637687288E-01 5.73578220732309275E-03 6.47575730896116086E-02
5.83697469E+00 1.12574825294983180E-01 5.76207273161361000E-03 6.56399594527886376E-02
5.85205257E+00 1.12477997176725464E-01 5.78892448893368952E-03 6.65224473680561534E-02
5.86714334E+00 1.12380581641420174E-01 5.81613059765193671E-03 6.74047227793774517E-02
5.88224690E+00 1.12282573268962571E-01 5.84354782899168274E-03 6.82865063935057942E-02
5.89736318E+00 1.12183968792332292E-01 5.87141402199375245E-03 6.91675498967724706E-02
5.91248983E+00 1.12084778651401804E-01 5.90013497659396327E-03 7.00474883179648539E-02
5.92762587E+00 1.11985001882718677E-01 5.92988741214497354E-03 7.09260728701096854E-02
5.94277107E+00 1.11884633835607566E-01 5.95992872201188840E-03 7.18030463364608684E-02
5.95790568E+00 1.11783805422605104E-01 5.99079392404962795E-03 7.26770789816039708E-02
5.97287605E+00 1.11683545250540348E-01 6.02259955154939124E-03 7.35393374395613697E-02
5.98770994E+00 1.11583673403562983E-01 6.05436236430045415E-03 7.43911461598009000E-02
6.00243470E+00 1.11484017232837643E-01 6.08607074157368685E-03 7.52339028344598537E-02
6.01703993E+00 1.11384659075903433E-01 6.11757504175139150E-03 7.60669229693354265E-02
6.03154737E+00 1.11285462907399629E-01 6.14873355766799943E-03 7.68912756459956825E-02
6.04598235E+00 1.11186269219165870E-01 6.18001784444860078E-03 7.77082737294720327E-02
6.06036819E+00 1.11086926957620361E-01 6.21125938471240018E-03 7.85190822188330251E-02
6.07472671E+00 1.10987292907288787E-01 6.24210018624005939E-03 7.93247257443647075E-02
6.08907878E+00 1.10887229642109980E-01 6.27229881568168793E-03 8.01261231944608576E-02
6.10344486E+00 1.10786602385858288E-01 6.30251823494983477E-03 8.09241330049910723E-02
6.11777268E+00 1.10685780515095478E-01 6.33266360377371385E-03 8.17156874415768952E-02
6.13199836E+00 1.10585219435316753E-01 6.36165276560892411E-03 8.24970916978831070E-02
6.14614621E+00 1.10484762172485068E-01 6.38956033076925906E-03 8.32694112703639133E-02
6.16023914E+00 1.10384259302568982E-01 6.41723141003840061E-03 8.40337143886826649E-02
6.17429901E+00 1.10283557942822547E-01 6.44447841978489349E-03 8.47909914513643170E-02
6.18834706E+00 1.10182507700526455E-01 6.47143424501289612E-03 8.55421896718446678E-02
6.20240425E+00 1.10080955000250863E-01 6.49806929087152173E-03 8.62881921832482079E-02
6.21649160E+00 1.09978740045495904E-01 6.52434073300200285E-03 8.70298722668810809E-02
6.23063047E+00 1.09875700239888852E-01 6.54999486220267987E-03 8.77681310657377201E-02
6.24480125E+00 1.09771975948765865E-01 6.57488272316338138E-03 8.85017425573089295E-02
6.25898020E+00 1.09667743727721645E-01 6.59941647519453247E-03 8.92292898370937310E-02
6.27319026E+00 1.09562837080126943E-01 6.62337415274176847E-03 8.99517457368118473E-02
6.28745494E+00 1.09457083078236622E-01 6.64668792683471496E-03 9.06700894313751810E-02
6.30179862E+00 1.09350297752529732E-01 6.66971264964542985E-03 9.13852867828276044E-02
6.31624683E+00 1.09242281061500787E-01 6.69235019412206446E-03 9.20983789797992641E-02
6.33082665E+00 1.09132819878047280E-01 6.71488905969932874E-03 9.28104191115243365E-02
6.34556719E+00 1.09021682208243736E-01 6.73756917006848675E-03 9.35225327351992819E-02
6.36050022E+00 1.08908610638305467E-01 6.76022975215330967E-03 9.42359027591010007E-02
6.37561428E+00 1.08793673554535994E-01 6.78280340052375523E-03 9.49496604966509339E-02
6.39081300E+00 1.08677593999069941E-01 6.80567046883951993E-03 9.56590697762916414E-02
6.40605968E+00 1.08560649783325150E-01 6.82739424350752629E-03 9.63622155530974023E-02
6.42129331E+00 1.08443321043640281E-01 6.84810764488533175E-03 9.70562313440607866E-02
6.43651239E+00 1.08325636510690937E-01 6.86918364578110053E-03 9.77409818623430765E-02
6.45171556E+00 1.08207608438938618E-01 6.89048281520881264E-03 9.84164466657889841E-02
6.46690164E+00 1.08089245235432466E-01 6.91176003647938492E-03 9.90825803843954217E-02
6.48206954E+00 1.07970558926847524E-01 6.93319759901296802E-03 9.97393696378936906E-02
6.49721832E+00 1.07851560017878767E-01 6.95479238404131915E-03 1.00386871011650350E-01
6.51234708E+00 1.07732261323007381E-01 6.97619801816328627E-03 1.01025126038612259E-01
6.52745495E+00 1.07612681558870840E-01 6.99685920053396380E-03 1.01654190341354880E-01
6.54254105E+00 1.07492845386995453E-01 7.01716784274872361E-03 1.02274108528955507E-01
6.55760445E+00 1.07372774836783716E-01 7.03762761357936036E-03 1.02884951181042808E-01
6.57264414E+00 1.07252482495337101E-01 7.05871432774336349E-03 1.03486762638548918E-01
6.58765900E+00 1.07131983896351674E-01 7.08021311046799599E-03 1.04079644733844776E-01
6.60264779E+00 1.07011298597542520E-01 7.10149230452729926E-03 1.04663629461919108E-01
6.61760914E+00 1.06890451975812609E-01 7.12243421656764443E-03 1.05238761893362384E-01
6.63254157E+00 1.06769473287943270E-01 7.14291936187148088E-03 1.05805133281151140E-01
6.64744348E+00 1.06648393488632157E-01 7.16343688294493897E-03 1.06362860901953266E-01
6.66231321E+00 1.06527234580309479E-01 7.18419853781875582E-03 1.06912093814246351E-01
6.67714905E+00 1.06406014903585505E-01 7.20611276699683386E-03 1.07452928049785665E-01
6.69194930E+00 1.06284745888293772E-01 7.22780750978110897E-03 1.07985475887477839E-01
6.70671228E+00 1.06163450209407220E-01 7.24931286489829442E-03 1.08509923805916286E-01
6.72143644E+00 1.06042152303357257E-01 7.26952952966117283E-03 1.09026497111596635E-01
6.73612032E+00 1.05920882729662436E-01 7.28905718269843780E-03 1.09535444228028606E-01
6.75076267E+00 1.05799666245388460E-01 7.30822815470390328E-03 1.10037070535577541E-01
6.76536245E+00 1.05678522870888636E-01 7.32818553147926433E-03 1.10531700427020846E-01
6.77991887E+00 1.05557457019171255E-01 7.34824710986130367E-03 1.11019779414716455E-01
6.79443138E+00 1.05436471964224524E-01 7.36789379944222545E-03 1.11501630432989135E-01
6.80889977E+00 1.05315573366060442E-01 7.38728037352731366E-03 1.11977671963277361E-01
6.82332410E+00 1.05194762712575829E-01 7.40567816282702070E-03 1.12448378391652004E-01
6.83770473E+00 1.05074045174333996E-01 7.42351145372523689E-03 1.12914275428469837E-01
6.85204235E+00 1.04953422526843018E-01 7.44188999928744720E-03 1.13375914831369995E-01
6.86633794E+00 1.04832885201470383E-01 7.46123273401638754E-03 1.13833940533427089E-01
6.88059280E+00 1.04712412814358766E-01 7.48072132390560033E-03 1.14288966203574607E-01
6.89480852E+00 1.04591982172383177E-01 7.49983131987216282E-03 1.14741598604534242E-01
6.90898698E+00 1.04471570204501915E-01 7.51792942990902029E-03 1.15192513103107241E-01
6.92312649E+00 1.04351190007267017E-01 7.53564980746814373E-03 1.15642284836636064E-01
6.93722303E+00 1.04230870591971239E-01 7.55280777952717711E-03 1.16091512488925450E-01
6.95127795E+00 1.04110597105148472E-01 7.56917157009135647E-03 1.16540881921980796E-01
6.96529291E+00 1.03990356401833919E-01 7.58628423854204332E-03 1.16991133114593249E-01
6.97926989E+00 1.03870125374730476E-01 7.60391763878441769E-03 1.17443084175514981E-01
6.99321117E+00 1.03749873217662616E-01 7.62149368277065427E-03 1.17897373376642467E-01
7.00711938E+00 1.03629566618015811E-01 7.63840828888476611E-03 1.18354684720826303E-01
7.02099744E+00 1.03509176661863919E-01 7.65534074969927668E-03 1.18815707967870082E-01
7.03484866E+00 1.03388671082758454E-01 7.67289083047238696E-03 1.19281184706290733E-01
7.04867666E+00 1.03268012480705940E-01 7.69137689099813962E-03 1.19751894703773815E-01
7.06248546E+00 1.03147157377854112E-01 7.71084120036915569E-03 1.20228638622801046E-01
7.07627945E+00 1.03026058529801776E-01 7.73051199292764443E-03 1.20712152809249254E-01
7.09006342E+00 1.02904668928255852E-01 7.74987929050763562E-03 1.21203156955957805E-01
7.10384256E+00 1.02782939313613667E-01 7.76898844563377565E-03 1.21702371344097962E-01
7.11762251E+00 1.02660815202843980E-01 7.78790748018542544E-03 1.22210507983592176E-01
7.13140936E+00 1.02538237722311062E-01 7.80674921469627463E-03 1.22728290374857218E-01
7.14520966E+00 1.02415143139478790E-01 7.82538825734854261E-03 1.23256458123849555E-01
7.15903048E+00 1.02291463066934180E-01 7.84404124839080917E-03 1.23795743980954803E-01
7.17287938E+00 1.02167125840011364E-01 7.86334004741637976E-03 1.24346810057321747E-01
7.18676444E+00 1.02042051579212117E-01 7.88261828226182251E-03 1.24910437806653646E-01
7.20069432E+00 1.01916158821165601E-01 7.90217315759324419E-03 1.25487414395112129E-01
7.21467820E+00 1.01789359982401642E-01 7.92207460496154904E-03 1.26078472155364912E-01
7.22872581E+00 1.01661558986304440E-01 7.94290183871728880E-03 1.26684373081658030E-01
7.24284741E+00 1.01532644108348627E-01 7.96496539248377385E-03 1.27305920970768371E-01
7.25705352E+00 1.01402497620930732E-01 7.98769984716167156E-03 1.27943884685524006E-01
7.27133200E+00 1.01271215171984022E-01 8.01062533206164246E-03 1.28598112113364499E-01
7.28569374E+00 1.01138685172327727E-01 8.03455276461143703E-03 1.29269350718296316E-01
7.30015005E+00 1.01004778835786485E-01 8.05898401984177226E-03 1.29958356527949209E-01
7.31471258E+00 1.00869370053148250E-01 8.08387727336076084E-03 1.30665918059666042E-01
7.32939322E+00 1.00732326448545989E-01 8.10978437825227855E-03 1.31392836648017958E-01
7.34412933E+00 1.00594206780966186E-01 8.13631828698709383E-03 1.32136484338678167E-01
7.35886499E+00 1.00455522591691798E-01 8.16356473096094271E-03 1.32894075159852326E-01
7.37350752E+00 1.00317144875856482E-01 8.19224511856848567E-03 1.33660695730981799E-01
7.38807030E+00 1.00178944106595752E-01 8.22204552894155102E-03 1.34436340142754102E-01
7.40263194E+00 1.00040160117180144E-01 8.25254641132853496E-03 1.35224659022047361E-01
7.41726231E+00 9.99001033247973597E-02 8.28411711563674727E-03 1.36029345998671669E-01
7.43177978E+00 9.97605052321464542E-02 8.31713138771887454E-03 1.36841003470968448E-01
7.44627833E+00 9.96204497171894188E-02 8.35178718005225550E-03 1.37663772308588561E-01
7.46085553E+00 9.94789655623808527E-02 8.38790951284258332E-03 1.38502754878681883E-01
7.47561440E+00 9.93350111693632742E-02 8.42566227015970060E-03 1.39363979240831409E-01
7.49031445E+00 9.91909137201746199E-02 8.46423511419997464E-03 1.40234506001633952E-01
7.50494264E+00 9.90467971686648518E-02 8.50316837194750770E-03 1.41112725092825936E-01
7.51960802E+00 9.89015721946886195E-02 8.54322923034579913E-03 1.42004246616455054E-01
7.53422089E+00 9.87561086598891524E-02 8.58500193310989673E-03 1.42903915759850009E-01
7.54872295E+00 9.86109746579315605E-02 8.62855829736645930E-03 1.43807717031541382E-01
7.56312496E+00 9.84660505883052511E-02 8.67419019919349853E-03 1.44715488747728410E-01
7.57744622E+00 9.83211211380538991E-02 8.72150808528640055E-03 1.45627834598970413E-01
7.59167785E+00 9.81762564591635578E-02 8.77032315642572828E-03 1.46543866488274221E-01
7.60580060E+00 9.80316429934429689E-02 8.81996386906331274E-03 1.47461829911483128E-01
7.61983198E+00 9.78870969785738815E-02 8.87028731470090349E-03 1.48382188962333489E-01
7.63378961E+00 9.77424321127323553E-02 8.92177385165146726E-03 1.49305569001408484E-01
7.64769115E+00 9.75974558977708712E-02 8.97463733304236164E-03 1.50232654060105275E-01
7.66155417E+00 9.74519667800029799E-02 9.02936322476826508E-03 1.51164134656770505E-01
7.67539596E+00 9.73057540218188466E-02 9.08582829223457747E-03 1.52100790103384592E-01
7.68923343E+00 9.71586067033125556E-02 9.14348049804728988E-03 1.53043332703886065E-01
7.70308290E+00 9.70103225231533639E-02 9.20268043689682035E-03 1.53992466092201047E-01
7.71695997E+00 9.68607002415918517E-02 9.26431750537982240E-03 1.54948856940010260E-01
7.73087931E+00 9.67095301680759162E-02 9.32757249482787584E-03 1.55913162757038121E-01
7.74485457E+00 9.65566163820755358E-02 9.39136418804223903E-03 1.56885989867680292E-01
7.75889824E+00 9.64017851222203487E-02 9.45585486682475225E-03 1.57867800472552500E-01
7.77302158E+00 9.62448734509131765E-02 9.52096991917012435E-03 1.58858962201537751E-01
7.78723460E+00 9.60857326287976460E-02 9.58706748781181818E-03 1.59859753416801587E-01
7.80153413E+00 9.59243648176579672E-02 9.65550373982703228E-03 1.60869519476352085E-01
7.81590742E+00 9.57608635922408413E-02 9.72519439680638934E-03 1.61886994442638765E-01
7.83029096E+00 9.55959204032895138E-02 9.79523639790723030E-03 1.62907510152248358E-01
7.84463796E+00 9.54300690707767935E-02 9.86547553467560442E-03 1.63927304106366606E-01
7.85888719E+00 9.52640390724995151E-02 9.93579247707465814E-03 1.64941598203629053E-01
7.87306265E+00 9.50975820296245111E-02 1.00054230087322123E-02 1.65951409870507993E-01
7.88718800E+00 9.49304559079943849E-02 1.00743204400156727E-02 1.66957945815150333E-01
7.90128678E+00 9.47624154975688221E-02 1.01431441496068423E-02 1.67962459367225259E-01
7.91538258E+00 9.45932040067567897E-02 1.02114071481831190E-02 1.68966251315072619E-01
7.92949903E+00 9.44225662049487241E-02 1.02794829217296938E-02 1.69970595831760052E-01
7.94362229E+00 9.42506926498852676E-02 1.03484648138611034E-02 1.70974253217169497E-01
7.95772892E+00 9.40778739023244437E-02 1.04162371443826465E-02 1.71975402647549042E-01
7.97184121E+00 9.39038675536362222E-02 1.04832758247131574E-02 1.72975153561823275E-01
7.98596840E+00 9.37285865315484884E-02 1.05490567932642072E-02 1.73973796465422159E-01
8.00002420E+00 9.35531485510404937E-02 1.06129559794625097E-02 1.74965238504690673E-01
8.01404338E+00 9.33771849212571003E-02 1.06751020766856393E-02 1.75951194332364391E-01
8.02806017E+00 9.32003268471505858E-02 1.07362133306638050E-02 1.76933534881769217E-01
8.04210856E+00 9.30221900636110932E-02 1.07946637463801794E-02 1.77914250260919587E-01
8.05622245E+00 9.28423961382741497E-02 1.08497779676178831E-02 1.78895295284467376E-01
8.07043587E+00 9.26605630189434176E-02 1.09036172754657188E-02 1.79878542414729586E-01
8.08463986E+00 9.24781077038208804E-02 1.09549374761815452E-02 1.80856486174571979E-01
8.09878997E+00 9.22956549485305922E-02 1.10034173235215183E-02 1.81825497463433156E-01
8.11293387E+00 9.21126593991124787E-02 1.10503524757660024E-02 1.82787962614240296E-01
8.12711777E+00 9.19285601610019820E-02 1.10939585696520834E-02 1.83746330093269100E-01
8.14129992E+00 9.17439580649834913E-02 1.11347052249982630E-02 1.84697500516102009E-01
8.15540335E+00 9.15599118660651440E-02 1.11729627366946253E-02 1.85635951751239842E-01
8.16948069E+00 9.13757876816035097E-02 1.12111643493591259E-02 1.86564268651781301E-01
8.18358330E+00 9.11909189695330191E-02 1.12479124943890372E-02 1.87485194157570090E-01
8.19776226E+00 9.10046518907548785E-02 1.12841779202817755E-02 1.88401316379501194E-01
8.21188999E+00 9.08186623035957541E-02 1.13175973497648234E-02 1.89304243914642040E-01
8.22589473E+00 9.06339196385007873E-02 1.13465263813839878E-02 1.90188792739051482E-01
8.23984409E+00 9.04495835084253991E-02 1.13720037128452571E-02 1.91058134761177112E-01
8.25380151E+00 9.02648634873347705E-02 1.13948956342991257E-02 1.91915431394345692E-01
8.26782825E+00 9.00789864600310963E-02 1.14151592716117672E-02 1.92763601211282581E-01
8.28198517E+00 8.98911686270878474E-02 1.14351969901196979E-02 1.93605300942808672E-01
8.29633455E+00 8.97005571008542002E-02 1.14538683804862977E-02 1.94443023449055563E-01
8.31069807E+00 8.95095026079643363E-02 1.14724075366588098E-02 1.95266163569693563E-01
8.32510396E+00 8.93176257585813621E-02 1.14905251696482344E-02 1.96074817082862451E-01
8.33964406E+00 8.91237099184867265E-02 1.15073729406891586E-02 1.96872848562131830E-01
8.35441389E+00 8.89264947045681070E-02 1.15218961562721274E-02 1.97664047894448247E-01
8.36923814E+00 8.87283450562044579E-02 1.15328906289005138E-02 1.98438728685378402E-01
8.38413741E+00 8.85290346839418263E-02 1.15410115561819845E-02 1.99196351326410892E-01
8.39929563E+00 8.83261477371616588E-02 1.15484952505206934E-02 1.99944296467290727E-01
8.41429670E+00 8.81252534285573985E-02 1.15535768505811952E-02 2.00663440621440925E-01
8.42889461E+00 8.79296686168481029E-02 1.15562627052977901E-02 2.01342389640625230E-01
8.44327852E+00 8.77368998009259438E-02 1.15587382008669939E-02 2.01989467984391435E-01
8.45759928E+00 8.75449469516102613E-02 1.15603034221849563E-02 2.02612003199177965E-01
8.47197534E+00 8.73522523838699411E-02 1.15608418948952036E-02 2.03215071488593219E-01
8.48632561E+00 8.71599296015551778E-02 1.15570520096731875E-02 2.03795882524570288E-01
8.50073766E+00 8.69668755239269425E-02 1.15506324165697612E-02 2.04357131875650772E-01
8.51528324E+00 8.67722019617993140E-02 1.15444799880497426E-02 2.04901441167619297E-01
8.53002133E+00 8.65751651454753773E-02 1.15350991392302784E-02 2.05430513595196984E-01
8.54492606E+00 8.63761659194327014E-02 1.15222494658785979E-02 2.05943230597669585E-01
8.55949098E+00 8.61820012906025917E-02 1.15074996970520628E-02 2.06424767887737309E-01
8.57383416E+00 8.59911237630268666E-02 1.14938787627939520E-02 2.06877632730837285E-01
8.58804390E+00 8.58023568925317254E-02 1.14789596137156846E-02 2.07306855618793973E-01
8.60218672E+00 8.56148338635037698E-02 1.14594059373985414E-02 2.07715163858549795E-01
8.61631231E+00 8.54279492228115361E-02 1.14341601853523763E-02 2.08104756296350474E-01
8.63045684E+00 8.52412976349975759E-02 1.14060145037684791E-02 2.08477249705497858E-01
8.64464579E+00 8.50545925473074893E-02 1.13750209750546130E-02 2.08833943052034648E-01
8.65879185E+00 8.48690240466714457E-02 1.13399737885410534E-02 2.09173752182551187E-01
8.67297681E+00 8.46835809556158031E-02 1.13032254605284627E-02 2.09498522623976308E-01
8.68726235E+00 8.44975016430003084E-02 1.12635582984194973E-02 2.09810462211450582E-01
8.70168985E+00 8.43102990036560113E-02 1.12206570812209538E-02 2.10110762413430574E-01
8.71628238E+00 8.41217316307494162E-02 1.11757422761393967E-02 2.10400284809127786E-01
8.73094366E+00 8.39330722362076204E-02 1.11304096977042789E-02 2.10678046884356041E-01
8.74559340E+00 8.37453482842824698E-02 1.10850293449098313E-02 2.10943109758901265E-01
8.76015751E+00 8.35594855999080149E-02 1.10393995646102510E-02 2.11195166395528267E-01
8.77454682E+00 8.33765905103937000E-02 1.09941189140600332E-02 2.11433874427896684E-01
8.78887607E+00 8.31951789296579147E-02 1.09482257647108699E-02 2.11661276454826047E-01
8.80323080E+00 8.30141597108041696E-02 1.09009787084718267E-02 2.11879860058394182E-01
8.81767168E+00 8.28327718183243661E-02 1.08515003781266151E-02 2.12091114106996409E-01
8.83223715E+00 8.26505548410446239E-02 1.08014682438005143E-02 2.12213158249446088E-01
8.84668113E+00 8.24705773761490873E-02 1.07529835799973893E-02 2.12607720992570498E-01
8.86098145E+00 8.22930805702585116E-02 1.07072550287471719E-02 2.12626637818905673E-01
8.87520923E+00 8.21171419899941191E-02 1.06617057291933728E-02 2.12901410115806239E-01
8.88944670E+00 8.19417266014606932E-02 1.06161050829588818E-02 2.12956478116380798E-01
8.90378386E+00 8.17657172601441024E-02 1.05713380508659811E-02 2.13324059078311673E-01
8.91813172E+00 8.15901814329910435E-02 1.05273631443169279E-02 2.13341057861959643E-01
8.93253929E+00 8.14144929966957587E-02 1.04842568325079575E-02 2.13589109620317963E-01
8.94708089E+00 8.12377304841357811E-02 1.04413981863330126E-02 2.13644220657509709E-01
8.96184273E+00 8.10588481462859028E-02 1.03986645902534817E-02 2.14001121975040648E-01
8.97692284E+00 8.08766733989615683E-02 1.03581599444997671E-02 2.14018865888351034E-01
8.99221407E+00 8.06925122007442902E-02 1.03192979036478179E-02 2.14271436987762798E-01
9.00724957E+00 8.05119642652109141E-02 1.02829731452829427E-02 2.14328144495065515E-01
9.02211741E+00 8.03339457196680790E-02 1.02492454776516046E-02 2.14692396736192725E-01
9.03691335E+00 8.01572954228411266E-02 1.02201869232587447E-02 2.14707827000701762E-01
9.05173685E+00 7.99808075394304319E-02 1.01902712459075763E-02 2.14949909854413423E-01
9.06642543E+00 7.98064212325848288E-02 1.01597110403150639E-02 2.15009427328139990E-01
9.08100525E+00 7.96338356900340716E-02 1.01297982910709527E-02 2.15384685079272054E-01
9.09554198E+00 7.94622784585603953E-02 1.01020966139705373E-02 2.15399196018138589E-01
9.11010869E+00 7.92908775738759841E-02 1.00742243475722068E-02 2.15644712994278620E-01
9.12478318E+00 7.91187291246883140E-02 1.00451498920916260E-02 2.15728959359426570E-01
9.13964585E+00 7.89449206044468138E-02 1.00149923723624312E-02 2.16081880258215314E-01
9.15477758E+00 7.87685452326876007E-02 9.98480596525262720E-03 2.16111472967395329E-01
9.17011437E+00 7.85903747275570885E-02 9.95550513960052376E-03 2.16438779545292143E-01
9.18546652E+00 7.84126103223964643E-02 9.92605649687150655E-03 2.16491274334112555E-01
9.20091109E+00 7.82343680227813310E-02 9.89544175362361451E-03 2.16885400092280856E-01
9.21653226E+00 7.80547071738951770E-02 9.86356283990844594E-03 2.16918858745267479E-01
9.23207724E+00 7.78765523582376773E-02 9.83133510613973076E-03 2.17283548635374135E-01
9.24749917E+00 7.77004379990298283E-02 9.79921976504416134E-03 2.17335087010392947E-01
9.26286162E+00 7.75256309924225590E-02 9.76729101782179004E-03 2.17742933880998440E-01
9.27822917E+00 7.73513939103261799E-02 9.73484459484675636E-03 2.17778662145781871E-01
9.29366567E+00 7.71770094804564433E-02 9.70167465648679762E-03 2.18162909068475797E-01
9.30923317E+00 7.70017902551207029E-02 9.66847334640878221E-03 2.18214828175409187E-01
9.32478627E+00 7.68273637566587869E-02 9.63619323621556743E-03 2.18635908857843175E-01
9.34016142E+00 7.66555226258665567E-02 9.60535592015755377E-03 2.18677997807371904E-01
9.35538039E+00 7.64859749105738784E-02 9.57544901804116902E-03 2.19066761763238499E-01
9.37052475E+00 7.63177811532212841E-02 9.54606172316350976E-03 2.19117781828902625E-01
9.38567199E+00 7.61500651083054786E-02 9.51747738018375242E-03 2.19532644373412661E-01
9.40089532E+00 7.59820053678150198E-02 9.48932647611702533E-03 2.19575517911145102E-01
9.41626345E+00 7.58128380282606512E-02 9.46008567155495576E-03 2.19966922756410332E-01
9.43184049E+00 7.56418714733202158E-02 9.43018613518332473E-03 2.20036817103736654E-01
9.44765633E+00 7.54687984961544267E-02 9.40074906881282514E-03 2.20426938874362655E-01
9.46348935E+00 7.52960437453141090E-02 9.37178101919359900E-03 2.20499427202455689E-01
9.47933487E+00 7.51236519448914702E-02 9.34294529148530471E-03 2.20891838838074284E-01
9.49516634E+00 7.49519123256363329E-02 9.31561204046231495E-03 2.20960368529542844E-01
9.51102394E+00 7.47803832487031472E-02 9.28980820605961044E-03 2.21344779131716546E-01
9.52691636E+00 7.46089656973398657E-02 9.26462122143213718E-03 2.21414018319166517E-01
9.54282972E+00 7.44378102930147584E-02 9.23989665000332985E-03 2.21793459140923299E-01
9.55876761E+00 7.42668826283396644E-02 9.21521997390310765E-03 2.21844531010484458E-01
9.57473400E+00 7.40961535089414980E-02 9.19091669230405472E-03 2.22251013465827069E-01
9.59073300E+00 7.39255894728230584E-02 9.16835171392404828E-03 2.22290810658344357E-01
9.60676873E+00 7.37551404488114432E-02 9.14695575227111347E-03 2.22655154762471857E-01
9.62284510E+00 7.35847551919454057E-02 9.12627635914828143E-03 2.22703840129703207E-01
9.63896563E+00 7.34143861360039701E-02 9.10639450138413763E-03 2.23087333885354261E-01
9.65513340E+00 7.32439879079950090E-02 9.08672863544629852E-03 2.23124382822860984E-01
9.67135094E+00 7.30735282168057387E-02 9.06786605951974065E-03 2.23461422234564555E-01
9.68762028E+00 7.29029751355760453E-02 9.05058250210609080E-03 2.23507348007021711E-01
9.70391610E+00 7.27325746312211252E-02 9.03436419786475715E-03 2.23860573866848156E-01
9.72020127E+00 7.25627020395519240E-02 9.01924617942008629E-03 2.23893694078909661E-01
9.73647938E+00 7.23933083788266540E-02 9.00499413033492395E-03 2.24192788510852281E-01
9.75275443E+00 7.22243405697987895E-02 8.99115585281567639E-03 2.24234472532788692E-01
9.76903062E+00 7.20557454059002345E-02 8.97715182850839649E-03 2.24545422871853390E-01
9.78531212E+00 7.18874761555477748E-02 8.96414527710832215E-03 2.24570934967361135E-01
9.80160298E+00 7.17194746907821312E-02 8.95208911647368301E-03 2.24828424105401464E-01
9.81790699E+00 7.15516829469072663E-02 8.94099843234778639E-03 2.24863666530364797E-01
9.83422760E+00 7.13840456393572131E-02 8.93048922001490712E-03 2.25121860696382958E-01
9.85056793E+00 7.12165149358021526E-02 8.92008886971287600E-03 2.25143316817854960E-01
9.86693074E+00 7.10490514068523454E-02 8.90958524939738754E-03 2.25351051775156935E-01
9.88331846E+00 7.08816240772109918E-02 8.89947440334880324E-03 2.25376898272639209E-01
9.89973324E+00 7.07141950346651393E-02 8.88865149407629292E-03 2.25582090050135797E-01
9.91617705E+00 7.05467406773908901E-02 8.87717599699845705E-03 2.25597390981075119E-01
9.93265174E+00 7.03792406787046715E-02 8.86564886542823630E-03 2.25741416267235789E-01
9.94915914E+00 7.02116688241575387E-02 8.85402642200979612E-03 2.25763477085985459E-01
9.96570123E+00 7.00439961314573978E-02 8.84230809049560071E-03 2.25911082614829561E-01
9.98228021E+00 6.98761886466438276E-02 8.83026198706571633E-03 2.25919963278439745E-01
9.99889866E+00 6.97082134907832524E-02 8.81779806908019118E-03 2.25953508415345811E-01
1.00155596E+01 6.95400378218738596E-02 8.80493250536718702E-03 2.26089792622686525E-01
1.00322667E+01 6.93716231251763765E-02 8.79143914918150034E-03 2.26083110591651343E-01
1.00490243E+01 6.92029298931134268E-02 8.77719378909988350E-03 2.26082001883143618E-01
1.00658372E+01 6.90339152795631517E-02 8.76349837602133017E-03 2.26095214846307041E-01
1.00827113E+01 6.88645155547076421E-02 8.75079966065239225E-03 2.26118430542440269E-01
1.00996529E+01 6.86946526644755945E-02 8.73949814884656881E-03 2.26139661573786233E-01
1.01166690E+01 6.85242388172621897E-02 8.72857104766769885E-03 2.26147259729111760E-01
1.01337671E+01 6.83531909830623896E-02 8.71769833780581052E-03 2.26135493325688247E-01
1.01509553E+01 6.81814306397487274E-02 8.70681798985878212E-03 2.26102102528763893E-01
1.01682419E+01 6.80088756805663774E-02 8.69604543011842299E-03 2.26039589514022116E-01
1.01856352E+01 6.78354406638289609E-02 8.68518808089944160E-03 2.26011025902938006E-01
1.02030848E+01 6.76616249218980476E-02 8.67381311435402522E-03 2.25970115799271370E-01
1.02205909E+01 6.74874359094329718E-02 8.66269994564765333E-03 2.25893132242454886E-01
1.02378065E+01 6.73163078361406625E-02 8.65206386109551411E-03 2.25851559666368135E-01
1.02548481E+01 6.71470675980220949E-02 8.64331801217701687E-03 2.25709787510156690E-01
1.02718302E+01 6.69785520751011582E-02 8.63584924146830815E-03 2.25712289768810026E-01
1.02888668E+01 6.68096112765327876E-02 8.62991587760244226E-03 2.25680685776339623E-01
1.03060729E+01 6.66390847893510996E-02 8.62496792356883153E-03 2.25472501777882028E-01
1.03233787E+01 6.64676436540397736E-02 8.62068152409074633E-03 2.25468326065859703E-01
1.03405267E+01 6.62978159245470738E-02 8.61599393248073213E-03 2.25400150786809472E-01
1.03576351E+01 6.61284278332281428E-02 8.61092800808516308E-03 2.25190608755358151E-01
1.03748199E+01 6.59583391695283544E-02 8.60576646501736223E-03 2.25184766431581002E-01
1.03921602E+01 6.57867701743656691E-02 8.60097801473240151E-03 2.25043941156017946E-01
1.04094167E+01 6.56160771163811080E-02 8.59648138028905329E-03 2.25006844060808064E-01
1.04266685E+01 6.54454717078669229E-02 8.59302863776790354E-03 2.24765780199760651E-01
1.04439060E+01 6.52750417365159791E-02 8.58989391311284524E-03 2.24760132831087978E-01
1.04611454E+01 6.51046300824551505E-02 8.58808723486680428E-03 2.24610505242428843E-01
1.04785536E+01 6.49325873289029049E-02 8.58568486997061432E-03 2.24570913243492376E-01
1.04959255E+01 6.47609502267378623E-02 8.58287885616636215E-03 2.24314574668267097E-01
1.05132218E+01 6.45901221637092265E-02 8.57956333758354804E-03 2.24310171126211377E-01
1.05305417E+01 6.44191452742421677E-02 8.57544431716705628E-03 2.24161829929780010E-01
1.05479905E+01 6.42470044182970601E-02 8.57064904908517305E-03 2.24105763372550337E-01
1.05656824E+01 6.40726021480128027E-02 8.56481636510013182E-03 2.23877134024172003E-01
1.05833093E+01 6.38990014207034829E-02 8.55860276836664310E-03 2.23865343457527177E-01
1.06009722E+01 6.37252316252113066E-02 8.55217921890674346E-03 2.23688460507919462E-01
1.06186749E+01 6.35512754718789985E-02 8.54495578823701203E-03 2.23658151633070290E-01
1.06365410E+01 6.33759426427485395E-02 8.53692395972052882E-03 2.23432413860808810E-01
1.06545577E+01 6.31993800660419075E-02 8.52678292041425014E-03 2.23421191176858214E-01
1.06726075E+01 6.30227715632130092E-02 8.51448364502639145E-03 2.23250867076216664E-01
1.06907700E+01 6.28453793710695291E-02 8.50058813887216713E-03 2.23222637690573572E-01
1.07091460E+01 6.26662627849378234E-02 8.48666854971585893E-03 2.23010727132036152E-01
1.07276187E+01 6.24865842188956078E-02 8.47350387215665968E-03 2.23001088232222366E-01
1.07461853E+01 6.23063840423887169E-02 8.45962288426822112E-03 2.22847465418526153E-01
1.07649298E+01 6.21248682591861723E-02 8.44455780297211425E-03 2.22822229500885899E-01
1.07840143E+01 6.19405002571251848E-02 8.42839472840724128E-03 2.22633662044138120E-01
1.08030712E+01 6.17568437949752164E-02 8.41086283109093551E-03 2.22627059787138287E-01
1.08222138E+01 6.15728284697416584E-02 8.39185803757136993E-03 2.22503939696461012E-01
1.08411016E+01 6.13917368580140094E-02 8.37280273088147724E-03 2.22486026175617357E-01
1.08599044E+01 6.12119452776252806E-02 8.35303614963283682E-03 2.22335752264226777E-01
1.08787973E+01 6.10317988028566891E-02 8.33262195046664302E-03 2.22335596537789670E-01
1.08979683E+01 6.08495354064938140E-02 8.31155104242122141E-03 2.22308421429745329E-01
1.09173089E+01 6.06662182748254272E-02 8.29021234714441384E-03 2.22161062906985785E-01
1.09366544E+01 6.04834269328169416E-02 8.26777814605552525E-03 2.22172981294585431E-01
1.09560086E+01 6.03011461207355118E-02 8.24391965885809194E-03 2.22173566250682769E-01
1.09753742E+01 6.01193753788289015E-02 8.21882816616162359E-03 2.22150938731228736E-01
1.09946872E+01 5.99387392718781428E-02 8.19312783364889788E-03 2.22100501993137883E-01
1.10139595E+01 5.97591431321315703E-02 8.16685768065688288E-03 2.22083850261210830E-01
1.10332049E+01 5.95804812326735100E-02 8.13990965163310758E-03 2.22077865766643595E-01
1.10524393E+01 5.94026306108048838E-02 8.11252525541968084E-03 2.22083975664568445E-01
1.10716809E+01 5.92254390036910175E-02 8.08476734488195251E-03 2.22100536225798534E-01
1.10909512E+01 5.90487175845758189E-02 8.05618556145979575E-03 2.22124521282912379E-01
1.11102752E+01 5.88722468391037687E-02 8.02566934944382547E-03 2.22155702781115794E-01
1.11296817E+01 5.86957881189866179E-02 7.99331915114368310E-03 2.22188742041165066E-01
1.11491797E+01 5.85192869756152520E-02 7.95979788740414779E-03 2.22224156491335728E-01
1.11686799E+01 5.83435642115872413E-02 7.92634971684644772E-03 2.22263910279764415E-01
1.11882223E+01 5.81682516835253932E-02 7.89301097169219437E-03 2.22322047353866736E-01
1.12078506E+01 5.79929438357930926E-02 7.85973976132414015E-03 2.22361718619764726E-01
1.12276117E+01 5.78172083287007976E-02 7.82618698044597154E-03 2.22422942456992817E-01
1.12475369E+01 5.76407635673907917E-02 7.79250208577815431E-03 2.22466433883611897E-01
1.12674911E+01 5.74647914690807338E-02 7.75882378612480477E-03 2.22584815403667563E-01
1.12874975E+01 5.72890674182287354E-02 7.72510883408004598E-03 2.22588431857337093E-01
1.13075884E+01 5.71132870147254557E-02 7.69152457363022485E-03 2.22609001201388657E-01
1.13277172E+01 5.69378316449253505E-02 7.65787858139589227E-03 2.22725604097357921E-01
1.13478212E+01 5.67632158122625616E-02 7.62449340786754137E-03 2.22739990373096303E-01
1.13679593E+01 5.65888971937598476E-02 7.59179796012429860E-03 2.22771731005129092E-01
1.13881677E+01 5.64145355912533675E-02 7.56005809034721726E-03 2.22833405790924449E-01
1.14084010E+01 5.62404974065316698E-02 7.52949441181227121E-03 2.22873858978052036E-01
1.14286774E+01 5.60666059298419173E-02 7.50008666716893077E-03 2.22908801885873031E-01
1.14490191E+01 5.58926525862021434E-02 7.47147045669163852E-03 2.22931681498948209E-01
1.14694519E+01 5.57184073810835234E-02 7.44315121794878604E-03 2.22944319903931404E-01
1.14900045E+01 5.55436328170221608E-02 7.41491687868962076E-03 2.22945753683251952E-01
1.15107080E+01 5.53680822235004741E-02 7.38732190258903354E-03 2.22935798773475524E-01
1.15315949E+01 5.51914947860947663E-02 7.36026453025892015E-03 2.22911291383000282E-01
1.15526985E+01 5.50136110008926649E-02 7.33380365576739249E-03 2.22862171445845803E-01
1.15740343E+01 5.48343300593393188E-02 7.30787599122604149E-03 2.22817526029884250E-01
1.15953738E+01 5.46555912259995905E-02 7.28231824572079644E-03 2.22764775550720023E-01
1.16167913E+01 5.44767951783195065E-02 7.25771661808218178E-03 2.22638983721935607E-01
1.16382527E+01 5.42982356097794772E-02 7.23405189841871792E-03 2.22634208283856910E-01
1.16597683E+01 5.41198313620027543E-02 7.21026846433436234E-03 2.22483269399337019E-01
1.16813612E+01 5.39414145193737177E-02 7.18597826673532131E-03 2.22453794942008259E-01
1.17030569E+01 5.37628050251177381E-02 7.16134124750741723E-03 2.22202294233832476E-01
1.17247792E+01 5.35846551815041885E-02 7.13687327664016928E-03 2.22189997885634399E-01
1.17465833E+01 5.34065249328024502E-02 7.11270404921834562E-03 2.21951823539989435E-01
1.17686610E+01 5.32268702003138514E-02 7.08845872072720509E-03 2.21899020107991368E-01
1.17909194E+01 5.30464669229865349E-02 7.06416449425340248E-03 2.21604519714958065E-01
1.18131921E+01 5.28666647206429210E-02 7.04076622999591593E-03 2.21557398157315399E-01
1.18354824E+01 5.26874224853014009E-02 7.01761864699979813E-03 2.21245978715567060E-01
1.18577946E+01 5.25087038484920582E-02 6.99488934046326154E-03 2.21134632590635427E-01
1.18801331E+01 5.23304739660178167E-02 6.97224869894416243E-03 2.20911772398756368E-01
1.19025014E+01 5.21527065671014145E-02 6.94941715620139931E-03 2.20710734642240392E-01
1.19249024E+01 5.19753864255114786E-02 6.92618264816215277E-03 2.20496676588076923E-01
1.19473376E+01 5.17985056248922715E-02 6.90200391077681625E-03 2.20279214048158062E-01
1.19698076E+01 5.16220728902559156E-02 6.87721751523441473E-03 2.20056359260483364E-01
1.19923126E+01 5.14460969896084197E-02 6.85168515081873396E-03 2.19828958156435578E-01
1.20148536E+01 5.12705847165553577E-02 6.82566273753335701E-03 2.19597338982365914E-01
1.20374331E+01 5.10955292351494145E-02 6.79960376295602083E-03 2.19361836354833334E-01
1.20600564E+01 5.09208976230894200E-02 6.77372275705212783E-03 2.19122778912780675E-01
1.20827329E+01 5.07466263203978016E-02 6.74807366731558413E-03 2.18880354705312002E-01
1.21054769E+01 5.05726151713662905E-02 6.72243343942225714E-03 2.18634729102305886E-01
1.21282266E+01 5.03993466119163139E-02 6.69679374318053570E-03 2.18387035916700806E-01
1.21509461E+01 5.02270991704996117E-02 6.67126653778024863E-03 2.18138012539448645E-01
1.21736471E+01 5.00557870585136219E-02 6.64578268479959662E-03 2.17887850105731307E-01
1.21963438E+01 4.98853040619235202E-02 6.61983219622682556E-03 2.17636741946740986E-01
1.22190536E+01 4.97155321987436394E-02 6.59327235089024292E-03 2.17385040749504793E-01
1.22417959E+01 4.95463421777737265E-02 6.56604518981002919E-03 2.17133055780144885E-01
1.22645921E+01 4.93775945341223960E-02 6.53845570623871539E-03 2.16881090261105136E-01
1.22874648E+01 4.92091354923161334E-02 6.51024229317531591E-03 2.16629542209936909E-01
1.23103236E+01 4.90416396123615414E-02 6.48168961933413140E-03 2.16380234640248442E-01
1.23331695E+01 4.88751085444651054E-02 6.45271855523434773E-03 2.16133882717132464E-01
1.23560446E+01 4.87092432804190206E-02 6.42319366402005227E-03 2.15890625669315134E-01
1.23789953E+01 4.85437216259868229E-02 6.39334137857305949E-03 2.15650801247757151E-01
1.24020695E+01 4.83782117968939232E-02 6.36301625609096092E-03 2.15414851962882042E-01
1.24253150E+01 4.82123827876365721E-02 6.33170034252548541E-03 2.15183307461913192E-01
1.24487779E+01 4.80459288122661102E-02 6.29972263685641722E-03 2.14956768310692825E-01
1.24722222E+01 4.78805279792763050E-02 6.26738317360962111E-03 2.14738886850074751E-01
1.24955331E+01 4.77169773497320565E-02 6.23457701616593907E-03 2.14531662148348568E-01
1.25187628E+01 4.75548998480815124E-02 6.20163729107713144E-03 2.14335012653351642E-01
1.25419643E+01 4.73939163677623357E-02 6.16839108140733710E-03 2.14149103315560918E-01
1.25651909E+01 4.72336524419310413E-02 6.13470256357900347E-03 2.13974214173563632E-01
1.25884952E+01 4.70737415741791648E-02 6.10090835694206916E-03 2.13810746989719191E-01
1.26119280E+01 4.69138287668074347E-02 6.06661190663971683E-03 2.13659209891014001E-01
1.26355379E+01 4.67535880081163327E-02 6.03193454438625664E-03 2.13520191057471970E-01
1.26591643E+01 4.65941051809340701E-02 5.99750916990233075E-03 2.13395665906845416E-01
1.26827285E+01 4.64358907958958497E-02 5.96286502440244743E-03 2.13286598870318950E-01
1.27062898E+01 4.62785341476480774E-02 5.92805038758505501E-03 2.13192875252470715E-01
1.27299044E+01 4.61216534733140462E-02 5.89296333208772991E-03 2.13144121422675747E-01
1.27536248E+01 4.59649010158714802E-02 5.85773917918441193E-03 2.13011883281216646E-01
1.27774915E+01 4.58080123889774982E-02 5.82322599904277430E-03 2.13005391405453215E-01
1.28014074E+01 4.56516169201329619E-02 5.78983513589287953E-03 2.12991946828412104E-01
1.28253839E+01 4.54956212047957845E-02 5.75731369783350627E-03 2.12972218730055313E-01
1.28494298E+01 4.53399562049291924E-02 5.72522977101597337E-03 2.12957266697834963E-01
1.28735511E+01 4.51845826667494760E-02 5.69315205445718002E-03 2.12960718769840962E-01
1.28976973E+01 4.50298305910869501E-02 5.66119750766689179E-03 2.13067298850277170E-01
1.29218731E+01 4.48756723974819555E-02 5.62962048002281328E-03 2.13067131457341741E-01
1.29460856E+01 4.47220593525814863E-02 5.59814916054202083E-03 2.13187902714922939E-01
1.29703402E+01 4.45689617336215149E-02 5.56683313128703960E-03 2.13250482692730892E-01
1.29946410E+01 4.44163620738786055E-02 5.53557138704273768E-03 2.13366346439424620E-01
1.30189909E+01 4.42642525301629799E-02 5.50445448863209549E-03 2.13487327943588961E-01
1.30433923E+01 4.41126298537306213E-02 5.47336909410773773E-03 2.13625844912688795E-01
1.30678474E+01 4.39614940281972677E-02 5.44227918381091219E-03 2.13777836562046353E-01
1.30923585E+01 4.38108429616820283E-02 5.41132181868525346E-03 2.13943296253299026E-01
1.31169286E+01 4.36606671513124142E-02 5.38062667235466360E-03 2.14121198959830672E-01
1.31415611E+01 4.35109518944000323E-02 5.35016798928059350E-03 2.14310642487304082E-01
1.31662224E+01 4.33619053958566106E-02 5.31982744045606838E-03 2.14510391875708445E-01
1.31909187E+01 4.32134922036270519E-02 5.28973804619011726E-03 2.14719410507452552E-01
1.32156570E+01 4.30656730687395267E-02 5.25963401480437302E-03 2.14936773700837136E-01
1.32404445E+01 4.29184102094018957E-02 5.22950447116176872E-03 2.15161562597056016E-01
1.32652892E+01 4.27716644400335036E-02 5.19954629414141629E-03 2.15392927990310706E-01
1.32901989E+01 4.26253918479091304E-02 5.17001055591058932E-03 2.15630092518137223E-01
1.33151813E+01 4.24795467370474300E-02 5.14028661233069829E-03 2.15872372255276002E-01
1.33402436E+01 4.23340951147936073E-02 5.11032467425125061E-03 2.16119142607834408E-01
1.33653918E+01 4.21890107430559769E-02 5.08017044690138760E-03 2.16369892366077093E-01
1.33906312E+01 4.20442729992206651E-02 5.04984765144293312E-03 2.16624205343718762E-01
1.34159655E+01 4.18998659704115997E-02 5.01946911310585664E-03 2.16881762853919691E-01
1.34413976E+01 4.17557784210128707E-02 4.98931316705941881E-03 2.17142399199250574E-01
1.34669296E+01 4.16119982299886573E-02 4.95962145297576800E-03 2.17406083980602849E-01
1.34925636E+01 4.14685095688033800E-02 4.93018527324477155E-03 2.17672907991696668E-01
1.35182336E+01 4.13256747494410159E-02 4.90099636845713928E-03 2.17942426559632030E-01
1.35438288E+01 4.11840962010642311E-02 4.87208772029873189E-03 2.18213820628680694E-01
1.35693641E+01 4.10436768415387496E-02 4.84343178115032025E-03 2.18487538198273684E-01
1.35948538E+01 4.09043262498528931E-02 4.81507825609445161E-03 2.18764226322773869E-01
1.36203008E+01 4.07660168648323259E-02 4.78698665520746643E-03 2.19044530513540447E-01
1.36457036E+01 4.06287467948685810E-02 4.75928913027967408E-03 2.19329108219587815E-01
1.36710965E+01 4.04923203453759414E-02 4.73189340065184334E-03 2.19619055336475771E-01
1.36965134E+01 4.03565467943438339E-02 4.70480978135213394E-03 2.19915585273102843E-01
1.37219713E+01 4.02213298520744389E-02 4.67807747183664972E-03 2.20219828060073980E-01
1.37472017E+01 4.00880759442990078E-02 4.65211261352792543E-03 2.20529679209407026E-01
1.37722104E+01 3.99567239071893579E-02 4.62694739299810472E-03 2.20845712855461063E-01
1.37970364E+01 3.98270419407787887E-02 4.60245344275950902E-03 2.21169037982882205E-01
1.38217196E+01 3.96988010120265800E-02 4.57864729888053310E-03 2.21500881376467812E-01
1.38463002E+01 3.95717748986430390E-02 4.55547766641228521E-03 2.21842514713468525E-01
1.38708182E+01 3.94457418866395321E-02 4.53268995180713084E-03 2.22195254763007194E-01
1.38953132E+01 3.93204898059952984E-02 4.51019350406313673E-03 2.22560419226047579E-01
1.39198242E+01 3.91958152525119854E-02 4.48791731647766798E-03 2.22939383938286800E-01
1.39443892E+01 3.90715244276763837E-02 4.46577388392881570E-03 2.23333578848536440E-01
1.39690449E+01 3.89474348200544856E-02 4.44372813584318575E-03 2.23744480192253070E-01
1.39938045E+01 3.88234870113824404E-02 4.42186792467253419E-03 2.24173232827475505E-01
1.40185831E+01 3.87001071442063180E-02 4.40046240858458799E-03 2.24619254193705375E-01
1.40432841E+01 3.85777673032640309E-02 4.37952660466988612E-03 2.25081339272864250E-01
1.40678627E+01 3.84566732831861657E-02 4.35906911213910977E-03 2.25558960929294061E-01
1.40923595E+01 3.83366103171070421E-02 4.33899525690900189E-03 2.26053065288149169E-01
1.41168141E+01 3.82173732538221775E-02 4.31924587261138786E-03 2.26564718330727055E-01
1.41412652E+01 3.80987663596791329E-02 4.29981443054448884E-03 2.27095027171465846E-01
1.41657506E+01 3.79806014964505570E-02 4.28061294415455797E-03 2.27645109318030781E-01
1.41903070E+01 3.78626990238780797E-02 4.26156173299569938E-03 2.28216230225703337E-01
1.42148620E+01 3.77454033346346154E-02 4.24282934439607160E-03 2.28807341852988844E-01
1.42394459E+01 3.76285631522328343E-02 4.22435737727743475E-03 2.29419458056176168E-01
1.42640965E+01 3.75119935019163700E-02 4.20608998583682243E-03 2.30053643472209052E-01
1.42888521E+01 3.73955126453190123E-02 4.18794458471854168E-03 2.30711049072667707E-01
1.43137508E+01 3.72789420349723469E-02 4.16978321098170242E-03 2.31392950152548016E-01
1.43388310E+01 3.71621074357853659E-02 4.15159741671483704E-03 2.32100716269001750E-01
1.43641226E+01 3.70448769507493378E-02 4.13344397944582186E-03 2.32835587845471592E-01
1.43894660E+01 3.69279914628188044E-02 4.11548241444982445E-03 2.33593205748025667E-01
1.44148779E+01 3.68113684783986650E-02 4.09765188578187656E-03 2.34373775228762460E-01
1.44403765E+01 3.66949228716924106E-02 4.07990585413163780E-03 2.35177553457244365E-01
1.44659809E+01 3.65785653870677047E-02 4.06209017379171363E-03 2.36005059051586641E-01
1.44917116E+01 3.64622046113721732E-02 4.04415669442661791E-03 2.36856728653654147E-01
1.45175901E+01 3.63457473318573726E-02 4.02605490085665603E-03 2.37733000457639509E-01
1.45436392E+01 3.62290989423251150E-02 4.00775370521094278E-03 2.38634396407836402E-01
1.45698827E+01 3.61121625991845455E-02 3.98926009626764978E-03 2.39561481828851647E-01
1.45961837E+01 3.59955533035222902E-02 3.97062883259312067E-03 2.40509120397926907E-01
1.46225157E+01 3.58793895834250282E-02 3.95204827380348823E-03 2.41475622349270030E-01
1.46488857E+01 3.57636401755245942E-02 3.93348128086370551E-03 2.42460377540581862E-01
1.46752901E+01 3.56483207416088271E-02 3.91484709959774406E-03 2.43462421834671316E-01
1.47016934E+01 3.55335871090438626E-02 3.89626397941534100E-03 2.44479581650486250E-01
1.47281052E+01 3.54193973558677155E-02 3.87773998599457402E-03 2.45511272093514005E-01
1.47545337E+01 3.53057139994670185E-02 3.85913404054849139E-03 2.46556823370837647E-01
1.47809866E+01 3.51925058079999922E-02 3.84037107270186143E-03 2.47615436179662557E-01
1.48074708E+01 3.50797463372828980E-02 3.82155701515305996E-03 2.48686429016030719E-01
1.48339931E+01 3.49674101941147286E-02 3.80271222619494838E-03 2.49769008543479221E-01
1.48605543E+01 3.48554958962844427E-02 3.78382588950715781E-03 2.50862108500369441E-01
1.48871173E+01 3.47441616912566656E-02 3.76486154027075130E-03 2.51963054915135709E-01
1.49136896E+01 3.46333774464003888E-02 3.74587249844354937E-03 2.53070964611867399E-01
1.49402786E+01 3.45231147934208851E-02 3.72690278641853168E-03 2.54184987046499888E-01
1.49668913E+01 3.44133457582170496E-02 3.70792276737226143E-03 2.55304267167609789E-01
1.49834456E+01 3.43453283904020940E-02 3.69614598516111552E-03 2.56006577752000475E-01
1.50000000E+01 3.42775327792039161E-02 3.68438673958782501E-03 2.56706915613474307E-01
