#  time, MeanKE MeanKEDR MeanP
0 1.24924716013033330E-01 5.08177487518380547E-04 -5.53602782891480650E-18
1.47262156E-02 1.24915278206964214E-01 5.08151370127895652E-04 2.37127597922956001E-04
2.94623703E-02 1.24906947760863044E-01 5.08157881756763925E-04 2.53029320913477425E-04
4.41998331E-02 1.24898983444372447E-01 5.08193800835000085E-04 2.31391599287254784E-04
5.89390231E-02 1.24891136133275626E-01 5.08258051105079517E-04 1.94261686713289114E-04
7.36804175E-02 1.24883322303722191E-01 5.08350283271794662E-04 1.40163641428665044E-04
8.84245120E-02 1.24875513682554604E-01 5.08470395694278683E-04 6.91803915117390289E-05
1.03171806E-01 1.24867700416537594E-01 5.08618374340639285E-04 -1.89855548521472043E-05
1.17921973E-01 1.24859879232244897E-01 5.08794228379618732E-04 -1.24175534657580412E-04
1.32673701E-01 1.24852049424473519E-01 5.08997961848273303E-04 -2.46350571263140414E-04
1.47427496E-01 1.24844210008939138E-01 5.09229604742488006E-04 -3.85456880604675013E-04
1.62183861E-01 1.24836360228907844E-01 5.09489194423802701E-04 -5.41435600654181391E-04
1.76943296E-01 1.24828499403416102E-01 5.09776774998494503E-04 -7.14223260641977885E-04
1.91706298E-01 1.24820626876747165E-01 5.10092397208964147E-04 -9.03751681526571778E-04
2.06473361E-01 1.24812742001647048E-01 5.10436118450820946E-04 -1.10994793586359866E-03
2.21244972E-01 1.24804844133766163E-01 5.10808002802447259E-04 -1.33273425962223118E-03
2.36021617E-01 1.24796932629838542E-01 5.11208121040348617E-04 -1.57202793979175390E-03
2.50803772E-01 1.24789006847146319E-01 5.11636550616439588E-04 -1.82774118729557827E-03
2.65591913E-01 1.24781066143368202E-01 5.12093375570082335E-04 -2.09978099779701112E-03
2.80386505E-01 1.24773109876624835E-01 5.12578686400553228E-04 -2.38804900315666693E-03
2.95188008E-01 1.24765137405523613E-01 5.13092579978822495E-04 -2.69244131119407686E-03
3.09996875E-01 1.24757148089196440E-01 5.13635159512956904E-04 -3.01284833810872184E-03
3.24812203E-01 1.24749142015880235E-01 5.14206481189148656E-04 -3.34912363986289994E-03
3.39633369E-01 1.24741119123171068E-01 5.14806608914826578E-04 -3.70111571076009666E-03
3.54460833E-01 1.24733078762024677E-01 5.15435651771525166E-04 -4.06868980750520193E-03
3.69295046E-01 1.24725020284059310E-01 5.16093725020744850E-04 -4.45170530186553455E-03
3.84136453E-01 1.24716943041398784E-01 5.16780950051755686E-04 -4.85001533623294779E-03
3.98985492E-01 1.24708846386630351E-01 5.17497454344844308E-04 -5.26346653920797738E-03
4.13842589E-01 1.24700729672816410E-01 5.18243371411471828E-04 -5.69189881820782954E-03
4.28708165E-01 1.24692592253480991E-01 5.19018840712439982E-04 -6.13514514812905920E-03
4.43582628E-01 1.24684433482636151E-01 5.19824007559889674E-04 -6.59303135313673520E-03
4.58466382E-01 1.24676252714776475E-01 5.20659022995991535E-04 -7.06537588210594345E-03
4.73359816E-01 1.24668049304967485E-01 5.21524043628461944E-04 -7.55198957818033027E-03
4.88263312E-01 1.24659822608902293E-01 5.22419231453904532E-04 -8.05267544264866991E-03
5.03177242E-01 1.24651571982946630E-01 5.23344753717980629E-04 -8.56722839263358155E-03
5.18101966E-01 1.24643296784211752E-01 5.24300782800287486E-04 -9.09543501755052247E-03
5.33037834E-01 1.24634996370588627E-01 5.25287496082816360E-04 -9.63707333079638455E-03
5.47984652E-01 1.24626670397262745E-01 5.26305039006527415E-04 -1.01918925381988545E-02
5.62941315E-01 1.24618319025078556E-01 5.27353493401891004E-04 -1.07595964364313023E-02
5.77908184E-01 1.24609941597629739E-01 5.28433041939697402E-04 -1.13399327319198030E-02
5.92885605E-01 1.24601537459641767E-01 5.29543872067771994E-04 -1.19326399906397960E-02
6.07873917E-01 1.24593105956779207E-01 5.30686175935113965E-04 -1.25374473629494502E-02
6.22873444E-01 1.24584646435592625E-01 5.31860150299706918E-04 -1.31540743249182312E-02
6.37884501E-01 1.24576158243563134E-01 5.33065996406071577E-04 -1.37822304290047045E-02
6.52907389E-01 1.24567640729135135E-01 5.34303919843687842E-04 -1.44216150603545187E-02
6.67942398E-01 1.24559093241802046E-01 5.35574130394536672E-04 -1.50719171936738571E-02
6.82989803E-01 1.24550515132186138E-01 5.36876841870368815E-04 -1.57328151549179576E-02
6.98049869E-01 1.24541905752129103E-01 5.38212271957394365E-04 -1.64039763859957603E-02
7.13122847E-01 1.24533264454772891E-01 5.39580642085481688E-04 -1.70850572179206996E-02
7.28208975E-01 1.24524590594638510E-01 5.40982177311631921E-04 -1.77757026504763022E-02
7.43308477E-01 1.24515883527671983E-01 5.42417106203128656E-04 -1.84755461440006021E-02
7.58421565E-01 1.24507142611309629E-01 5.43885660727732321E-04 -1.91842094187330003E-02
7.73548436E-01 1.24498367204530211E-01 5.45388076169307898E-04 -1.99013022684959365E-02
7.88689274E-01 1.24489556667902665E-01 5.46924591072796566E-04 -2.06264223837848149E-02
8.03844251E-01 1.24480710363622932E-01 5.48495447194905536E-04 -2.13591551921173649E-02
8.19013521E-01 1.24471827655559419E-01 5.50100889428182995E-04 -2.20990737106277792E-02
8.34197229E-01 1.24462907909289294E-01 5.51741165695455202E-04 -2.28457384176290398E-02
8.49395493E-01 1.24453950498659510E-01 5.53416525600479415E-04 -2.35986965841343127E-02
8.64607320E-01 1.24444955447207808E-01 5.55127097014858806E-04 -2.43574272714718043E-02
8.79832865E-01 1.24435922101447813E-01 5.56873134729033749E-04 -2.51214548108034640E-02
8.95072265E-01 1.24426849810027149E-01 5.58654896446976229E-04 -2.58902906598372090E-02
9.10325647E-01 1.24417737923545116E-01 5.60472642674680627E-04 -2.66634334856555577E-02
9.25593120E-01 1.24408585794524601E-01 5.62326636623128816E-04 -2.74403693033522453E-02
9.40874782E-01 1.24399392777410758E-01 5.64217144129977805E-04 -2.82205714884956119E-02
9.56170716E-01 1.24390158228617403E-01 5.66144433605292059E-04 -2.90035008173639107E-02
9.71480989E-01 1.24380881506550037E-01 5.68108776002485797E-04 -2.97886055378993216E-02
9.86805656E-01 1.24371561971654082E-01 5.70110444790797267E-04 -3.05753214707510344E-02
1.00214476E+00 1.24362198986436120E-01 5.72149715894484196E-04 -3.13630721427945250E-02
1.01749832E+00 1.24352791915503760E-01 5.74226867601039352E-04 -3.21512689547589006E-02
1.03286635E+00 1.24343340125593671E-01 5.76342180454883436E-04 -3.29393113827915404E-02
1.04824886E+00 1.24333842985597395E-01 5.78495937143742867E-04 -3.37265872176173848E-02
1.06364582E+00 1.24324299866581361E-01 5.80688422383324816E-04 -3.45124728410846071E-02
1.07905721E+00 1.24314710141800927E-01 5.82919922801351928E-04 -3.52963335427705777E-02
1.09448298E+00 1.24305073186711704E-01 5.85190726818452726E-04 -3.60775238754935390E-02
1.10992308E+00 1.24295388378964963E-01 5.87501124531822176E-04 -3.68553880548282628E-02
1.12537743E+00 1.24285655098414202E-01 5.89851407622640029E-04 -3.76292604002358977E-02
1.14084596E+00 1.24275872727073827E-01 5.92241869310785002E-04 -3.83984658184439234E-02
1.15632857E+00 1.24266040649124915E-01 5.94672804343570780E-04 -3.91623203345374607E-02
1.17182514E+00 1.24256158250854995E-01 5.97144508948032888E-04 -3.99201316654868160E-02
1.18733556E+00 1.24246224920628617E-01 5.99657280728909054E-04 -4.06711998398736688E-02
1.20285969E+00 1.24236240048834309E-01 6.02211418557616041E-04 -4.14148178620290380E-02
1.21839739E+00 1.24226203027812523E-01 6.04807222462286397E-04 -4.21502724230857634E-02
1.23394849E+00 1.24216113251801485E-01 6.07444993510752244E-04 -4.28768446545665163E-02
1.24951283E+00 1.24205970116854483E-01 6.10125033690536787E-04 -4.35938109283182176E-02
1.26509022E+00 1.24195773020755074E-01 6.12847645796327136E-04 -4.43004437015568284E-02
1.28068047E+00 1.24185521362930151E-01 6.15613133327730898E-04 -4.49960124018909946E-02
1.29628337E+00 1.24175214544348031E-01 6.18421800394542060E-04 -4.56797843577809309E-02
1.31189871E+00 1.24164851967420345E-01 6.21273951648752842E-04 -4.63510257680191939E-02
1.32752627E+00 1.24154433035875394E-01 6.24169892265306068E-04 -4.70090027113199416E-02
1.34316580E+00 1.24143957154640730E-01 6.27109927904632189E-04 -4.76529821925878380E-02
1.35881707E+00 1.24133423729702000E-01 6.30094364598052692E-04 -4.82822332259264658E-02
1.37447982E+00 1.24122832167953542E-01 6.33123508608829941E-04 -4.88960279492843819E-02
1.39015378E+00 1.24112181877043745E-01 6.36197666306653536E-04 -4.94936427678845520E-02
1.40583868E+00 1.24101472265190124E-01 6.39317144058549084E-04 -5.00743595269256478E-02
1.42153424E+00 1.24090702740999440E-01 6.42482248124281313E-04 -5.06374667076453788E-02
1.43724018E+00 1.24079872713263858E-01 6.45693284539571076E-04 -5.11822606433370783E-02
1.45295619E+00 1.24068981590735150E-01 6.48950559018222472E-04 -5.17080467527450405E-02
1.46868197E+00 1.24058028781902863E-01 6.52254376900247238E-04 -5.22141407871086066E-02
1.48441722E+00 1.24047013694736377E-01 6.55605043125518858E-04 -5.26998700842057147E-02
1.50016161E+00 1.24035935736416719E-01 6.59002862217482961E-04 -5.31645748290397943E-02
1.51591483E+00 1.24024794313062042E-01 6.62448138266362495E-04 -5.36076093127096573E-02
1.53167654E+00 1.24013588829423024E-01 6.65941174879120597E-04 -5.40283431888813129E-02
1.54744643E+00 1.24002318688565136E-01 6.69482275095319352E-04 -5.44261627181360577E-02
1.56322415E+00 1.23990983291547077E-01 6.73071741287513598E-04 -5.48004720021465150E-02
1.57900936E+00 1.23979582037066785E-01 6.76709875061581954E-04 -5.51506941958111521E-02
1.59480172E+00 1.23968114321116291E-01 6.80396977209856975E-04 -5.54762727000476033E-02
1.61060090E+00 1.23956579536601622E-01 6.84133347699286101E-04 -5.57766723229431508E-02
1.62640653E+00 1.23944977072952753E-01 6.87919285670966752E-04 -5.60513804072635402E-02
1.64221828E+00 1.23933306315730352E-01 6.91755089472475605E-04 -5.62999079148820830E-02
1.65803580E+00 1.23921566646204365E-01 6.95641056720006719E-04 -5.65217904605297486E-02
1.67385874E+00 1.23909757440911525E-01 6.99577484362646292E-04 -5.67165892887198167E-02
1.68968675E+00 1.23897878071214634E-01 7.03564668734014726E-04 -5.68838921902262637E-02
1.70551949E+00 1.23885927902813830E-01 7.07602905600497579E-04 -5.70233143541008652E-02
1.72135660E+00 1.23873906295268510E-01 7.11692490220960819E-04 -5.71344991379382147E-02
1.73719776E+00 1.23861812601475288E-01 7.15833717425709906E-04 -5.72171186794147579E-02
1.75304261E+00 1.23849646167147553E-01 7.20026881719722429E-04 -5.72708738719064775E-02
1.76889083E+00 1.23837406330244940E-01 7.24272277419754900E-04 -5.72954880161211585E-02
1.78474208E+00 1.23825092420421154E-01 7.28570198826739902E-04 -5.72909838877368321E-02
1.80059604E+00 1.23812703758428816E-01 7.32920940455875905E-04 -5.72562485686737635E-02
1.81645238E+00 1.23800239655445843E-01 7.37324797257126233E-04 -5.71924337930510285E-02
1.83231079E+00 1.23787699412527930E-01 7.41782064919084723E-04 -5.70984557991565597E-02
1.84817084E+00 1.23775082416526488E-01 7.46293005499332088E-04 -5.69745142261818410E-02
1.86403219E+00 1.23762387988033296E-01 7.50857901369302505E-04 -5.68205011024417520E-02
1.87989457E+00 1.23749615367393914E-01 7.55477060961645837E-04 -5.66363716167867029E-02
1.89575773E+00 1.23736763779780629E-01 7.60150795839674019E-04 -5.64221134384729137E-02
1.91162145E+00 1.23723832434399786E-01 7.64879421148321722E-04 -5.61777461290520128E-02
1.92748551E+00 1.23710820523672313E-01 7.69663256109495448E-04 -5.59033208976722207E-02
1.94334969E+00 1.23697727222399606E-01 7.74502624566949312E-04 -5.55989202996862095E-02
1.95921380E+00 1.23684551686910435E-01 7.79397855581316114E-04 -5.52646578596462240E-02
1.97507765E+00 1.23671293054173417E-01 7.84349284074993720E-04 -5.49006453240161937E-02
1.99094108E+00 1.23657950440903094E-01 7.89357251511424831E-04 -5.45071615264466000E-02
2.00680394E+00 1.23644522942620086E-01 7.94422106634337568E-04 -5.40842877893262935E-02
2.02266584E+00 1.23631009848135243E-01 7.99544124381062430E-04 -5.36323220439271844E-02
2.03852659E+00 1.23617410268715658E-01 8.04723645950945429E-04 -5.31515190962303929E-02
2.05438603E+00 1.23603723282822112E-01 8.09961025164300107E-04 -5.26421699877347368E-02
2.07024403E+00 1.23589947946316003E-01 8.15256625126988791E-04 -5.21045925603911969E-02
2.08610045E+00 1.23576083291437211E-01 8.20610819167049777E-04 -5.15391306019550091E-02
2.10195519E+00 1.23562128325728895E-01 8.26023991833414609E-04 -5.09461529251608730E-02
2.11780816E+00 1.23548082030969120E-01 8.31496539957387324E-04 -5.03260523998887363E-02
2.13365929E+00 1.23533943362059584E-01 8.37028873769857869E-04 -4.96792449479321746E-02
2.14950852E+00 1.23519711245882818E-01 8.42621418061663950E-04 -4.90061685053720317E-02
2.16535582E+00 1.23505384580149633E-01 8.48274613377537770E-04 -4.83072819596251160E-02
2.18120116E+00 1.23490962232217352E-01 8.53988917245006697E-04 -4.75830640647071507E-02
2.19704457E+00 1.23476443037884062E-01 8.59764805451826496E-04 -4.68340123394877378E-02
2.21288606E+00 1.23461825800149430E-01 8.65602773389127409E-04 -4.60606419553986624E-02
2.22872567E+00 1.23447109287979750E-01 8.71503337471607443E-04 -4.52634846164760712E-02
2.24456348E+00 1.23432292235023486E-01 8.77467036626545702E-04 -4.44430874376110646E-02
2.26039957E+00 1.23417373338331221E-01 8.83494433813533458E-04 -4.36000118281736418E-02
2.27623405E+00 1.23402351257031959E-01 8.89586117529274118E-04 -4.27348323782564057E-02
2.29206706E+00 1.23387224610996951E-01 8.95742703283944905E-04 -4.18481357600990270E-02
2.30789874E+00 1.23371991979499246E-01 9.01964835090772899E-04 -4.09405196429724338E-02
2.32372928E+00 1.23356651899825989E-01 9.08253187014937857E-04 -4.00125916283327679E-02
2.33955886E+00 1.23341202865905858E-01 9.14608464808858851E-04 -3.90649682050018612E-02
2.35538772E+00 1.23325643326889028E-01 9.21031407714672677E-04 -3.80982737340404831E-02
2.37121608E+00 1.23309971685735903E-01 9.27522790411729409E-04 -3.71131394593644734E-02
2.38704423E+00 1.23294186297764882E-01 9.34083424852502728E-04 -3.61102025504417626E-02
2.40287244E+00 1.23278280358702988E-01 9.40714000202053156E-04 -3.50835461167366969E-02
2.41870102E+00 1.23262255083645647E-01 9.47415503074706088E-04 -3.40474285210264141E-02
2.43453032E+00 1.23246109894981151E-01 9.54188912656093080E-04 -3.29954754274614306E-02
2.45036069E+00 1.23229843342013548E-01 9.61035226086887334E-04 -3.19282892587352055E-02
2.46619086E+00 1.23213455341853961E-01 9.67954762570005550E-04 -3.08466381719881902E-02
2.48202087E+00 1.23196944406315151E-01 9.74948411678394178E-04 -2.97512085369572021E-02
2.49785107E+00 1.23180308635087388E-01 9.82017247879425929E-04 -2.86426643191875600E-02
2.51368184E+00 1.23163546059122081E-01 9.89162396549048183E-04 -2.75216677508099243E-02
2.52951358E+00 1.23146654645897427E-01 9.96385035579862213E-04 -2.63888794505086587E-02
2.54534672E+00 1.23129632300089067E-01 1.00368639679169341E-03 -2.52449580214919415E-02
2.56118170E+00 1.23112476862689391E-01 1.01106776751459879E-03 -2.40905595345682240E-02
2.57701899E+00 1.23095186109622542E-01 1.01853049264763896E-03 -2.29263370329574091E-02
2.59285909E+00 1.23077757750191558E-01 1.02607597747896451E-03 -2.17529400837407523E-02
2.60870249E+00 1.23060189425462943E-01 1.03370569146257014E-03 -2.05710143646331417E-02
2.62454973E+00 1.23042478706609865E-01 1.04142117290421704E-03 -1.93812012961997737E-02
2.64040135E+00 1.23024623093212729E-01 1.04922403415742284E-03 -1.81841377205191820E-02
2.65625793E+00 1.23006620011485573E-01 1.05711596659807520E-03 -1.69804556120107634E-02
2.67211954E+00 1.22988467395184001E-01 1.06509848832528776E-03 -1.57708202515041800E-02
2.68798458E+00 1.22970165091744105E-01 1.07317232145171340E-03 -1.45560218562678853E-02
2.70385362E+00 1.22951710423896798E-01 1.08133934043179772E-03 -1.33366825839578238E-02
2.71972727E+00 1.22933100632537040E-01 1.08960149895431053E-03 -1.21134175800887145E-02
2.73560615E+00 1.22914332875748211E-01 1.09796082537520594E-03 -1.08868349934929196E-02
2.75149088E+00 1.22895404227263902E-01 1.10641941847803389E-03 -9.65753628882269101E-03
2.76738211E+00 1.22876311674796790E-01 1.11497944607164023E-03 -8.42611618780136212E-03
2.78328052E+00 1.22857052118456794E-01 1.12364314882720372E-03 -7.19316264146547223E-03
2.79918679E+00 1.22837622369193197E-01 1.13241285075095987E-03 -5.95925683610769568E-03
2.81510160E+00 1.22818019147197352E-01 1.14129097583401352E-03 -4.72497323314861970E-03
2.83102568E+00 1.22798239080102900E-01 1.15028006812785844E-03 -3.49087963664987269E-03
2.84695951E+00 1.22778278999794349E-01 1.15938267421742650E-03 -2.25755557169854751E-03
2.86290088E+00 1.22758139096724728E-01 1.16859990880263231E-03 -1.02578262480844222E-03
2.87885051E+00 1.22737815841373887E-01 1.17793467468802968E-03 2.03890411933832261E-04
2.89480916E+00 1.22717305598564766E-01 1.18739000609513522E-03 1.43092227656303013E-03
2.91077758E+00 1.22696604626018987E-01 1.19696904043627714E-03 2.65477893035127085E-03
2.92675652E+00 1.22675709072087760E-01 1.20667498477784177E-03 3.87493319415278077E-03
2.94274678E+00 1.22654614973756432E-01 1.21651108851368399E-03 5.09086459345798811E-03
2.95874914E+00 1.22633318255264412E-01 1.22648063442556054E-03 6.30205918897924419E-03
2.97476439E+00 1.22611814727290769E-01 1.23658695668416138E-03 7.50800937723261359E-03
2.99079334E+00 1.22590100086271109E-01 1.24683348708701887E-03 8.70821366132955819E-03
3.00683652E+00 1.22568170324245981E-01 1.25722362722543784E-03 9.90215422521039355E-03
3.02289153E+00 1.22546025360907251E-01 1.26775908786207138E-03 1.10891053946194171E-02
3.03895921E+00 1.22523660676877019E-01 1.27844389485080000E-03 1.22685880869614645E-02
3.05504040E+00 1.22501071623033392E-01 1.28928236591708688E-03 1.34401291796446207E-02
3.07113594E+00 1.22478253416294050E-01 1.30027906014725208E-03 1.46032611182270108E-02
3.08724668E+00 1.22455201133684022E-01 1.31143867245673965E-03 1.57575217582020637E-02
3.10337347E+00 1.22431909707117190E-01 1.32276590485555469E-03 1.69024541922988061E-02
3.11951717E+00 1.22408373920492752E-01 1.33426536788934969E-03 1.80376065880011489E-02
3.13567865E+00 1.22384588409511233E-01 1.34594156461977023E-03 1.91625319999337920E-02
3.15185877E+00 1.22360547663327851E-01 1.35779898055433815E-03 2.02767881193173759E-02
3.16805587E+00 1.22336249866920085E-01 1.36984035550525088E-03 2.13797639981557208E-02
3.18426967E+00 1.22311691085507337E-01 1.38206972869145167E-03 2.24709550488372961E-02
3.20050105E+00 1.22286865505812789E-01 1.39449247086535408E-03 2.35499420702264817E-02
3.21675092E+00 1.22261767152169867E-01 1.40711445952509495E-03 2.46163094082947308E-02
3.23302017E+00 1.22236389875708548E-01 1.41994197563889289E-03 2.56696449063405739E-02
3.24930970E+00 1.22210727342173989E-01 1.43298150234458504E-03 2.67095398341088489E-02
3.26562040E+00 1.22184773021954865E-01 1.44623949070986856E-03 2.77355887557222090E-02
3.28195317E+00 1.22158520184567951E-01 1.45972218530452118E-03 2.87473894111373966E-02
3.29830890E+00 1.22131961897999269E-01 1.47343560277261778E-03 2.97445425517799261E-02
3.31468617E+00 1.22105094888910345E-01 1.48738371406476858E-03 3.07265115976812914E-02
3.33108438E+00 1.22077914404010265E-01 1.50157142351433639E-03 3.16928240227600730E-02
3.34750447E+00 1.22050413061593033E-01 1.51600553971728796E-03 3.26431029332824307E-02
3.36394736E+00 1.22022583266328880E-01 1.53069369902842463E-03 3.35769726744018435E-02
3.38041395E+00 1.21994417192039892E-01 1.54564427016749828E-03 3.44940588984718396E-02
3.39690518E+00 1.21965906760046469E-01 1.56086605824415792E-03 3.53939885965073447E-02
3.41342195E+00 1.21937043619687796E-01 1.57636794663128395E-03 3.62763899833805012E-02
3.42996516E+00 1.21907819135388867E-01 1.59215862711523429E-03 3.71408923975948962E-02
3.44653573E+00 1.21878224381119490E-01 1.60824654264548781E-03 3.79871261411921304E-02
3.46313180E+00 1.21848255124174715E-01 1.62463737844525404E-03 3.88145851419310003E-02
3.47975316E+00 1.21817904071961386E-01 1.64133868205928188E-03 3.96228581173081323E-02
3.49640074E+00 1.21787161577990799E-01 1.65835995232591722E-03 4.04115942449338045E-02
3.51307547E+00 1.21756017680228659E-01 1.67571172180622382E-03 4.11804412565958192E-02
3.52977827E+00 1.21724462078005580E-01 1.69340541634454872E-03 4.19290457778226447E-02
3.54651005E+00 1.21692484104791054E-01 1.71145301161023961E-03 4.26570533635193955E-02
3.56327172E+00 1.21660072704283348E-01 1.72986668051996789E-03 4.33641083594369023E-02
3.58006418E+00 1.21627216413940129E-01 1.74865859259726547E-03 4.40498537493237766E-02
3.59688832E+00 1.21593903355593613E-01 1.76784094991336359E-03 4.47139309152804060E-02
3.61374158E+00 1.21560128184124983E-01 1.78742221966533832E-03 4.53558471238099462E-02
3.63062443E+00 1.21525879276434157E-01 1.80741483521883357E-03 4.59752411322274721E-02
3.64753780E+00 1.21491143651461034E-01 1.82783264046615683E-03 4.65717668550862732E-02
3.66448260E+00 1.21455907868232085E-01 1.84869035583230075E-03 4.71450738468928293E-02
3.68145974E+00 1.21420158004422449E-01 1.87000338143090972E-03 4.76948080355289669E-02
3.69847011E+00 1.21383879635541161E-01 1.89178755274990772E-03 4.82206116637944673E-02
3.71545459E+00 1.21347188795425748E-01 1.91397981667747728E-03 4.87203307839168751E-02
3.73240774E+00 1.21310089384395331E-01 1.93658315722069325E-03 4.91937399831947272E-02
3.74933288E+00 1.21272565990563214E-01 1.95961191636395953E-03 4.96408628753315651E-02
3.76623320E+00 1.21234602843113548E-01 1.98308067735391506E-03 5.00616829554079018E-02
3.78311179E+00 1.21196183855250564E-01 2.00700436725009725E-03 5.04561643674806687E-02
3.79997161E+00 1.21157292636373121E-01 2.03139824150206944E-03 5.08242548838969063E-02
3.81679132E+00 1.21117969613745866E-01 2.05624174215650584E-03 5.11653834821711173E-02
3.83357279E+00 1.21078202346458857E-01 2.08154687001757023E-03 5.14795847938520068E-02
3.85031950E+00 1.21037974101961626E-01 2.10732803371253136E-03 5.17669019071236372E-02
3.86703482E+00 1.20997267783765974E-01 2.13359956092856566E-03 5.20273509861728933E-02
3.88372206E+00 1.20956065938892396E-01 2.16037565996843837E-03 5.22609297701538064E-02
3.90038445E+00 1.20914350759575129E-01 2.18767039774044351E-03 5.24676183053904774E-02
3.91702514E+00 1.20872104086074350E-01 2.21549769391718183E-03 5.26473790723857443E-02
3.93364723E+00 1.20829307411981973E-01 2.24387132763191090E-03 5.28001570549957167E-02
3.95025375E+00 1.20785941891709284E-01 2.27280495745878740E-03 5.29258796931895426E-02
3.96684104E+00 1.20742006019901760E-01 2.30230032367717205E-03 5.30244130871472541E-02
3.98338837E+00 1.20697545369710627E-01 2.33232694727022538E-03 5.30955681919310085E-02
3.99989868E+00 1.20652543496563250E-01 2.36289514126580835E-03 5.31393694959352500E-02
4.01637496E+00 1.20606983400855183E-01 2.39401509037710097E-03 5.31491217195452226E-02
4.03282019E+00 1.20560847545501948E-01 2.42569677492768948E-03 5.31548828955845723E-02
4.04923739E+00 1.20514117828776232E-01 2.45794987772794422E-03 5.31050027106391986E-02
4.06562965E+00 1.20466775546772126E-01 2.49078372558074034E-03 5.30419495500208879E-02
4.08200009E+00 1.20418801345156465E-01 2.52420728794444356E-03 5.29492640864812070E-02
4.09835189E+00 1.20370175173300856E-01 2.55822921047427730E-03 5.28291882449928724E-02
4.11468831E+00 1.20320876237990634E-01 2.59285782365247961E-03 5.26816049282881130E-02
4.13101264E+00 1.20270882962007289E-01 2.62810105354089772E-03 5.25064750297596708E-02
4.14732828E+00 1.20220172950383175E-01 2.66396616674422501E-03 5.23037157341108006E-02
4.16363864E+00 1.20168722966894709E-01 2.70045932449148197E-03 5.20732401307784296E-02
4.17994723E+00 1.20116508922622683E-01 2.73758501135238459E-03 5.18149577909155154E-02
4.19624646E+00 1.20063521029462841E-01 2.77531637940977042E-03 5.15287240913326824E-02
4.21252371E+00 1.20009803183434419E-01 2.81361524371258461E-03 5.12151833124097622E-02
4.22878267E+00 1.19955337117108540E-01 2.85247606096486256E-03 5.08743072141124922E-02
4.24494636E+00 1.19900379997274556E-01 2.89169316392492732E-03 5.05079287231953722E-02
4.26097418E+00 1.19845077849899950E-01 2.93113677139354321E-03 5.01176947113690097E-02
4.27687252E+00 1.19789417922111410E-01 2.97078641032428800E-03 4.97043576575649446E-02
4.29264906E+00 1.19733381276077994E-01 3.01062315029639992E-03 4.92685681666924363E-02
4.30829471E+00 1.19677009079793034E-01 3.05058442301852500E-03 4.88114403691579588E-02
4.32377744E+00 1.19620430329886340E-01 3.09054695506641094E-03 4.83349077467167543E-02
4.33911776E+00 1.19563583744526927E-01 3.13052193924690664E-03 4.78395321849534386E-02
4.35433372E+00 1.19506412840276577E-01 3.17051645085498482E-03 4.73258273829400000E-02
4.36940464E+00 1.19449007572077701E-01 3.21043623510525959E-03 4.67955917942198540E-02
4.38432965E+00 1.19391385418711679E-01 3.25023762761905265E-03 4.62501427940308144E-02
4.39912034E+00 1.19333514810115546E-01 3.28990892653933248E-03 4.56903859368925566E-02
4.41378988E+00 1.19275355401395083E-01 3.32944222102928315E-03 4.51171547207011442E-02
4.42835310E+00 1.19216857735602991E-01 3.36883460607565778E-03 4.45312235317813429E-02
4.44281264E+00 1.19158020097903092E-01 3.40805257988263883E-03 4.39338726517384190E-02
4.45715254E+00 1.19098918904442908E-01 3.44701649500063186E-03 4.33272421151631101E-02
4.47138768E+00 1.19039504024551643E-01 3.48573672902806591E-03 4.27123164487510365E-02
4.48553082E+00 1.18979731552987578E-01 3.52422596204632604E-03 4.20901663094552722E-02
4.49959271E+00 1.18919563697459360E-01 3.56249989694953960E-03 4.14619923022111689E-02
4.51358240E+00 1.18858968289729139E-01 3.60057495264802649E-03 4.08291318079507595E-02
4.52750736E+00 1.18797918125128382E-01 3.63846183430314302E-03 4.01930618901273559E-02
4.54137373E+00 1.18736390375583922E-01 3.67615914767863454E-03 3.95553973974113390E-02
4.55517379E+00 1.18674424270080417E-01 3.71362145901719997E-03 3.89184652086279267E-02
4.56891778E+00 1.18611978487144942E-01 3.75085475694136947E-03 3.82838522417001947E-02
4.58262741E+00 1.18548956336766931E-01 3.78790289955387507E-03 3.76526693628300366E-02
4.59630087E+00 1.18485367930124888E-01 3.82475244540912305E-03 3.70271785935746695E-02
4.60993299E+00 1.18421240975323791E-01 3.86138516372831839E-03 3.64098685690856377E-02
4.62352573E+00 1.18356570859794688E-01 3.89779993429540100E-03 3.58029360915896600E-02
4.63708090E+00 1.18291354418409961E-01 3.93399377567001714E-03 3.52086072605490089E-02
4.65060026E+00 1.18225589731249303E-01 3.96996793832396326E-03 3.46291185158438472E-02
4.66408559E+00 1.18159275671323685E-01 4.00572380963285651E-03 3.40666959170670552E-02
4.67753877E+00 1.18092411602950448E-01 4.04126205425099031E-03 3.35235381440805516E-02
4.69096183E+00 1.18024997163934456E-01 4.07659277419647817E-03 3.30017912554486439E-02
4.70435698E+00 1.17957031651861943E-01 4.11173491944474747E-03 3.25035238232227672E-02
4.71772663E+00 1.17888513239468057E-01 4.14670555824058276E-03 3.20307074700409353E-02
4.73107342E+00 1.17819438434672630E-01 4.18152454015129418E-03 3.15851993933906408E-02
4.74440019E+00 1.17749801451651731E-01 4.21622715870788832E-03 3.11687274525206635E-02
4.75770999E+00 1.17679593222613094E-01 4.25084189036476889E-03 3.07828828588828200E-02
4.77100605E+00 1.17608801272816768E-01 4.28534580205514916E-03 3.04291093801064248E-02
4.78429176E+00 1.17537411829228361E-01 4.31967541355257004E-03 3.01086762427414181E-02
4.79757066E+00 1.17465412191264690E-01 4.35377137838685157E-03 2.98226546439093153E-02
4.81084639E+00 1.17392791327023724E-01 4.38758099128114774E-03 2.95719134741953757E-02
4.82412266E+00 1.17319539709647425E-01 4.42103985360346730E-03 2.93571217058764128E-02
4.83740322E+00 1.17245649487688924E-01 4.45408533224525734E-03 2.91787500950188294E-02
4.85069183E+00 1.17171114168190663E-01 4.48667060637531270E-03 2.90370780185653411E-02
4.86399226E+00 1.17095927653251705E-01 4.51875257995165182E-03 2.89322031301560006E-02
4.87730823E+00 1.17020083798324667E-01 4.55027730923477682E-03 2.88640674614028155E-02
4.89064344E+00 1.16943576934234184E-01 4.58119197770261340E-03 2.88487052674622976E-02
4.90400153E+00 1.16866402317406068E-01 4.61146847509107810E-03 2.88118997753033998E-02
4.91738614E+00 1.16788555782721085E-01 4.64111030753096288E-03 2.88668148117816603E-02
4.93080086E+00 1.16710032895966598E-01 4.67014088971511206E-03 2.89484332585090605E-02
4.94424933E+00 1.16630828227192548E-01 4.69858795603307882E-03 2.90488145000959708E-02
4.95773518E+00 1.16550935003260830E-01 4.72647754022605289E-03 2.91854914366889567E-02
4.97126216E+00 1.16470344888051011E-01 4.75383389563269632E-03 2.93518129129286404E-02
4.98483408E+00 1.16389047738639284E-01 4.78067723977717782E-03 2.95475694705579252E-02
4.99845494E+00 1.16307031514404455E-01 4.80702448518006281E-03 2.97709490276103460E-02
5.01212890E+00 1.16224282318971153E-01 4.83289774063911520E-03 3.00206415640343442E-02
5.02586035E+00 1.16140784243580958E-01 4.85832633278729734E-03 3.02952784594864820E-02
5.03965396E+00 1.16056519067527439E-01 4.88333505095295793E-03 3.05935551566743971E-02
5.05351467E+00 1.15971466282853097E-01 4.90793987623183627E-03 3.09142388596605269E-02
5.06744777E+00 1.15885603242182000E-01 4.93215897360944205E-03 3.12561931084752859E-02
5.08145889E+00 1.15798904795540711E-01 4.95600679739263174E-03 3.16183979062167261E-02
5.09555405E+00 1.15711342909765924E-01 4.97947350772253577E-03 3.19999726034247006E-02
5.10973966E+00 1.15622887201878619E-01 5.00253573201561285E-03 3.24001975345223486E-02
5.12402256E+00 1.15533505581659798E-01 5.02518970461676186E-03 3.28185259715177424E-02
5.13837189E+00 1.15443403208841971E-01 5.04739982942622664E-03 3.32534684618390058E-02
5.15266361E+00 1.15353374517006432E-01 5.06900872689582636E-03 3.37006925113296218E-02
5.16691016E+00 1.15263359982027622E-01 5.09007731577331996E-03 3.41597335886471773E-02
5.18112383E+00 1.15173298900987653E-01 5.11065992594835362E-03 3.46304076276564496E-02
5.19531666E+00 1.15083129854837277E-01 5.13079842261046203E-03 3.51127607213171863E-02
5.20950035E+00 1.14992791347550222E-01 5.15052025946413639E-03 3.56069830637157428E-02
5.22368620E+00 1.14902222479728144E-01 5.16984192378788527E-03 3.61133788931808086E-02
5.23788495E+00 1.14811363660631882E-01 5.18877303830955414E-03 3.66323344592170627E-02
5.25210671E+00 1.14720157512848614E-01 5.20732618517542878E-03 3.71642868043971092E-02
5.26636083E+00 1.14628549848348804E-01 5.22552131392279261E-03 3.77096986186848115E-02
5.28065580E+00 1.14536490565871812E-01 5.24337647528171254E-03 3.82690378888940613E-02
5.29499915E+00 1.14443934770753750E-01 5.26090482142009368E-03 3.88427573251290195E-02
5.30939738E+00 1.14350843975293825E-01 5.27813034329289044E-03 3.94312751632838812E-02
5.32385589E+00 1.14257186697449081E-01 5.29510320912422120E-03 4.00349551665982878E-02
5.33837899E+00 1.14162938097921440E-01 5.31189437241041864E-03 4.06540882898135461E-02
5.35296992E+00 1.14068079085000440E-01 5.32858093918487600E-03 4.12888792534616689E-02
5.36763094E+00 1.13972595408556560E-01 5.34523681394100635E-03 4.19394410805843804E-02
5.38236346E+00 1.13876476711342170E-01 5.36192346935518080E-03 4.26057978389654674E-02
5.39716814E+00 1.13779715663656536E-01 5.37868077026300469E-03 4.32878916461453267E-02
5.41202432E+00 1.13682443271576936E-01 5.39550726459242687E-03 4.39846349537205902E-02
5.42690234E+00 1.13584849298528648E-01 5.41238004167342735E-03 4.46943866702300616E-02
5.44178341E+00 1.13487052587750992E-01 5.42928118076670477E-03 4.54158715008939617E-02
5.45666864E+00 1.13389040974673533E-01 5.44619989981047319E-03 4.61486912209217656E-02
5.47155912E+00 1.13290801346797240E-01 5.46309132830087758E-03 4.68924510028727662E-02
5.48645592E+00 1.13192320778273403E-01 5.47989923282670311E-03 4.76467605396808797E-02
5.50136009E+00 1.13093587507132012E-01 5.49658674725363346E-03 4.84112351822080442E-02
5.51627262E+00 1.12994590990489877E-01 5.51314117287856568E-03 4.91854884362295797E-02
5.53118631E+00 1.12895375721545815E-01 5.52957032915321351E-03 4.99687090757831437E-02
5.54610160E+00 1.12795935391887148E-01 5.54590201267899860E-03 5.07604631766331582E-02
5.56101969E+00 1.12696258452407938E-01 5.56215983798369687E-03 5.15603683844054819E-02
5.57594175E+00 1.12596333791769837E-01 5.57838670853500959E-03 5.23680531302463045E-02
5.59086894E+00 1.12496150432562239E-01 5.59463715573507367E-03 5.31831592953326271E-02
5.60580238E+00 1.12395696660528441E-01 5.61090528766222327E-03 5.40053440433117607E-02
5.62074313E+00 1.12294957527043632E-01 5.62712396086884753E-03 5.48344309004136984E-02
5.63569220E+00 1.12193927319833547E-01 5.64326781149450136E-03 5.56698559109672711E-02
5.65065055E+00 1.12092601184551333E-01 5.65936730105120241E-03 5.65113802213051269E-02
5.66561906E+00 1.11990973536189364E-01 5.67547904632850417E-03 5.73586834374955334E-02
5.68059855E+00 1.11889036920593807E-01 5.69166777669645636E-03 5.82114324380440668E-02
5.69558977E+00 1.11786781740081775E-01 5.70793316279643356E-03 5.90692894916171815E-02
5.71059337E+00 1.11684198690129577E-01 5.72425022147969153E-03 5.99319134626271829E-02
5.72560995E+00 1.11581280147348041E-01 5.74063306021695228E-03 6.07989602376498156E-02
5.74064003E+00 1.11478018932606976E-01 5.75709591860758957E-03 6.16700799672098496E-02
5.75568405E+00 1.11374407649602977E-01 5.77364996634146047E-03 6.25449148252165132E-02
5.77074241E+00 1.11270438279426481E-01 5.79032188299304085E-03 6.34231001483194085E-02
5.78581544E+00 1.11166101421293892E-01 5.80714024230098106E-03 6.43042661429339413E-02
5.80090344E+00 1.11061386345253657E-01 5.82410363558838289E-03 6.51880398925820115E-02
5.81600667E+00 1.10956282579083076E-01 5.84123533118411416E-03 6.60740466038874791E-02
5.83112535E+00 1.10850779979277600E-01 5.85857272639362433E-03 6.69619172025874010E-02
5.84625681E+00 1.10744888828340077E-01 5.87611397920430063E-03 6.78511247272109291E-02
5.86140004E+00 1.10638608440796496E-01 5.89382109887628437E-03 6.87412438434029244E-02
5.87655533E+00 1.10531929913449192E-01 5.91162443405203290E-03 6.96319317538200977E-02
5.89172294E+00 1.10424846329985782E-01 5.92944612722611127E-03 7.05228569531108351E-02
5.90690304E+00 1.10317352760477161E-01 5.94722289201995210E-03 7.14136986582191297E-02
5.92209575E+00 1.10209446139904840E-01 5.96495358801480812E-03 7.23041388833939314E-02
5.93730114E+00 1.10101124646485124E-01 5.98271936188752435E-03 7.31938675778973924E-02
5.95251928E+00 1.09992385723831410E-01 6.00063992536483109E-03 7.40825927567967391E-02
5.96775016E+00 1.09883223653435211E-01 6.01881363165921151E-03 7.49700366068646040E-02
5.98299380E+00 1.09773628271795612E-01 6.03725886643479565E-03 7.58559289146380905E-02
5.99825020E+00 1.09663586045100334E-01 6.05585945443507401E-03 7.67400104285661383E-02
6.01351934E+00 1.09553083915616703E-01 6.07439568266896282E-03 7.76220256498379169E-02
6.02880124E+00 1.09442113429563170E-01 6.09260840149848746E-03 7.85017200227304535E-02
6.04409589E+00 1.09330673867972572E-01 6.11032235080826141E-03 7.93788339859988340E-02
6.05940332E+00 1.09218772996164476E-01 6.12757257945600962E-03 8.02531126508500420E-02
6.07472356E+00 1.09106423230272073E-01 6.14456198254360268E-03 8.11243230982770097E-02
6.09005664E+00 1.08993636303414604E-01 6.16156405429322835E-03 8.19922461311551748E-02
6.10540260E+00 1.08880419261471906E-01 6.17864544306946737E-03 8.28566797062489230E-02
6.12075853E+00 1.08766798244567128E-01 6.19566331159884104E-03 8.37172345810038854E-02
6.13612398E+00 1.08652783373057851E-01 6.21264125312494860E-03 8.45736268371698185E-02
6.15149970E+00 1.08538376203404410E-01 6.22987600458130546E-03 8.54256639733532303E-02
6.16688648E+00 1.08423571428476889E-01 6.24760386906592167E-03 8.62731849734482970E-02
6.18222488E+00 1.08308807189548259E-01 6.26553857722149041E-03 8.71127882485819155E-02
6.19744462E+00 1.08194609668355674E-01 6.28328419786998525E-03 8.79404804296577691E-02
6.21257331E+00 1.08080779079354761E-01 6.30067853716952900E-03 8.87575334137152838E-02
6.22763667E+00 1.07967132177376565E-01 6.31766257143868883E-03 8.95651841684402539E-02
6.24265864E+00 1.07853499961142324E-01 6.33427666252537377E-03 9.03645718579882545E-02
6.25766149E+00 1.07739723896253109E-01 6.35047327958812233E-03 9.11567364849479589E-02
6.27266605E+00 1.07625655165376380E-01 6.36611846798920428E-03 9.19425913681833629E-02
6.28769199E+00 1.07511155656442731E-01 6.38115998620074430E-03 9.27229550404983227E-02
6.30275808E+00 1.07396095934244012E-01 6.39567293495845943E-03 9.34985931959472494E-02
6.31788259E+00 1.07280349814192197E-01 6.40974123816352628E-03 9.42702311386842129E-02
6.33308363E+00 1.07163789661271283E-01 6.42338924888056616E-03 9.50385513091163425E-02
6.34837954E+00 1.07046284392441515E-01 6.43660148902710279E-03 9.58042077052559116E-02
6.36378926E+00 1.06927698689374379E-01 6.44940393391035122E-03 9.65678512641705428E-02
6.37926389E+00 1.06808420610114974E-01 6.46188345971508444E-03 9.73268753447750212E-02
6.39474256E+00 1.06688931259463618E-01 6.47412270296651715E-03 9.80781810058351383E-02
6.41022394E+00 1.06569249293058055E-01 6.48619742880498108E-03 9.88215713416119995E-02
6.42570638E+00 1.06449391146856809E-01 6.49821540887385481E-03 9.95568745284400175E-02
6.44118795E+00 1.06329370931828371E-01 6.51022594070112953E-03 1.00283934981360373E-01
6.45666649E+00 1.06209201916401069E-01 6.52223149148765512E-03 1.01002615692727490E-01
6.47213970E+00 1.06088897692014114E-01 6.53427030498694196E-03 1.01712779757777455E-01
6.48760432E+00 1.05968478448364031E-01 6.54640323063175947E-03 1.02414259872801713E-01
6.50305655E+00 1.05847968428921496E-01 6.55864988374308105E-03 1.03106886922630134E-01
6.51849560E+00 1.05727368289605328E-01 6.57100347807403670E-03 1.03790646967723832E-01
6.53392082E+00 1.05606677975140548E-01 6.58340111071088144E-03 1.04465539736084453E-01
6.54933156E+00 1.05485897551535993E-01 6.59576248139706698E-03 1.05131575787692694E-01
6.56472392E+00 1.05365058959780322E-01 6.60807615970015333E-03 1.05788589559013685E-01
6.58009576E+00 1.05244173929188084E-01 6.62037583493595757E-03 1.06436640638768731E-01
6.59544559E+00 1.05123251480327431E-01 6.63269401267562331E-03 1.07075772772301556E-01
6.61077212E+00 1.05002298762056759E-01 6.64504651499649504E-03 1.07706053920925887E-01
6.62607424E+00 1.04881320463632757E-01 6.65742578097697560E-03 1.08327581706407439E-01
6.64135100E+00 1.04760320082011568E-01 6.66982037125389820E-03 1.08940487100326625E-01
6.65660156E+00 1.04639301312642943E-01 6.68224752783640272E-03 1.09544926616296431E-01
6.67182513E+00 1.04518268364362940E-01 6.69478710451899221E-03 1.10141063789993235E-01
6.68702092E+00 1.04397224867894114E-01 6.70751543638390974E-03 1.10729065931755397E-01
6.70218814E+00 1.04276173225440014E-01 6.72049562498560835E-03 1.11309124490242758E-01
6.71732593E+00 1.04155114662575779E-01 6.73379432905661223E-03 1.11881459399208807E-01
6.73243333E+00 1.04034049484085525E-01 6.74746948401048520E-03 1.12446309981957204E-01
6.74750931E+00 1.03912977335848672E-01 6.76156925110058676E-03 1.13003933020585451E-01
6.76255272E+00 1.03791897362108129E-01 6.77610542341197490E-03 1.13554594909662465E-01
6.77756229E+00 1.03670809055839475E-01 6.79109162959229233E-03 1.14098566874017121E-01
6.79253669E+00 1.03549712466051033E-01 6.80651698524771878E-03 1.14636140994749919E-01
6.80747455E+00 1.03428608421893997E-01 6.82230298483785941E-03 1.15167626139923124E-01
6.82237445E+00 1.03307499436304323E-01 6.83834499301333096E-03 1.15693332109567407E-01
6.83723504E+00 1.03186389943584089E-01 6.85460349471320347E-03 1.16213565319647910E-01
6.85205500E+00 1.03065284601079568E-01 6.87113018207723917E-03 1.16728650435072329E-01
6.86683316E+00 1.02944185693145604E-01 6.88795311275081350E-03 1.17238945388538088E-01
6.88156850E+00 1.02823093433455207E-01 6.90508110298257427E-03 1.17744823925277520E-01
6.89626021E+00 1.02702006850864905E-01 6.92250124452277980E-03 1.18246657921700096E-01
6.91090773E+00 1.02580923626241938E-01 6.94017891909537357E-03 1.18744831252451874E-01
6.92551076E+00 1.02459838629058955E-01 6.95804480158709795E-03 1.19239761097206159E-01
6.94006931E+00 1.02338743010557287E-01 6.97599492809340607E-03 1.19731893936523184E-01
6.95458371E+00 1.02217625015064761E-01 6.99396752412630163E-03 1.20221691758104127E-01
6.96905462E+00 1.02096470626058602E-01 7.01193221110768625E-03 1.20709618493863982E-01
6.98348304E+00 1.01975265041361965E-01 7.02983647249926305E-03 1.21196128408427667E-01
6.99787033E+00 1.01853993444824972E-01 7.04766503118708400E-03 1.21681687023231677E-01
7.01221821E+00 1.01732639226270669E-01 7.06544173600608377E-03 1.22166788465852036E-01
7.02652874E+00 1.01611182037745107E-01 7.08322106209899240E-03 1.22651955429913279E-01
7.04080437E+00 1.01489596606984381E-01 7.10105950574577149E-03 1.23137715588654606E-01
7.05504793E+00 1.01367852600609681E-01 7.11895126763503489E-03 1.23624590964788283E-01
7.06926261E+00 1.01245916463421126E-01 7.13686881340240987E-03 1.24113114102249969E-01
7.08345202E+00 1.01123752782692325E-01 7.15484443725661768E-03 1.24603849488023596E-01
7.09762017E+00 1.01001323709486363E-01 7.17296637030149196E-03 1.25097381802119628E-01
7.11177152E+00 1.00878586864113051E-01 7.19133917744043099E-03 1.25594311578785950E-01
7.12591096E+00 1.00755493313739050E-01 7.21002448580538354E-03 1.26095258555354028E-01
7.14004386E+00 1.00631987670150636E-01 7.22901376262037251E-03 1.26600845390900052E-01
7.15417609E+00 1.00508009677235124E-01 7.24826917429728223E-03 1.27111698218991293E-01
7.16831405E+00 1.00383495355623756E-01 7.26782407918824969E-03 1.27628457030201203E-01
7.18246466E+00 1.00258375969688993E-01 7.28776400374900237E-03 1.28151787715572674E-01
7.19663541E+00 1.00132576196635084E-01 7.30810531594534504E-03 1.28682395359158042E-01
7.21083440E+00 1.00006015133299597E-01 7.32890829984650643E-03 1.29221021013067511E-01
7.22507028E+00 9.98786046454672172E-02 7.35020286495441464E-03 1.29768432366102915E-01
7.23933579E+00 9.97503978352300563E-02 7.37191850433041931E-03 1.30324801563672737E-01
7.25363449E+00 9.96213514264688293E-02 7.39399386012277050E-03 1.30890648687620265E-01
7.26797556E+00 9.94913721769973697E-02 7.41637678963153607E-03 1.31466722285469101E-01
7.28236881E+00 9.93603620889531719E-02 7.43907862018461721E-03 1.32053822997711817E-01
7.29682464E+00 9.92282161943620067E-02 7.46213562238707672E-03 1.32652779740461080E-01
7.31135405E+00 9.90948225365119451E-02 7.48563151440924217E-03 1.33264431749448187E-01
7.32596859E+00 9.89600622053755374E-02 7.50966267575877734E-03 1.33889637538668921E-01
7.34068027E+00 9.88238012106430752E-02 7.53429033912851164E-03 1.34529488466918312E-01
7.35550152E+00 9.86859105377027174E-02 7.55953578876500300E-03 1.35184595638430577E-01
7.37044500E+00 9.85462535981013604E-02 7.58541486379336709E-03 1.35856056506952899E-01
7.38543828E+00 9.84054931901857666E-02 7.61180139473464131E-03 1.36541159929615158E-01
7.40042671E+00 9.82641351235582911E-02 7.63853016758431029E-03 1.37237579706007695E-01
7.41537161E+00 9.81225423460710816E-02 7.66551166188446289E-03 1.37943465289841971E-01
7.43026062E+00 9.79808349689292452E-02 7.69276319959480079E-03 1.38658041578328117E-01
7.44518048E+00 9.78381840822253046E-02 7.72061754622334253E-03 1.39385142549716179E-01
7.46019764E+00 9.76939353393206089E-02 7.74934148929441475E-03 1.40128085100114846E-01
7.47511163E+00 9.75500085977030196E-02 7.77861315920648933E-03 1.40877577213835425E-01
7.49002390E+00 9.74054199185129810E-02 7.80862833573474097E-03 1.41637893046310442E-01
7.50495611E+00 9.72599458433417302E-02 7.83943541950988566E-03 1.42410023680142633E-01
7.51992478E+00 9.71134088703012460E-02 7.87108188403875739E-03 1.43194799611761875E-01
7.53498133E+00 9.69652816615220320E-02 7.90369473451710096E-03 1.43994801517348919E-01
7.54996076E+00 9.68171770264026760E-02 7.93687535414943669E-03 1.44801667574912307E-01
7.56497265E+00 9.66680005740425119E-02 7.97074623583562437E-03 1.45620425508876744E-01
7.57995567E+00 9.65183535280647459E-02 8.00512186629039231E-03 1.46447698938542537E-01
7.59479493E+00 9.63693967532647383E-02 8.03984482278537888E-03 1.47276955657622444E-01
7.60948188E+00 9.62212370266823103E-02 8.07507307727338593E-03 1.48106889633428718E-01
7.62400355E+00 9.60740221631195268E-02 8.11109264765137380E-03 1.48936108820037355E-01
7.63838483E+00 9.59275038226899412E-02 8.14828056270379929E-03 1.49765340097019806E-01
7.65265000E+00 9.57814217347728314E-02 8.18703580244967144E-03 1.50595414158330637E-01
7.66682236E+00 9.56355090177163775E-02 8.22761678519852435E-03 1.51427201338233508E-01
7.68092379E+00 9.54895015937570202E-02 8.26999492048067011E-03 1.52261558949631365E-01
7.69497458E+00 9.53431506774887194E-02 8.31405386700934980E-03 1.53099277040618847E-01
7.70899315E+00 9.51962311741849920E-02 8.35963505599368779E-03 1.53941042731880612E-01
7.72299598E+00 9.50485434221504943E-02 8.40655370907485849E-03 1.54787450449385466E-01
7.73699752E+00 9.48999094481572797E-02 8.45449629206133056E-03 1.55639027687240500E-01
7.75101023E+00 9.47501728215415784E-02 8.50316012714127586E-03 1.56496199392945429E-01
7.76504461E+00 9.45992014323665809E-02 8.55246511289389083E-03 1.57359263103601377E-01
7.77910932E+00 9.44468861247688002E-02 8.60249032760036780E-03 1.58228389343457371E-01
7.79321137E+00 9.42931356804616455E-02 8.65342350327293064E-03 1.59103600325030042E-01
7.80735629E+00 9.41378690031106496E-02 8.70549608513128924E-03 1.59984833556268691E-01
7.82154839E+00 9.39810095940112472E-02 8.75892079447363782E-03 1.60871994673261048E-01
7.83579100E+00 9.38224834711531980E-02 8.81369910112786772E-03 1.61764961772505655E-01
7.85008673E+00 9.36622210311418846E-02 8.86974490871848993E-03 1.62663548057841806E-01
7.86443776E+00 9.35001603659028624E-02 8.92702735938518885E-03 1.63567494570607153E-01
7.87884606E+00 9.33362448629925512E-02 8.98522895850678571E-03 1.64476531448098234E-01
7.89331365E+00 9.31704268400466162E-02 9.04422763990561998E-03 1.65390432320152908E-01
7.90784281E+00 9.30026588234879603E-02 9.10399446130807227E-03 1.66308980146594482E-01
7.92243629E+00 9.28328912162468683E-02 9.16477876642514053E-03 1.67231961129256507E-01
7.93709754E+00 9.26610674830326136E-02 9.22644608250569598E-03 1.68159142814447882E-01
7.95183084E+00 9.24871210384962256E-02 9.28861329451810894E-03 1.69090391362484910E-01
7.96664150E+00 9.23109796095561846E-02 9.35122427217966769E-03 1.70025708759279776E-01
7.98153593E+00 9.21325674167921133E-02 9.41454516719275256E-03 1.70965165173044720E-01
7.99640279E+00 9.19532373904337896E-02 9.47804564531656672E-03 1.71901771527921021E-01
8.01119821E+00 9.17735537653872752E-02 9.54149648263064205E-03 1.72832358269367908E-01
8.02594915E+00 9.15932201998398560E-02 9.60499931841530749E-03 1.73758086304409448E-01
8.04068181E+00 9.14119387317571530E-02 9.66874076554603834E-03 1.74680349743018853E-01
8.05524508E+00 9.12316007758793845E-02 9.73171002722755113E-03 1.75590094688273579E-01
8.06966722E+00 9.10519031768662612E-02 9.79312221830987151E-03 1.76488509869007298E-01
8.08397553E+00 9.08725654041505765E-02 9.85252854287996770E-03 1.77377009359371673E-01
8.09819573E+00 9.06933343943710363E-02 9.90987065798779043E-03 1.78257036006548242E-01
8.11235263E+00 9.05139640471056411E-02 9.96539408156059750E-03 1.79129965128183771E-01
8.12647073E+00 9.03342002266886018E-02 1.00189116149226026E-02 1.79997155762749383E-01
8.14057460E+00 9.01537799634192227E-02 1.00701347254301635E-02 1.80859961622535259E-01
8.15468931E+00 8.99724359602974838E-02 1.01191598882300095E-02 1.81719722368576919E-01
8.16884062E+00 8.97898828554292844E-02 1.01660488902238812E-02 1.82577759612938151E-01
8.18305520E+00 8.96058204201461289E-02 1.02111572032091615E-02 1.83435376138230133E-01
8.19720736E+00 8.94219180127888841E-02 1.02540564776073401E-02 1.84285197030592318E-01
8.21129970E+00 8.92381800278331527E-02 1.02945059364411128E-02 1.85126877675067442E-01
8.22532949E+00 8.90546765908324794E-02 1.03321223917560070E-02 1.85960024219273379E-01
8.23934503E+00 8.88708190001338688E-02 1.03669698804080973E-02 1.86787140810809382E-01
8.25339302E+00 8.86860427678640151E-02 1.03994720461829653E-02 1.87610653528488547E-01
8.26751939E+00 8.84997802753041823E-02 1.04299343736256288E-02 1.88432876364314550E-01
8.28177011E+00 8.83114467488976124E-02 1.04584158074959611E-02 1.89256019422111704E-01
8.29619173E+00 8.81204393849783912E-02 1.04848203145068535E-02 1.90082221252276695E-01
8.31078714E+00 8.79267361784011880E-02 1.05091670663709901E-02 1.90911179536229131E-01
8.32547624E+00 8.77314119660305008E-02 1.05313062776076546E-02 1.91738032018629795E-01
8.34033444E+00 8.75334823084531616E-02 1.05516247904061233E-02 1.92565879078375218E-01
8.35525896E+00 8.73343478226114162E-02 1.05702404144090330E-02 1.93388824274223825E-01
8.37024200E+00 8.71341520099533640E-02 1.05868773147493791E-02 1.94205567534037976E-01
8.38538203E+00 8.69316136171854464E-02 1.06011734554242888E-02 1.95020280381512895E-01
8.40060422E+00 8.67277623982948692E-02 1.06126014272908860E-02 1.95828674610236231E-01
8.41588212E+00 8.65229835493842581E-02 1.06208740032859295E-02 1.96628483785346975E-01
8.43118365E+00 8.63177402460069965E-02 1.06255605154822498E-02 1.97417322132530992E-01
8.44589362E+00 8.61203296837180499E-02 1.06265069451291164E-02 1.98165744059576793E-01
8.46025077E+00 8.59275994099781559E-02 1.06238329981079606E-02 1.98883517010565863E-01
8.47445614E+00 8.57369160850067064E-02 1.06183771289068973E-02 1.99580686545843461E-01
8.48869151E+00 8.55458945081354200E-02 1.06106782017840080E-02 2.00265764259787288E-01
8.50313424E+00 8.53522052501247130E-02 1.06016999303350130E-02 2.00946393993529343E-01
8.51781106E+00 8.51555209191165452E-02 1.05918926498021673E-02 2.01623203744067087E-01
8.53216116E+00 8.49633609136171836E-02 1.05810586697937786E-02 2.02272113252889935E-01
8.54636379E+00 8.47733554753390961E-02 1.05687414032679550E-02 2.02899084730843671E-01
8.56056856E+00 8.45835533499417480E-02 1.05546255442190602E-02 2.03510448119849890E-01
8.57448297E+00 8.43979110055326359E-02 1.05390435907158422E-02 2.04095049720629390E-01
8.58819320E+00 8.42153126600198171E-02 1.05220151558861174E-02 2.04655604166271571E-01
8.60186366E+00 8.40336011754491685E-02 1.05034064437779760E-02 2.05198749046438839E-01
8.61564773E+00 8.38507675294723615E-02 1.04824220922943735E-02 2.05730187437038303E-01
8.62970032E+00 8.36647883221487559E-02 1.04582809863241252E-02 2.06254929198790710E-01
8.64391781E+00 8.34771126554303827E-02 1.04317155004231693E-02 2.06768864412725684E-01
8.65831365E+00 8.32876486982141867E-02 1.04032898832930355E-02 2.07271131535125608E-01
8.67256683E+00 8.31006728489697977E-02 1.03740500432838358E-02 2.07751409915133967E-01
8.68672582E+00 8.29155662524086873E-02 1.03442634164741289E-02 2.08210290412082083E-01
8.70094716E+00 8.27302922127947787E-02 1.03136553110277172E-02 2.08652675764156720E-01
8.71506000E+00 8.25470832960677470E-02 1.02826670497571954E-02 2.09074235718238716E-01
8.72903778E+00 8.23662965852879347E-02 1.02521719127958138E-02 2.09474041500712665E-01
8.74297950E+00 8.21866772690370145E-02 1.02228894373256347E-02 2.09855108448373545E-01
8.75697177E+00 8.20071324144570346E-02 1.01951350297819054E-02 2.10219998415485110E-01
8.77109488E+00 8.18266096048809038E-02 1.01674987678084857E-02 2.10570673346430037E-01
8.78542164E+00 8.16441656627073797E-02 1.01388759225411393E-02 2.10908638799126746E-01
8.79983263E+00 8.14613474636725343E-02 1.01098218511919916E-02 2.11231449335371413E-01
8.81431907E+00 8.12782595677390418E-02 1.00796407433572550E-02 2.11538610015096745E-01
8.82890886E+00 8.10945414511217016E-02 1.00470031105256048E-02 2.11830878553814828E-01
8.84327980E+00 8.09142594419191147E-02 1.00127462227219011E-02 2.12103524338818045E-01
8.85738557E+00 8.07379667709448023E-02 9.97729532302550626E-03 2.12355924623107872E-01
8.87137693E+00 8.05638147773044683E-02 9.94200358562314680E-03 2.12591581615223402E-01
8.88537562E+00 8.03903186956041321E-02 9.90744772356694746E-03 2.12813294620328164E-01
8.89948055E+00 8.02162777244432024E-02 9.87324503299989199E-03 2.13023021655312728E-01
8.91377194E+00 8.00407178421875115E-02 9.83837768272713235E-03 2.13222213484237227E-01
8.92806311E+00 7.98659137464372698E-02 9.80184788221095775E-03 2.13409496200951398E-01
8.94220807E+00 7.96936273688365893E-02 9.76382424501250415E-03 2.13583601087301761E-01
8.95634090E+00 7.95222483287414406E-02 9.72523296665947154E-03 2.13682553239212175E-01
8.97057104E+00 7.93504709566948685E-02 9.68651247156657180E-03 2.13986668799573204E-01
8.98475946E+00 7.91799524833464441E-02 9.64788485192278125E-03 2.14001189556921795E-01
8.99891170E+00 7.90105894617942894E-02 9.60976524277687080E-03 2.14207897027811872E-01
9.01316438E+00 7.88407131095474056E-02 9.57126243770521461E-03 2.14246280112687953E-01
9.02764071E+00 7.86688920587287482E-02 9.53200686967563965E-03 2.14503220570545799E-01
9.04245320E+00 7.84938648574689812E-02 9.49118284883314692E-03 2.14514830487778335E-01
9.05746062E+00 7.83173613519554251E-02 9.44835103069740362E-03 2.14681189131903372E-01
9.07212655E+00 7.81456832067053547E-02 9.40423926986774794E-03 2.14716652055189666E-01
9.08664339E+00 7.79765749608300474E-02 9.35928210274425236E-03 2.14938482820354826E-01
9.10116729E+00 7.78082353869736926E-02 9.31556279440285372E-03 2.14945303241949742E-01
9.11582938E+00 7.76391307527868474E-02 9.27367719890429681E-03 2.15015941909314168E-01
9.13074242E+00 7.74679383233603247E-02 9.23378632270783865E-03 2.15228854272949910E-01
9.14567228E+00 7.72972889594224499E-02 9.19518065774021023E-03 2.15232552927373755E-01
9.16055536E+00 7.71278640284050188E-02 9.15610434524080641E-03 2.15277636554291191E-01
9.17553349E+00 7.69580549471068215E-02 9.11525813609670790E-03 2.15520788245380401E-01
9.19072727E+00 7.67865471900742030E-02 9.07226745512072254E-03 2.15518332764275455E-01
9.20623578E+00 7.66122919739184449E-02 9.02824725503409073E-03 2.15556074825467819E-01
9.22198671E+00 7.64361333301853962E-02 8.98456057545904060E-03 2.15797306281127921E-01
9.23761521E+00 7.62621252503810770E-02 8.94258749302729097E-03 2.15804095120834177E-01
9.25318869E+00 7.60894756937705308E-02 8.90242524852835615E-03 2.15878741585775080E-01
9.26885436E+00 7.59165320315954156E-02 8.86347148805115628E-03 2.16115304788833368E-01
9.28473601E+00 7.57419262093307899E-02 8.82430511041207462E-03 2.16124211665357696E-01
9.30093368E+00 7.55645825158729467E-02 8.78451588444526844E-03 2.16282318760009390E-01
9.31729384E+00 7.53862088762991683E-02 8.74569944187611643E-03 2.16345143874004830E-01
9.33367190E+00 7.52083795087828966E-02 8.70940680151437510E-03 2.16601874462561461E-01
9.35007771E+00 7.50309542178092537E-02 8.67585633875576565E-03 2.16622024835456090E-01
9.36652140E+00 7.48537828213240580E-02 8.64436121713515332E-03 2.16854532905945280E-01
9.38301312E+00 7.46767188241575786E-02 8.61382304629524330E-03 2.16896097081501815E-01
9.39956293E+00 7.44996252542963755E-02 8.58362888069137166E-03 2.17200677544734572E-01
9.41615005E+00 7.43227119534755759E-02 8.55398541603834793E-03 2.17225680559674866E-01
9.43269024E+00 7.41468739567381768E-02 8.52585796853180811E-03 2.17507078388726516E-01
9.44920650E+00 7.39718710490934322E-02 8.49951253940037753E-03 2.17551158551324342E-01
9.46572598E+00 7.37974147925518492E-02 8.47480551203165337E-03 2.17890101244383516E-01
9.48227716E+00 7.36231809423086858E-02 8.45103504340915038E-03 2.17922991293279245E-01
9.49888744E+00 7.34488581856025946E-02 8.42759169143963115E-03 2.18238288814804782E-01
9.51537108E+00 7.32763785980555388E-02 8.40489802344306092E-03 2.18302371085007857E-01
9.53174844E+00 7.31055219246300042E-02 8.38359278674315894E-03 2.18631396411838264E-01
9.54805848E+00 7.29358650226667737E-02 8.36405706704977485E-03 2.18690734208927373E-01
9.56434339E+00 7.27669371811632548E-02 8.34625031623033656E-03 2.19019282237228219E-01
9.58064685E+00 7.25982439147986741E-02 8.32917714403808018E-03 2.19084436951414080E-01
9.59701167E+00 7.24293242792616587E-02 8.31243559584257663E-03 2.19419028678892652E-01
9.61347756E+00 7.22597581681590911E-02 8.29607107252820948E-03 2.19484563037672276E-01
9.63007954E+00 7.20891723146708657E-02 8.28077073272521016E-03 2.19820988015887120E-01
9.64684677E+00 7.19172373593397474E-02 8.26702094591581955E-03 2.19888491615833209E-01
9.66351543E+00 7.17466098877981573E-02 8.25421577619287611E-03 2.20224787906889569E-01
9.68012731E+00 7.15768356166780889E-02 8.24153860087938235E-03 2.20286972300359818E-01
9.69670690E+00 7.14076586647599543E-02 8.22878507262518252E-03 2.20611020240521094E-01
9.71330491E+00 7.12385631200766894E-02 8.21674370964377808E-03 2.20670082551806035E-01
9.72997071E+00 7.10690234638570173E-02 8.20630185969830131E-03 2.20982388436854388E-01
9.74675012E+00 7.08985360505089840E-02 8.19715719404955599E-03 2.21036662045293569E-01
9.76368368E+00 7.07266660462265856E-02 8.18834538442227838E-03 2.21334668028333070E-01
9.78067096E+00 7.05544332873654922E-02 8.17984799969084277E-03 2.21373698024319970E-01
9.79775579E+00 7.03814018672152403E-02 8.17236370611409621E-03 2.21675266255209363E-01
9.81499135E+00 7.02070295396553523E-02 8.16597298405740378E-03 2.21703866965108409E-01
9.83236529E+00 7.00314320557181014E-02 8.16002975863239222E-03 2.21954465412064844E-01
9.84972370E+00 6.98561622241490182E-02 8.15436273952220049E-03 2.21987088507796249E-01
9.86705918E+00 6.96813037082432279E-02 8.14956475174893370E-03 2.22227001364964427E-01
9.88442775E+00 6.95062921161522657E-02 8.14594416641789901E-03 2.22245588182594406E-01
9.90187981E+00 6.93306056797963616E-02 8.14327245196275369E-03 2.22425093370924698E-01
9.91945911E+00 6.91537876483218766E-02 8.14068441994535152E-03 2.22446998414967179E-01
9.93720209E+00 6.89754721234798890E-02 8.13782226850118598E-03 2.22612318171929557E-01
9.95508668E+00 6.87959003209219350E-02 8.13502655235168876E-03 2.22623412275319149E-01
9.97301968E+00 6.86160190455252089E-02 8.13243454558773213E-03 2.22676639699894041E-01
9.99101245E+00 6.84357107409141741E-02 8.12965649652036028E-03 2.22807487648689850E-01
1.00090784E+01 6.82548373936400776E-02 8.12650240851071036E-03 2.22801765714226219E-01
1.00272330E+01 6.80732517891645267E-02 8.12306719671189274E-03 2.22801756291396980E-01
1.00454944E+01 6.78907900420337718E-02 8.11940158180226614E-03 2.22813851375459115E-01
1.00638830E+01 6.77072655027848580E-02 8.11579417512480784E-03 2.22831710236232439E-01
1.00824214E+01 6.75224588828818306E-02 8.11234254980180113E-03 2.22842604196216987E-01
1.01011349E+01 6.73361181432763217E-02 8.10889230658027454E-03 2.22835471898479437E-01
1.01199413E+01 6.71490593679871239E-02 8.10556676924378480E-03 2.22802527254438165E-01
1.01388161E+01 6.69615294092406194E-02 8.10237823799857260E-03 2.22672286146794407E-01
1.01577811E+01 6.67733073157618512E-02 8.09865328606924374E-03 2.22677927022631228E-01
1.01768607E+01 6.65841534896698256E-02 8.09350933906910139E-03 2.22661429808585637E-01
1.01960808E+01 6.63938286393983973E-02 8.08675418205053419E-03 2.22501071414315910E-01
1.02154696E+01 6.62020959551855998E-02 8.07903279299912631E-03 2.22488068283808266E-01
1.02350174E+01 6.60090826937606290E-02 8.07081556115044584E-03 2.22338123211643979E-01
1.02548329E+01 6.58137347316055665E-02 8.06223672851803796E-03 2.22310500063706507E-01
1.02747101E+01 6.56180795970216779E-02 8.05340550760552491E-03 2.22098675143598323E-01
1.02944360E+01 6.54241921520522379E-02 8.04464411444973451E-03 2.22081415388811876E-01
1.03138391E+01 6.52337244703998370E-02 8.03630619613581419E-03 2.21875973731667092E-01
1.03330475E+01 6.50453834579468732E-02 8.02825265927286855E-03 2.21847375440301392E-01
1.03521901E+01 6.48578881031307286E-02 8.02014233552115346E-03 2.21604886535288037E-01
1.03713986E+01 6.46699505958488879E-02 8.01183790923370304E-03 2.21583711357951935E-01
1.03904837E+01 6.44834244590769268E-02 8.00348379122359926E-03 2.21339562277068552E-01
1.04093005E+01 6.42997148346867442E-02 7.99520427072523444E-03 2.21311349620370440E-01
1.04279758E+01 6.41175683665439616E-02 7.98708363398481676E-03 2.21053981708332570E-01
1.04466339E+01 6.39357492605071021E-02 7.97870952980147576E-03 2.21027652935251617E-01
1.04653995E+01 6.37530420058578656E-02 7.96997488627544659E-03 2.20769633148849648E-01
1.04843994E+01 6.35682252931368125E-02 7.96111881876939743E-03 2.20738910210583117E-01
1.05033563E+01 6.33839920319113626E-02 7.95251044869300754E-03 2.20461277937048061E-01
1.05221844E+01 6.32011591202939899E-02 7.94392701401535825E-03 2.20435424965636895E-01
1.05410101E+01 6.30185030467220186E-02 7.93496635974708792E-03 2.20172916371171673E-01
1.05599578E+01 6.28348345685169341E-02 7.92532201054753707E-03 2.20142173635814176E-01
1.05791518E+01 6.26489722900812201E-02 7.91471373215717720E-03 2.19862165427814227E-01
1.05985714E+01 6.24611436064585676E-02 7.90311186135179804E-03 2.19835579848160573E-01
1.06179252E+01 6.22741949088520402E-02 7.89126716383959509E-03 2.19569193205786661E-01
1.06373425E+01 6.20868996898927203E-02 7.87983317875747859E-03 2.19540936709411605E-01
1.06567720E+01 6.18997596427574154E-02 7.86913155681485954E-03 2.19274556670600168E-01
1.06762014E+01 6.17128861695428396E-02 7.85900384245320251E-03 2.19250687699456298E-01
1.06957141E+01 6.15254678644664085E-02 7.84903776614867890E-03 2.19005548656129145E-01
1.07154012E+01 6.13366242481210092E-02 7.83878609176257880E-03 2.18980090148226281E-01
1.07351361E+01 6.11475694362301272E-02 7.82828936290867056E-03 2.18739018611776526E-01
1.07548670E+01 6.09588024212531082E-02 7.81764590381035102E-03 2.18721852523182575E-01
1.07746838E+01 6.07694787254974000E-02 7.80694657660171553E-03 2.18507796629159062E-01
1.07946831E+01 6.05786954446707049E-02 7.79624884174756096E-03 2.18490650703454026E-01
1.08149705E+01 6.03854619431989925E-02 7.78539298101453732E-03 2.18289857773537793E-01
1.08352740E+01 6.01923732400822045E-02 7.77425502503593588E-03 2.18277563171541178E-01
1.08555526E+01 5.99998192512016804E-02 7.76262249767028720E-03 2.18114387327961790E-01
1.08757850E+01 5.98080079727780767E-02 7.75049002679686037E-03 2.18103376139767102E-01
1.08959059E+01 5.96175628241749772E-02 7.73814815892553878E-03 2.17967014179244328E-01
1.09159279E+01 5.94283697539761402E-02 7.72590183900745582E-03 2.17961288410332438E-01
1.09358816E+01 5.92401439434532967E-02 7.71367219959809194E-03 2.17906707775545994E-01
1.09557990E+01 5.90525870302650441E-02 7.70115518045486492E-03 2.17799409416781581E-01
1.09757139E+01 5.88654011205276967E-02 7.68823978265275373E-03 2.17809682440988611E-01
1.09956178E+01 5.86786894953964314E-02 7.67492162109119358E-03 2.17811354142378066E-01
1.10155537E+01 5.84920695344581937E-02 7.66108103959902212E-03 2.17798939249808976E-01
1.10353976E+01 5.83067083167359002E-02 7.64663183871995816E-03 2.17776444765497706E-01
1.10551860E+01 5.81222730261505005E-02 7.63146378611383180E-03 2.17764547228003202E-01
1.10749593E+01 5.79384069624939574E-02 7.61570780222996149E-03 2.17768493704274868E-01
1.10947599E+01 5.77547383230988393E-02 7.59970590468762603E-03 2.17791596582795371E-01
1.11146321E+01 5.75708705107077501E-02 7.58361919630479338E-03 2.17855024293256566E-01
1.11345654E+01 5.73869108430289723E-02 7.56736943812668424E-03 2.17889502216219916E-01
1.11544374E+01 5.72039999640274674E-02 7.55067433414266867E-03 2.17949820948015877E-01
1.11742905E+01 5.70217674488921120E-02 7.53339313784456063E-03 2.18001238044469386E-01
1.11941713E+01 5.68398073869714471E-02 7.51556748501158028E-03 2.18062262805453905E-01
1.12141298E+01 5.66576814421934846E-02 7.49711830781395801E-03 2.18175709841399806E-01
1.12342185E+01 5.64749394789774428E-02 7.47799175169624759E-03 2.18192319655543893E-01
1.12543929E+01 5.62920256450077858E-02 7.45844931976265106E-03 2.18324842985732598E-01
1.12745779E+01 5.61096469439191434E-02 7.43876677433046116E-03 2.18356312825889437E-01
1.12948176E+01 5.59274174885693032E-02 7.41874051359148363E-03 2.18541917370575295E-01
1.13151604E+01 5.57449101309047054E-02 7.39767115485650151E-03 2.18562484979769101E-01
1.13356586E+01 5.55616835174283369E-02 7.37494913758861108E-03 2.18732344289878283E-01
1.13563675E+01 5.53772957459443271E-02 7.35051962741554814E-03 2.18767025024184936E-01
1.13772002E+01 5.51925766725082714E-02 7.32448659925320680E-03 2.18981438317375404E-01
1.13981686E+01 5.50074712744237845E-02 7.29689696804310377E-03 2.19005539206721750E-01
1.14192398E+01 5.48223158317948447E-02 7.26808145468594343E-03 2.19200868474298122E-01
1.14404589E+01 5.46367492653978479E-02 7.23809036632492003E-03 2.19236423329425140E-01
1.14618709E+01 5.44504161694402689E-02 7.20673440820038865E-03 2.19459408499978886E-01
1.14834204E+01 5.42638340810421144E-02 7.17399763504763220E-03 2.19485596245075104E-01
1.15050690E+01 5.40773716130710999E-02 7.14019864254862233E-03 2.19687236343807463E-01
1.15267451E+01 5.38916695051348538E-02 7.10555678090369226E-03 2.19721206439609629E-01
1.15484143E+01 5.37070358666462064E-02 7.07006174642743623E-03 2.19930566115576431E-01
1.15701066E+01 5.35232323620529055E-02 7.03399334854264147E-03 2.19956236621401180E-01
1.15918482E+01 5.33400524467397621E-02 6.99772540099779464E-03 2.20139703146500026E-01
1.16136623E+01 5.31573056255625689E-02 6.96124576711376446E-03 2.20168219286745931E-01
1.16355055E+01 5.29753483470521563E-02 6.92425651690834355E-03 2.20351144115851383E-01
1.16572248E+01 5.27954386979128526E-02 6.88669852680614050E-03 2.20373469445098891E-01
1.16788747E+01 5.26171120659070374E-02 6.84835740397279902E-03 2.20519275245800200E-01
1.17005054E+01 5.24399618182553873E-02 6.80931325210592901E-03 2.20544480274232263E-01
1.17221545E+01 5.22636979709497282E-02 6.76982941580082150E-03 2.20687068436127287E-01
1.17435649E+01 5.20904056170746685E-02 6.73063424046779855E-03 2.20704766989702067E-01
1.17647820E+01 5.19196807620805195E-02 6.69167749555505537E-03 2.20802961620588156E-01
1.17858493E+01 5.17511425624960289E-02 6.65282763484518255E-03 2.20824272359070289E-01
1.18068103E+01 5.15844188350821631E-02 6.61401405849393938E-03 2.20920755528571100E-01
1.18277105E+01 5.14191338974297821E-02 6.57532044716672461E-03 2.20933187299042350E-01
1.18485986E+01 5.12548929880524626E-02 6.53680841947256765E-03 2.20957279401723883E-01
1.18695287E+01 5.10912673100768766E-02 6.49848078088455759E-03 2.21008970611374783E-01
1.18905618E+01 5.09277855700906515E-02 6.46027282586724566E-03 2.21039314859021341E-01
1.19117666E+01 5.07639290091140422E-02 6.42201398987052655E-03 2.21061391590747613E-01
1.19332206E+01 5.05991309972748105E-02 6.38348166331085577E-03 2.21075859577646666E-01
1.19550111E+01 5.04327693866426091E-02 6.34452146036173798E-03 2.21081263520691018E-01
1.19769511E+01 5.02663046324957272E-02 6.30544033035485355E-03 2.21077353813871336E-01
1.19989545E+01 5.01004003482512020E-02 6.26634736809456808E-03 2.21062470440732461E-01
1.20210596E+01 4.99347796014660561E-02 6.22729146318068156E-03 2.21040431878976484E-01
1.20433042E+01 4.97691773084495831E-02 6.18833259858317386E-03 2.20962054697707133E-01
1.20657273E+01 4.96033221570267371E-02 6.14925294169610392E-03 2.20969827072564962E-01
1.20883734E+01 4.94369154156319504E-02 6.10975011134956645E-03 2.20956104049749857E-01
1.21112946E+01 4.92696197324156079E-02 6.06988916436168591E-03 2.20824231515795444E-01
1.21345525E+01 4.91010376934272463E-02 6.02973838718410399E-03 2.20817621264932956E-01
1.21582177E+01 4.89307142183602328E-02 5.98928564658346083E-03 2.20688682124670105E-01
1.21822080E+01 4.87592973856911249E-02 5.94876416633070924E-03 2.20664184938389879E-01
1.22063118E+01 4.85883326915431679E-02 5.90845693273508651E-03 2.20458365480069279E-01
1.22305326E+01 4.84178150175023775E-02 5.86811005086898888E-03 2.20440310605519579E-01
1.22548646E+01 4.82478042122950965E-02 5.82769043005250398E-03 2.20227300304173756E-01
1.22792303E+01 4.80788495299637186E-02 5.78731748008871633E-03 2.20139948211585612E-01
1.23037157E+01 4.79103679179566574E-02 5.74680923544563637E-03 2.19972432995660300E-01
1.23282916E+01 4.77425753865636238E-02 5.70594883557820707E-03 2.19813375753730084E-01
1.23529696E+01 4.75754165189568590E-02 5.66471903090999627E-03 2.19638020426685399E-01
1.23777623E+01 4.74088258726698339E-02 5.62328579657850672E-03 2.19453615229555921E-01
1.24026842E+01 4.72427266439212137E-02 5.58192486390426956E-03 2.19258847240524718E-01
1.24277233E+01 4.70772146022402430E-02 5.54081613972203652E-03 2.19054938113605990E-01
1.24526622E+01 4.69137210030370067E-02 5.50010933907564906E-03 2.18844701835947009E-01
1.24775114E+01 4.67521566908664851E-02 5.45978583306382190E-03 2.18629213256239879E-01
1.25020118E+01 4.65941624066915430E-02 5.42029469225941037E-03 2.18411982133998789E-01
1.25263527E+01 4.64384714707216165E-02 5.38156791941063212E-03 2.18192486447540884E-01
1.25506963E+01 4.62840243212061173E-02 5.34344100232881335E-03 2.17970188699122019E-01
1.25750084E+01 4.61310215812192406E-02 5.30599018525155890E-03 2.17746742105989211E-01
1.25988968E+01 4.59818751910871168E-02 5.26975159087396221E-03 2.17527300087348663E-01
1.26225653E+01 4.58352440312229104E-02 5.23433929029095898E-03 2.17310837169081311E-01
1.26461902E+01 4.56899973240105159E-02 5.19942675306900651E-03 2.17096453271379025E-01
1.26699286E+01 4.55451564880524143E-02 5.16466928256544347E-03 2.16883826315558415E-01
1.26937583E+01 4.54008548557733316E-02 5.12998352523035515E-03 2.16674350952643313E-01
1.27174914E+01 4.52582127252820696E-02 5.09569011178016493E-03 2.16470884805213037E-01
1.27410488E+01 4.51176704768099027E-02 5.06204009293919396E-03 2.16274961951879813E-01
1.27645493E+01 4.49784849284247945E-02 5.02895868129526937E-03 2.16086144271357833E-01
1.27881487E+01 4.48397162153309631E-02 4.99631239900582939E-03 2.15903866966108499E-01
1.28119902E+01 4.47005182572540669E-02 4.96384973945900119E-03 2.15727958119404151E-01
1.28358519E+01 4.45621750222119847E-02 4.93188016469019250E-03 2.15561240917595043E-01
1.28598324E+01 4.44241000610302167E-02 4.90036062653189438E-03 2.15403674995157834E-01
1.28839648E+01 4.42860928733921147E-02 4.86936323837051238E-03 2.15255689125988220E-01
1.29079730E+01 4.41496994224937628E-02 4.83922150013726786E-03 2.15119857303200185E-01
1.29318326E+01 4.40150082443292248E-02 4.80982815803503334E-03 2.14996502480889140E-01
1.29556993E+01 4.38811033520413382E-02 4.78093908513470885E-03 2.14884771976265210E-01
1.29797165E+01 4.37471659950739653E-02 4.75243866879593562E-03 2.14784349166155214E-01
1.30036623E+01 4.36144178301333743E-02 4.72468264712562393E-03 2.14696826633955395E-01
1.30273986E+01 4.34835901589345139E-02 4.69787884206713212E-03 2.14622829198259008E-01
1.30510746E+01 4.33538265382912708E-02 4.67176505821905157E-03 2.14583390250825540E-01
1.30748264E+01 4.32243587158866113E-02 4.64613364671057159E-03 2.14482075776457504E-01
1.30987798E+01 4.30944919132653856E-02 4.62089059450710490E-03 2.14473416026753627E-01
1.31230514E+01 4.29635961935935298E-02 4.59595006742041269E-03 2.14460429114678164E-01
1.31472153E+01 4.28339566731880117E-02 4.57180264515214593E-03 2.14443782896565044E-01
1.31713701E+01 4.27050203298794603E-02 4.54832767527041815E-03 2.14431204433639971E-01
1.31956365E+01 4.25761291882691545E-02 4.52533946333139210E-03 2.14433412628281500E-01
1.32201249E+01 4.24466889338890666E-02 4.50263565789802648E-03 2.14508522151673153E-01
1.32449355E+01 4.23161674817688627E-02 4.48007181783266657E-03 2.14504539045878267E-01
1.32699050E+01 4.21854217020258895E-02 4.45780110827319418E-03 2.14591334021447644E-01
1.32949495E+01 4.20548843724496343E-02 4.43601672043436590E-03 2.14637151293162604E-01
1.33201745E+01 4.19240037771305765E-02 4.41476524535505416E-03 2.14722730243708193E-01
1.33456749E+01 4.17922904173635076E-02 4.39398828647418350E-03 2.14813261722254650E-01
1.33714794E+01 4.16596002907817717E-02 4.37355605146257619E-03 2.14919578142747536E-01
1.33973446E+01 4.15271812621773387E-02 4.35354488253494615E-03 2.15038015836055085E-01
1.34233787E+01 4.13944734706852002E-02 4.33374135796618740E-03 2.15169405517948970E-01
1.34496764E+01 4.12609960913793636E-02 4.31402907828937199E-03 2.15314125339666873E-01
1.34761020E+01 4.11274414109621608E-02 4.29464933262292507E-03 2.15471707613546032E-01
1.35025766E+01 4.09942015274773128E-02 4.27577924806722340E-03 2.15641568202179112E-01
1.35292571E+01 4.08604802090173219E-02 4.25727289247455985E-03 2.15824496161213769E-01
1.35559451E+01 4.07272609791095724E-02 4.23917755530720149E-03 2.16019483100100329E-01
1.35825760E+01 4.05948496551745835E-02 4.22146082880866906E-03 2.16225918764007513E-01
1.36091823E+01 4.04630711587979225E-02 4.20411251091452019E-03 2.16443908407255664E-01
1.36357900E+01 4.03317866413649348E-02 4.18718076066819031E-03 2.16673707420954764E-01
1.36624194E+01 4.02008848731115753E-02 4.17073133602748579E-03 2.16915640931299752E-01
1.36890865E+01 4.00702737548323043E-02 4.15477346542361681E-03 2.17170071695838268E-01
1.37158039E+01 3.99398747491337761E-02 4.13923025145023285E-03 2.17437426824152014E-01
1.37425820E+01 3.98096214458283568E-02 4.12408559062165704E-03 2.17718178836970505E-01
1.37694311E+01 3.96794522244243164E-02 4.10937330953944392E-03 2.18012837894881156E-01
1.37962683E+01 3.95497550393447347E-02 4.09509524553674543E-03 2.18320954823677943E-01
1.38231032E+01 3.94204727177548814E-02 4.08122092380586946E-03 2.18642937087848682E-01
1.38499452E+01 3.92915525579040498E-02 4.06772862043958561E-03 2.18979268075723849E-01
1.38768026E+01 3.91629455462771045E-02 4.05461510268438283E-03 2.19330483791722125E-01
1.39036841E+01 3.90346013640217662E-02 4.04187202951713891E-03 2.19697191985447710E-01
1.39305997E+01 3.89064630157173602E-02 4.02943255151626874E-03 2.20080064673173703E-01
1.39575619E+01 3.87784636392660420E-02 4.01720276749906961E-03 2.20479819303810443E-01
1.39845543E+01 3.86506773820459726E-02 4.00516766679223733E-03 2.20896747638112650E-01
1.40115308E+01 3.85233205649186602E-02 3.99341526700210461E-03 2.21330600721796333E-01
1.40385000E+01 3.83963531432646790E-02 3.98203099453903198E-03 2.21781857149304595E-01
1.40654686E+01 3.82697389189236986E-02 3.97102963457756503E-03 2.22251010692351397E-01
1.40924208E+01 3.81435433830112705E-02 3.96039401494138396E-03 2.22738186467735494E-01
1.41193299E+01 3.80178835339200355E-02 3.95012238210618993E-03 2.23243228014713468E-01
1.41462071E+01 3.78926979404663952E-02 3.94011817675009833E-03 2.23766559828495443E-01
1.41730622E+01 3.77679342183468020E-02 3.93025747554724952E-03 2.24308556030710954E-01
1.41999031E+01 3.76435501683867954E-02 3.92048065594564465E-03 2.24869555816865102E-01
1.42267364E+01 3.75195122755697177E-02 3.91080186338545882E-03 2.25449856736099880E-01
1.42535672E+01 3.73957949326600356E-02 3.90127004044770907E-03 2.26049698887839906E-01
1.42803992E+01 3.72723785880939990E-02 3.89190826568984981E-03 2.26669268747074021E-01
1.43072354E+01 3.71492484887787217E-02 3.88264876170008261E-03 2.27308715380607818E-01
1.43340697E+01 3.70264309047285411E-02 3.87338817894925837E-03 2.27967939774377182E-01
1.43608839E+01 3.69040124826938640E-02 3.86409482004285414E-03 2.28646458300728994E-01
1.43876842E+01 3.67819682314537780E-02 3.85476362847159051E-03 2.29344301943061435E-01
1.44144758E+01 3.66602791669555367E-02 3.84535938860885908E-03 2.30061440300019432E-01
1.44412624E+01 3.65389330563297143E-02 3.83581177586907488E-03 2.30797770665324503E-01
1.44680469E+01 3.64179251661599368E-02 3.82609404095442035E-03 2.31553103270844662E-01
1.44948312E+01 3.62972554108330833E-02 3.81620942863585954E-03 2.32327172572786428E-01
1.45216167E+01 3.61769265495571340E-02 3.80615127283208052E-03 2.33119635097131295E-01
1.45484039E+01 3.60569441671464222E-02 3.79592035444400620E-03 2.33930062849525416E-01
1.45751935E+01 3.59373157320672237E-02 3.78549604583055740E-03 2.34757951002886767E-01
1.46019855E+01 3.58180510344383307E-02 3.77486319040572834E-03 2.35602724499192479E-01
1.46287801E+01 3.56991608932541449E-02 3.76398650972485432E-03 2.36463734259988789E-01
1.46555774E+01 3.55806572916178773E-02 3.75284641664589726E-03 2.37340253484430413E-01
1.46823708E+01 3.54625831448767623E-02 3.74146147307696623E-03 2.38231260241712678E-01
1.47091612E+01 3.53449467716990956E-02 3.72984025345034177E-03 2.39135913691814611E-01
1.47359489E+01 3.52277564118877451E-02 3.71795479431171307E-03 2.40053316440458658E-01
1.47627343E+01 3.51110203501177401E-02 3.70573232462411209E-03 2.40982521652747750E-01
1.47895171E+01 3.49947480586292187E-02 3.69310437766491237E-03 2.41922528455173536E-01
1.48162973E+01 3.48789509357310609E-02 3.68006332919511032E-03 2.42872301575143640E-01
1.48430743E+01 3.47636408750966255E-02 3.66665009944492064E-03 2.43830787854730557E-01
1.48698478E+01 3.46488274267968827E-02 3.65288742844842567E-03 2.44796930797883755E-01
1.48966174E+01 3.45345176785626790E-02 3.63875457311808306E-03 2.45769652304311775E-01
1.49233826E+01 3.44207185711577351E-02 3.62424101456542466E-03 2.46747840572787952E-01
1.49501428E+01 3.43074379277290148E-02 3.60938977616299733E-03 2.47730374523090463E-01
1.49750714E+01 3.42023554706388511E-02 3.59528184468162031E-03 2.48649426114600336E-01
1.50000000E+01 3.40977114338228138E-02 3.58096043175792737E-03 2.49570231103019430E-01
