#  time, MeanKE MeanKEDR MeanP MeanNuT MeanLesProduction
0 1.23799080025204067E-01 4.64267661059243077E-04 -1.51224789980457778E-17 2.99035278386962800E-04 3.19114792965771504E-04
5.89048623E-02 1.23733789473305267E-01 4.64186986914590419E-04 3.64177235201771244E-03 2.99123988656512874E-04 3.18990296724218933E-04
1.18428952E-01 1.23682142460943403E-01 4.64492488419256317E-04 3.63678162229991771E-03 2.99481938138311705E-04 3.19244550822581606E-04
1.78017052E-01 1.23634204788273694E-01 4.65148201136701396E-04 3.22031510353386818E-03 3.00032823612672139E-04 3.19840310999065748E-04
2.37694810E-01 1.23586442003545308E-01 4.66143418716570503E-04 2.63445325019779145E-03 3.00736342853534099E-04 3.20773848721178352E-04
2.97490467E-01 1.23537622548340789E-01 4.67477419069054357E-04 1.85262721640632334E-03 3.01567763618709153E-04 3.22055655090432711E-04
3.57432283E-01 1.23487293382898086E-01 4.69153710178476450E-04 8.79853048025820835E-04 3.02510629188239191E-04 3.23703006596695684E-04
4.17547486E-01 1.23435261906485461E-01 4.71178020418082041E-04 -2.76020638071906919E-04 3.03552798046082949E-04 3.25737171542521821E-04
4.77861726E-01 1.23381422818663392E-01 4.73557570730249620E-04 -1.60529477460449941E-03 3.04683586479397527E-04 3.28182197687961483E-04
5.38263980E-01 1.23325823943832708E-01 4.76294257886318193E-04 -3.09323950869445051E-03 3.05889784113333072E-04 3.31057303089077922E-04
5.98773440E-01 1.23268412854079440E-01 4.79394946597958341E-04 -4.72531527847800444E-03 3.07161535986431259E-04 3.34386905808512988E-04
6.59418368E-01 1.23209132047639489E-01 4.82867924130942557E-04 -6.48585303498093284E-03 3.08491480132757809E-04 3.38196800768749458E-04
7.20225148E-01 1.23147926224870627E-01 4.86722381668997439E-04 -8.35761843445025250E-03 3.09874776452222635E-04 3.42513319774226540E-04
7.81218026E-01 1.23084741893908889E-01 4.90968276716687046E-04 -1.03217120513277860E-02 3.11308798642969894E-04 3.47362900759619873E-04
8.42418894E-01 1.23019527623104738E-01 4.95616182537114811E-04 -1.23575311950566008E-02 3.12792756892971255E-04 3.52771661626180642E-04
9.03847101E-01 1.22952234522914330E-01 5.00677123838790612E-04 -1.44427609963741245E-02 3.14327419622867799E-04 3.58764977663249371E-04
9.65519312E-01 1.22882816793795618E-01 5.06162399578340139E-04 -1.65534020893045725E-02 3.15914943582357307E-04 3.65367068256686233E-04
1.02744941E+00 1.22811232259616238E-01 5.12083394935311650E-04 -1.86638432600461958E-02 3.17558759557531954E-04 3.72600604718881852E-04
1.08964846E+00 1.22737442830573570E-01 5.18451385624556335E-04 -2.07469862973297461E-02 3.19263403311101607E-04 3.80486356719130176E-04
1.15212469E+00 1.22661414846076441E-01 5.25277338834739338E-04 -2.27744287127947601E-02 3.21034128812850621E-04 3.89042899065011872E-04
1.21488358E+00 1.22583119250540024E-01 5.32571716196476169E-04 -2.47167078611591796E-02 3.22876228364870786E-04 3.98286401492511087E-04
1.27792801E+00 1.22502531558563235E-01 5.40344285214474653E-04 -2.65436073087341844E-02 3.24794320202733571E-04 4.08230521185709702E-04
1.34125836E+00 1.22419631570460249E-01 5.48603946433245081E-04 -2.82245231423325811E-02 3.26792103059326763E-04 4.18886415678883120E-04
1.40487286E+00 1.22334402802349168E-01 5.57358584125875476E-04 -2.97288843613004831E-02 3.28872702019283381E-04 4.30262897719580688E-04
1.46876781E+00 1.22246831599170491E-01 5.66614948430577570E-04 -3.10266178500807344E-02 3.31039159435438904E-04 4.42366758763435572E-04
1.53293793E+00 1.22156905909845681E-01 5.76378576585748008E-04 -3.20886451392729255E-02 3.33294664950844100E-04 4.55203284711555979E-04
1.59737681E+00 1.22064613720289705E-01 5.86653760174122565E-04 -3.28873954175561214E-02 3.35642501018809376E-04 4.68776976363117917E-04
1.66207727E+00 1.21969941156476774E-01 5.97443564028216079E-04 -3.33973169054143024E-02 3.38085838311772498E-04 4.83092473738201786E-04
1.72703185E+00 1.21872870283703916E-01 6.08749900727078436E-04 -3.35953624067201265E-02 3.40627477462766945E-04 4.98155670628176814E-04
1.79223329E+00 1.21773376639442710E-01 6.20573662579197802E-04 -3.34615849457500295E-02 3.43269588289409641E-04 5.13974993697532295E-04
1.85767501E+00 1.21671426545252245E-01 6.32914910868167722E-04 -3.29788932262159440E-02 3.46013491507953636E-04 5.30562810373718047E-04
1.92335159E+00 1.21566974243461523E-01 6.45773120042157840E-04 -3.21347709592962882E-02 3.48859526069160973E-04 5.47936922588446564E-04
1.98925926E+00 1.21459958909090490E-01 6.59147472959681845E-04 -3.09198137578808457E-02 3.51807018747740869E-04 5.66122102654675300E-04
2.05539633E+00 1.21350301565156457E-01 6.73037201978323742E-04 -2.93291235155900970E-02 3.54854338168027314E-04 5.85151629451805466E-04
2.12176362E+00 1.21237901928704289E-01 6.87441970322585309E-04 -2.73618558535433758E-02 3.57999003683124131E-04 6.05068789708871919E-04
2.18836482E+00 1.21122635187630293E-01 7.02362288384347647E-04 -2.50212960733880684E-02 3.61237828774530758E-04 6.25928316454446945E-04
2.25520684E+00 1.21004348690593538E-01 7.17799960687776160E-04 -2.23147356277444975E-02 3.64567088403914175E-04 6.47797745906464393E-04
2.32230003E+00 1.20882858508908855E-01 7.33758560978360380E-04 -1.92532762439402115E-02 3.67982703364592252E-04 6.70758685401762287E-04
2.38965846E+00 1.20757945806971564E-01 7.50243935164684778E-04 -1.58515676632096612E-02 3.71480437912841718E-04 6.94908000855671486E-04
2.45730000E+00 1.20629352937182882E-01 7.67264734467536192E-04 -1.21274917094658253E-02 3.75056112109386792E-04 7.20358957496523410E-04
2.52524648E+00 1.20496779158247413E-01 7.84832983935605691E-04 -8.10180630564784343E-03 3.78705832501631447E-04 7.47242389178174237E-04
2.59352365E+00 1.20359875864366750E-01 8.02964694313671964E-04 -3.79776268005399585E-03 3.82426237532403849E-04 7.75708035373053181E-04
2.66216122E+00 1.20218241210718599E-01 8.21680527954790651E-04 7.59292113924696561E-04 3.86214733149508834E-04 8.05926269349251990E-04
2.73119279E+00 1.20071414032578927E-01 8.41006531843844400E-04 5.54231680655057485E-03 3.90069661880117278E-04 8.38090527926907262E-04
2.80062973E+00 1.19918925427088138E-01 8.60967417737234586E-04 1.05211566607935156E-02 3.93988857139312661E-04 8.72407627273264429E-04
2.87039863E+00 1.19760447599867315E-01 8.81567852933071269E-04 1.56581381008110178E-02 3.97965827626721295E-04 9.09064711950125165E-04
2.94053264E+00 1.19595363901109794E-01 9.02848448175069579E-04 2.09218835754486354E-02 4.02000194077712031E-04 9.48329230555336358E-04
3.01106906E+00 1.19422975292549333E-01 9.24858470319799030E-04 2.62814018391453047E-02 4.06091531858577008E-04 9.90509367563403419E-04
3.08204917E+00 1.19242493000850963E-01 9.47656943157388948E-04 3.17064129505044701E-02 4.10238947485028964E-04 1.03596136998678487E-03
3.15351817E+00 1.19053031038856352E-01 9.71313735755041001E-04 3.71675734108400865E-02 4.14440823696428796E-04 1.08509627215024398E-03
3.22552499E+00 1.18853599269493806E-01 9.95910565641647911E-04 4.26367453820113360E-02 4.18694934773347215E-04 1.13838469830278375E-03
3.29812211E+00 1.18643097704490538E-01 1.02154178902446593E-03 4.80872213676979271E-02 4.22999305648706126E-04 1.19635826855270960E-03
3.37134706E+00 1.18420370812874515E-01 1.04830801440737175E-03 5.34925635031344993E-02 4.27353211457849006E-04 1.25958990701602108E-03
3.44516912E+00 1.18184384880614807E-01 1.07629407489317477E-03 5.88238506330076780E-02 4.31757322288719373E-04 1.32862657116100224E-03
3.51964704E+00 1.17933780448697609E-01 1.10562568359092459E-03 6.40584967393084403E-02 4.36226201885651433E-04 1.40411260547151353E-03
3.59473188E+00 1.17667511764638424E-01 1.13639078832723458E-03 6.91708516717512295E-02 4.40775874869613028E-04 1.48658150507915586E-03
3.67039016E+00 1.17384501922351517E-01 1.16867959611090906E-03 7.41387107754934022E-02 4.45423974364816174E-04 1.57654084620556588E-03
3.74668175E+00 1.17083346676826600E-01 1.20261429301732575E-03 7.89489581314969796E-02 4.50184536877294478E-04 1.67455761309758628E-03
3.82366765E+00 1.16762655170146806E-01 1.23830672138948894E-03 8.35906754570766158E-02 4.55057772514955844E-04 1.78113986323399356E-03
3.90140999E+00 1.16421095711625844E-01 1.27585075148556608E-03 8.80549328258043162E-02 4.60032611868421953E-04 1.89669224369694994E-03
3.97973638E+00 1.16058580895009145E-01 1.31519448081257465E-03 9.23213792638938463E-02 4.65076964436934750E-04 2.02107399655722516E-03
4.05771211E+00 1.15679283461760346E-01 1.35583417513490548E-03 9.63337486291629547E-02 4.70109082040175835E-04 2.15251891919734581E-03
4.13428059E+00 1.15289193601055620E-01 1.39709568973963899E-03 1.00043798733946365E-01 4.75044760309194984E-04 2.28843867384463315E-03
4.20975760E+00 1.14887911426113334E-01 1.43897266389701067E-03 1.03482091568124296E-01 4.79898944151307353E-04 2.42827560249163918E-03
4.28430417E+00 1.14475714409824805E-01 1.48136863658357779E-03 1.06665997654868491E-01 4.84692330785475617E-04 2.57113369932280168E-03
4.35767424E+00 1.14055203294354257E-01 1.52394973913966693E-03 1.09592867353456427E-01 4.89436801406377344E-04 2.71530760904304704E-03
4.43011300E+00 1.13626149411959629E-01 1.56666667633700786E-03 1.12281848583295846E-01 4.94179306114191585E-04 2.86011512729849281E-03
4.50185246E+00 1.13188089907973508E-01 1.60948496059402663E-03 1.14746987777092593E-01 4.98942801136481313E-04 3.00505992607293885E-03
4.57175323E+00 1.12749102702843593E-01 1.65157866442947315E-03 1.16953071925708044E-01 5.03630737717814816E-04 3.14715751297855529E-03
4.63991815E+00 1.12309660206588488E-01 1.69289221172810736E-03 1.18917217028693317E-01 5.08221609825896051E-04 3.28624409018056203E-03
4.70669929E+00 1.11868202351820753E-01 1.73356342549209059E-03 1.20660010423552608E-01 5.12719823084092658E-04 3.42299790507519762E-03
4.77240820E+00 1.11422988298565645E-01 1.77374667360887515E-03 1.22196032136753230E-01 5.17137976616065991E-04 3.55832951954919386E-03
4.83732529E+00 1.10972106270292581E-01 1.81361206159066381E-03 1.23536450590271935E-01 5.21493823194072196E-04 3.69337079048394357E-03
4.90170679E+00 1.10513477969726742E-01 1.85334195018621519E-03 1.24690293180639941E-01 5.25807005373552612E-04 3.82944612449533529E-03
4.96579001E+00 1.10044866850393844E-01 1.89312525992953000E-03 1.25665451747828699E-01 5.30097834084858137E-04 3.96802153383075604E-03
5.02979715E+00 1.09563892390741158E-01 1.93314935412751908E-03 1.26469925371249292E-01 5.34388195185671235E-04 4.11063083638364083E-03
5.09393813E+00 1.09068051131885696E-01 1.97358903834628317E-03 1.27112148712061168E-01 5.38702789417824356E-04 4.25878111445006455E-03
5.15815070E+00 1.08556883725022771E-01 2.01442641098224014E-03 1.27600756862377651E-01 5.43050868491529886E-04 4.41319704375164098E-03
5.22141997E+00 1.08038074753764465E-01 2.05499323563881030E-03 1.27944911344739926E-01 5.47374776251793632E-04 4.57179722253521232E-03
5.28409463E+00 1.07508698450616905E-01 2.09542958027249563E-03 1.28171319522508959E-01 5.51699686896374528E-04 4.73512006970341296E-03
5.34647375E+00 1.06966109848040322E-01 2.13578813273683325E-03 1.28305419922076558E-01 5.56036432894892554E-04 4.90286229356023343E-03
5.40829640E+00 1.06412745786518284E-01 2.17570623033587268E-03 1.28369660001867725E-01 5.60349110885470861E-04 5.07214719701304557E-03
5.46941246E+00 1.05850585960575810E-01 2.21485281794971513E-03 1.28404182457896227E-01 5.64608280558563875E-04 5.23911982333497700E-03
5.52898709E+00 1.05288610562763660E-01 2.25245553967039257E-03 1.28416225948251805E-01 5.68743958399388848E-04 5.39714605061645831E-03
5.58766229E+00 1.04722333508531842E-01 2.28869400095885103E-03 1.28429390625153406E-01 5.72801556020351458E-04 5.54334133845153613E-03
5.64599393E+00 1.04147739155203020E-01 2.32368495848104661E-03 1.28466916802677578E-01 5.76835771061762767E-04 5.67477621455822912E-03
5.70448186E+00 1.03561096918254561E-01 2.35749553796038786E-03 1.28545401648773594E-01 5.80910477173525214E-04 5.78917526164986380E-03
5.76358838E+00 1.02958823616362785E-01 2.39014063581380722E-03 1.28648176846829498E-01 5.85085586468206626E-04 5.88555574847926706E-03
5.82308038E+00 1.02344350370444578E-01 2.42123193114485808E-03 1.28816702970317831E-01 5.89342708014736760E-04 5.96374677647565701E-03
5.88246656E+00 1.01723978735583448E-01 2.45028569382303978E-03 1.29050870017518221E-01 5.93597032595519344E-04 6.02526789816210974E-03
5.94179311E+00 1.01098581015985192E-01 2.47713093006366597E-03 1.29366741763136672E-01 5.97776586590131236E-04 6.07273314463631104E-03
6.00110142E+00 1.00469123287971598E-01 2.50161546881957127E-03 1.29784211613942574E-01 6.01822935979841171E-04 6.10755902478698955E-03
6.06042925E+00 9.98366285103841899E-02 2.52362428818023567E-03 1.30328669261077557E-01 6.05713716802150750E-04 6.12953189315461593E-03
6.11981298E+00 9.92020510005599543E-02 2.54309675785532614E-03 1.31029206724769559E-01 6.09460428820412050E-04 6.13754438668831850E-03
6.17929080E+00 9.85660984398273737E-02 2.56003860344944205E-03 1.31916762131744747E-01 6.13084759670537373E-04 6.13111372463837068E-03
6.23785946E+00 9.79402309454655978E-02 2.57429315579448589E-03 1.33005987227057143E-01 6.16522545222219142E-04 6.11223337872388549E-03
6.29567823E+00 9.73230568729448603E-02 2.58614462862361786E-03 1.34311121931912414E-01 6.19732217105719045E-04 6.08519218893739926E-03
6.35297306E+00 9.67121052112636936E-02 2.59591473185991246E-03 1.35845197837476034E-01 6.22635849266727870E-04 6.05516433465845636E-03
6.40996995E+00 9.61046660321910329E-02 2.60394209758878789E-03 1.37618440199352626E-01 6.25161043622765936E-04 6.02672019323692403E-03
6.46690137E+00 9.54978117507089275E-02 2.61058358152260750E-03 1.39636694491989038E-01 6.27284653438939873E-04 6.00267757081711806E-03
6.52401192E+00 9.48883617914594163E-02 2.61621277475587374E-03 1.41902386323458668E-01 6.29050390006736788E-04 5.98370480525863176E-03
6.58156369E+00 9.42728040361593550E-02 2.62121577703747655E-03 1.44416012266741139E-01 6.30566000991475287E-04 5.96864878976307526E-03
6.63984134E+00 9.36471980280265265E-02 2.62598378925041429E-03 1.47177738182283774E-01 6.31988550504087080E-04 5.95529738645719526E-03
6.69915658E+00 9.30070881929310755E-02 2.63090108349537961E-03 1.50188843201577382E-01 6.33485697036583438E-04 5.94121672651354380E-03
6.75841379E+00 9.23631821832045091E-02 2.63619717155964437E-03 1.53380317756788564E-01 6.35133607986694809E-04 5.92482058232033509E-03
6.81748815E+00 9.17159423024476034E-02 2.64208831392201806E-03 1.56715471514868532E-01 6.36965742895679080E-04 5.90531643532125894E-03
6.87710823E+00 9.10566881989382376E-02 2.64877412130874214E-03 1.60205623728186225E-01 6.39013322619291758E-04 5.88289671644077680E-03
6.93571923E+00 9.04024775600045655E-02 2.65606656925532376E-03 1.63742893896215075E-01 6.41171263510407347E-04 5.86001490254973220E-03
6.99199317E+00 8.97690083573808029E-02 2.66361753954281024E-03 1.67219008200206437E-01 6.43273036073175241E-04 5.83960960817950670E-03
7.04678714E+00 8.91481352018073103E-02 2.67127655525490910E-03 1.70653268925459012E-01 6.45242815183834470E-04 5.82280319692283013E-03
7.10082247E+00 8.85333772069966385E-02 2.67885350649897224E-03 1.74071750531112013E-01 6.47038996682389785E-04 5.80919897661206965E-03
7.15474383E+00 8.79192291065480774E-02 2.68612794800913122E-03 1.77502361667920050E-01 6.48650880748314522E-04 5.79697847679725483E-03
7.20916247E+00 8.73006594732928104E-02 2.69285225403744118E-03 1.80973380808462841E-01 6.50104363197613459E-04 5.78344800151145595E-03
7.26466998E+00 8.66729438343506464E-02 2.69874632512975051E-03 1.84513108016539557E-01 6.51476053828682839E-04 5.76589555959856111E-03
7.31934566E+00 8.60593976501428798E-02 2.70331045353080926E-03 1.87996513909988588E-01 6.52805446211913456E-04 5.74380058111836986E-03
7.37354280E+00 8.54569814700213565E-02 2.70637863399128455E-03 1.91436145932861512E-01 6.54114544743808891E-04 5.71807248675488926E-03
7.42759235E+00 8.48625536447761841E-02 2.70781076546566845E-03 1.94846308400002138E-01 6.55342276225729953E-04 5.69075778547193604E-03
7.48181368E+00 8.42729442043140958E-02 2.70750067602692872E-03 1.98242266125497862E-01 6.56425397114178866E-04 5.66370306835942573E-03
7.53652342E+00 8.36849417184866995E-02 2.70538403178332068E-03 2.01638543998449771E-01 6.57305477762557119E-04 5.63758599718785190E-03
7.59191960E+00 8.30965065675236397E-02 2.70145642720431714E-03 2.05041749956406172E-01 6.57937049271115873E-04 5.61166873746019035E-03
7.64814566E+00 8.25059940701442091E-02 2.69579482283333321E-03 2.08454391265111671E-01 6.58322035031603625E-04 5.58405338691620855E-03
7.70571920E+00 8.19076492780995979E-02 2.68851336968663765E-03 2.11899766571444409E-01 6.58516719429577484E-04 5.55217947653194668E-03
7.76515437E+00 8.12955743261156022E-02 2.67978612820097975E-03 2.15398720409338107E-01 6.58601792867791907E-04 5.51389129344169015E-03
7.82696820E+00 8.06635324624420530E-02 2.66985721321349317E-03 2.18969026232138292E-01 6.58615403652909040E-04 5.46845561928839020E-03
7.89134526E+00 8.00082608924924388E-02 2.65909910383906609E-03 2.22605824516524831E-01 6.58508580081157511E-04 5.41770586508817740E-03
7.95597406E+00 7.93514805163752779E-02 2.64834022002480123E-03 2.26167330769427688E-01 6.58185156616931054E-04 5.36770221133101629E-03
8.01805311E+00 7.87200895659671551E-02 2.63839204828486638E-03 2.29495738191722698E-01 6.57609110396132636E-04 5.32467226543769517E-03
8.07842130E+00 7.81047613008368641E-02 2.62930551493693182E-03 2.32634315871566050E-01 6.56825689871441969E-04 5.28972768424650248E-03
8.13773705E+00 7.74985359754391534E-02 2.62104922987995001E-03 2.35614369579093652E-01 6.55971494655691501E-04 5.26190468895183002E-03
8.19654644E+00 7.68958568938294812E-02 2.61352318871199609E-03 2.38459631797871496E-01 6.55250105926324586E-04 5.23878538562635217E-03
8.25532481E+00 7.62919050528017423E-02 2.60656289028621301E-03 2.41186732376260649E-01 6.54707509482139994E-04 5.21742169853897479E-03
8.31450465E+00 7.56822625576590718E-02 2.59996147927319624E-03 2.43806848435548701E-01 6.54304740282200424E-04 5.19513426038423470E-03
8.37449553E+00 7.50627179972543357E-02 2.59349137006695219E-03 2.46326770677211510E-01 6.54030114809305398E-04 5.17001476832946831E-03
8.43569929E+00 7.44290937378147971E-02 2.58691032809715751E-03 2.48749338450497376E-01 6.53843018716204131E-04 5.14121738836023200E-03
8.49852228E+00 7.37771690220480753E-02 2.57996645278612234E-03 2.51073651544364951E-01 6.53669382579866393E-04 5.10899272389737751E-03
8.56002246E+00 7.31380495516672918E-02 2.57281302230633275E-03 2.53184710099784049E-01 6.53437383843325924E-04 5.07621968674817816E-03
8.62042776E+00 7.25100404892559530E-02 2.56531476850567096E-03 2.55094685578789115E-01 6.53057882003686306E-04 5.04414503064543832E-03
8.68034404E+00 7.18875161151454889E-02 2.55732534424846789E-03 2.56826240981997134E-01 6.52446989666179405E-04 5.01307444570503469E-03
8.74029124E+00 7.12659039606532568E-02 2.54872903584111264E-03 2.58394693849280210E-01 6.51571977523938408E-04 4.98244237384267482E-03
8.80074396E+00 7.06413311329402716E-02 2.53942718986566651E-03 2.59809736976614192E-01 6.50496326216494112E-04 4.95085090017430719E-03
8.86216074E+00 7.00103061239286811E-02 2.52932063431660645E-03 2.61076591793761248E-01 6.49419551695558091E-04 4.91637339531447292E-03
8.92500775E+00 6.93693831713937531E-02 2.51828229659460364E-03 2.62196574423051887E-01 6.48288586518364377E-04 4.87714518081819228E-03
8.98770692E+00 6.87359971925017993E-02 2.50657373540453610E-03 2.63139256044739533E-01 6.47045957107125172E-04 4.83331635036420102E-03
9.05017434E+00 6.81120978827169515E-02 2.49425400443500488E-03 2.63909799395578126E-01 6.45729719486827047E-04 4.78507524246300862E-03
9.11288131E+00 6.74940543519248065E-02 2.48128566251333386E-03 2.64520465285161765E-01 6.44401122914041100E-04 4.73276076781786043E-03
9.17630537E+00 6.68783069296734201E-02 2.46761468330020843E-03 2.64980052445093539E-01 6.43138257845317059E-04 4.67690858825120341E-03
9.24095304E+00 6.62611709949488675E-02 2.45315519326919041E-03 2.65294287277622776E-01 6.42007427811159431E-04 4.61801381383343795E-03
9.30738354E+00 6.56386684660620751E-02 2.43777726365867684E-03 2.65465730299144553E-01 6.41008964072173424E-04 4.55638434633251748E-03
9.37623647E+00 6.50063635293350456E-02 2.42129845268083130E-03 2.65491136226641111E-01 6.40104819506136843E-04 4.49206223471839122E-03
9.44826682E+00 6.43591502220249995E-02 2.40347520875926982E-03 2.65377343106975860E-01 6.39189213101958790E-04 4.42479434146838841E-03
9.52439214E+00 6.36909958230163914E-02 2.38399775222297760E-03 2.65090305848281360E-01 6.38081804013949038E-04 4.35383328207393418E-03
9.60113542E+00 6.30333647127038210E-02 2.36370369115484385E-03 2.64665060200710511E-01 6.36805799787948271E-04 4.28166414220659559E-03
9.67881892E+00 6.23833335254016241E-02 2.34255409104723675E-03 2.64093747439158977E-01 6.35531176609395671E-04 4.20654044663028998E-03
9.75789653E+00 6.17367010036925234E-02 2.32050869167836973E-03 2.63373600542322395E-01 6.34225649018773491E-04 4.12640183316807189E-03
9.83887976E+00 6.10886782297389783E-02 2.29756876555571241E-03 2.62492925127463972E-01 6.32857569570038393E-04 4.03940912233708045E-03
9.92232938E+00 6.04341264609930609E-02 2.27380790898452576E-03 2.61430911598596161E-01 6.31524078191613510E-04 3.94458259659397157E-03
1.00081831E+01 5.97727658769961825E-02 2.24955692298123159E-03 2.60168114974535791E-01 6.30270866229558076E-04 3.84348528789983223E-03
1.00955926E+01 5.91101352617400336E-02 2.22540513140996208E-03 2.58696672695566898E-01 6.28913148198701074E-04 3.74117006968266788E-03
1.01835589E+01 5.84527500472829600E-02 2.20193110648634650E-03 2.57017718576471321E-01 6.27316412736386784E-04 3.64439378727800549E-03
1.02720904E+01 5.77998176203225397E-02 2.17931511961253236E-03 2.55118900943066718E-01 6.25383389781197958E-04 3.55779678300950294E-03
1.03614995E+01 5.71489526562958192E-02 2.15752430195113995E-03 2.52984270791455412E-01 6.23039015304522226E-04 3.48283279427362338E-03
1.04526062E+01 5.64948637166316006E-02 2.13629799650971817E-03 2.50585660535335486E-01 6.20474814507810139E-04 3.41810091447178636E-03
1.05428601E+01 5.58566002797473773E-02 2.11602986103611454E-03 2.47995292572448067E-01 6.17860866422963021E-04 3.36462248838732738E-03
1.06316625E+01 5.52387794520189102E-02 2.09656587484605833E-03 2.45247410266959343E-01 6.14942457050010626E-04 3.32203086241417015E-03
1.07201102E+01 5.46345587547619610E-02 2.07740298226499927E-03 2.42324945860195262E-01 6.11744603638076810E-04 3.28545528011398285E-03
1.08088739E+01 5.40407369947981733E-02 2.05817113569648370E-03 2.39217662213088988E-01 6.08753838347837295E-04 3.24539273455229718E-03
1.08917077E+01 5.34991586362021515E-02 2.04004305742002019E-03 2.36170808032580337E-01 6.06512510671744281E-04 3.19724055890881036E-03
1.09695214E+01 5.30020674078742274E-02 2.02269527329647066E-03 2.33181389698564445E-01 6.04763768895325037E-04 3.14126337963110047E-03
1.10445906E+01 5.25334360680660417E-02 2.00555600032678366E-03 2.30182530012755654E-01 6.03317150753334970E-04 3.08080889825978858E-03
1.11186912E+01 5.20812323175410957E-02 1.98819803623122337E-03 2.27114344764096782E-01 6.02355424770121043E-04 3.01983094722700672E-03
1.11934032E+01 5.16348005753716963E-02 1.97022340616368830E-03 2.23915758287591221E-01 6.01399214281888423E-04 2.96136339995483472E-03
1.12703301E+01 5.11841011489607006E-02 1.95129637659212916E-03 2.20523218984423786E-01 6.00165073204419900E-04 2.90619920708811959E-03
1.13477397E+01 5.07386836596074517E-02 1.93199528723240750E-03 2.17022756411413636E-01 5.98524304413253303E-04 2.85455682212909989E-03
1.14257524E+01 5.02969796342734379E-02 1.91252804737632046E-03 2.13432973247692059E-01 5.96548560541674839E-04 2.80342615782734703E-03
1.15054552E+01 4.98520722449166537E-02 1.89289360240983565E-03 2.09738907400440822E-01 5.94477679266882156E-04 2.75031215954176173E-03
1.15880528E+01 4.93965073900776083E-02 1.87306683018294631E-03 2.05934156334174251E-01 5.92218622320421799E-04 2.69595835169147979E-03
1.16746338E+01 4.89235942985531413E-02 1.85308633029839616E-03 2.02042068076141335E-01 5.89739868919766800E-04 2.64363163232876099E-03
1.17574497E+01 4.84741099008506801E-02 1.83488527830626331E-03 1.98486864905238175E-01 5.87320228707856372E-04 2.60096938095949817E-03
1.18385631E+01 4.80356098822978111E-02 1.81802296990312665E-03 1.95247423073967391E-01 5.84777747213465014E-04 2.56656435887530352E-03
1.19196100E+01 4.75987393246216500E-02 1.80220403275528629E-03 1.92315825828855758E-01 5.82221156414875038E-04 2.53729573468689613E-03
1.20020501E+01 4.71554400939017335E-02 1.78720987630652788E-03 1.89711017731371445E-01 5.79812244462808691E-04 2.50994498145411726E-03
1.20873263E+01 4.66978386654979538E-02 1.77286214159496822E-03 1.87472967397760981E-01 5.77573279321413392E-04 2.48342011900128503E-03
1.21769851E+01 4.62175078849281773E-02 1.75900722232845874E-03 1.85664003923013493E-01 5.75298198977456060E-04 2.46009264734417098E-03
1.22671595E+01 4.57348783593511873E-02 1.74625543984258873E-03 1.84454639815731264E-01 5.72796734771093669E-04 2.44513917916308133E-03
1.23568109E+01 4.52555499606433972E-02 1.73466366383172202E-03 1.83868877694429667E-01 5.70008978785339882E-04 2.43976362493177621E-03
1.24483768E+01 4.47671580117279602E-02 1.72385488547624629E-03 1.83865411760258335E-01 5.67042404410629790E-04 2.44077016269748362E-03
1.25444632E+01 4.42571463601972928E-02 1.71349825441795538E-03 1.84460554043559627E-01 5.64366402901741331E-04 2.44237330789744047E-03
1.26442343E+01 4.37316177867101280E-02 1.70350488818731905E-03 1.85685528597087368E-01 5.62422639735203752E-04 2.43901822286345408E-03
1.27375660E+01 4.32445383229623642E-02 1.69432108348993387E-03 1.87398823318082969E-01 5.60894322115895088E-04 2.42958075583259245E-03
1.28273008E+01 4.27817125647969240E-02 1.68518911266514601E-03 1.89437354100409683E-01 5.59543987499239951E-04 2.41447596315822041E-03
1.29153780E+01 4.23339972895693875E-02 1.67564019334060237E-03 1.91735980892344116E-01 5.58310709471585335E-04 2.39371176368170053E-03
1.30032635E+01 4.18947346278902982E-02 1.66537722801413319E-03 1.94276526459441934E-01 5.57099585561458290E-04 2.36708989512966414E-03
1.30921754E+01 4.14585540899260960E-02 1.65421140964503474E-03 1.97052015351364657E-01 5.55965766808816050E-04 2.33452189667390309E-03
1.31832172E+01 4.10206940042974685E-02 1.64200059169384844E-03 2.00063686043804201E-01 5.54857905957724818E-04 2.29645541948169307E-03
1.32774664E+01 4.05766337413294917E-02 1.62861172966604511E-03 2.03319753847971518E-01 5.53541464440950059E-04 2.25383097482497212E-03
1.33760384E+01 4.01219250097399338E-02 1.61391840349652481E-03 2.06834564941840465E-01 5.51928697583330217E-04 2.20759830575805284E-03
1.34801408E+01 3.96520634284492288E-02 1.59777616858652535E-03 2.10628753796964663E-01 5.50063839811209339E-04 2.15851810464745162E-03
1.35842816E+01 3.91921079984269283E-02 1.58107433356007672E-03 2.14493075385158410E-01 5.48116948148936935E-04 2.11033633414851136E-03
1.36877213E+01 3.87448789319030443E-02 1.56398813069982194E-03 2.18361079149086951E-01 5.46035314772964366E-04 2.06441788855922601E-03
1.37907695E+01 3.83088132789340952E-02 1.54649537914744038E-03 2.22217484313043195E-01 5.43638955594341437E-04 2.02140879983324362E-03
1.38937337E+01 3.78826580945369473E-02 1.52854242079945510E-03 2.26058579829968492E-01 5.40823864778657926E-04 1.98142263763930121E-03
1.39969181E+01 3.74653617796643079E-02 1.51005488089564553E-03 2.29885059670925290E-01 5.37632213884908718E-04 1.94382575885310204E-03
1.41006222E+01 3.70559737007841380E-02 1.49094950070149555E-03 2.33700512462693244E-01 5.34202256095527061E-04 1.90731654104637637E-03
1.42038823E+01 3.66583393774881083E-02 1.47138580274419443E-03 2.37466408522565148E-01 5.30711404471117740E-04 1.87072775466386849E-03
1.43061153E+01 3.62743944995908632E-02 1.45149051922472609E-03 2.41159742946259859E-01 5.27275515653327013E-04 1.83299244029837554E-03
1.44076165E+01 3.59025776957770729E-02 1.43125305765816942E-03 2.44789543100385004E-01 5.23924431736602896E-04 1.79333106643513409E-03
1.45086605E+01 3.55414167988314447E-02 1.41068347817735495E-03 2.48364680390139536E-01 5.20665109510573044E-04 1.75159301544920601E-03
1.46094983E+01 3.51895463384692617E-02 1.38980794192989049E-03 2.51893135019390813E-01 5.17473525667305973E-04 1.70808999302675575E-03
1.47103543E+01 3.48457311306132264E-02 1.36866778076794125E-03 2.55381451041417407E-01 5.14279199479950543E-04 1.66334170240618382E-03
1.48114238E+01 3.45088812508595466E-02 1.34732023837844800E-03 2.58834456384245626E-01 5.11024410858280562E-04 1.61786389619557628E-03
1.49057119E+01 3.42011330361493837E-02 1.32734152588756061E-03 2.62021178011506706E-01 5.07937457851975055E-04 1.57529873687963710E-03
1.50000000E+01 3.38993144453949846E-02 1.30739731915812578E-03 2.65161275237193905E-01 5.04836903671561127E-04 1.53300819110645443E-03
