#  time, MeanKE MeanKEDR MeanP
0 1.24699045417061311E-01 4.67622748076602565E-04 -1.14385921606686266E-17
2.94524311E-02 1.24673710989911132E-01 6.95151328657423405E-04 9.42904356764571821E-04
5.89831538E-02 1.24652583663732663E-01 6.95198532403126313E-04 9.65338940771096922E-04
8.85230437E-02 1.24632806751226330E-01 6.95399428279713859E-04 8.58062769363972960E-04
1.18075415E-01 1.24613405274002068E-01 6.95746108916649154E-04 6.94221493944193022E-04
1.47644012E-01 1.24594048477096556E-01 6.96236750892913637E-04 4.66556690053929006E-04
1.77232689E-01 1.24574621177215725E-01 6.96871787403132554E-04 1.75123117410450784E-04
2.06845292E-01 1.24555080150642580E-01 6.97652604471043635E-04 -1.79897583976276396E-04
2.36480865E-01 1.24535409364673041E-01 6.98580955849748171E-04 -5.97666530752319325E-04
2.66127502E-01 1.24515608157066637E-01 6.99658472365965924E-04 -1.07732557615295246E-03
2.95789147E-01 1.24495668134821630E-01 7.00887336227863991E-04 -1.61795902541197914E-03
3.25469673E-01 1.24475581835077342E-01 7.02270046578486792E-04 -2.21859019295490368E-03
3.55172877E-01 1.24455342117401196E-01 7.03809346160198823E-04 -2.87815570670421411E-03
3.84902458E-01 1.24434941958339720E-01 7.05508207625298880E-04 -3.59549765498201309E-03
4.14662009E-01 1.24414374381703857E-01 7.07369821297767218E-04 -4.36935865940746467E-03
4.44455003E-01 1.24393632434973492E-01 7.09397583404225169E-04 -5.19837640108121966E-03
4.74284782E-01 1.24372709181796631E-01 7.11595084389504478E-04 -6.08107775142415798E-03
5.04154544E-01 1.24351597700417024E-01 7.13966097150661662E-04 -7.01587260587301607E-03
5.34067335E-01 1.24330291084523689E-01 7.16514565111640118E-04 -8.00104749897548491E-03
5.64026039E-01 1.24308782445246790E-01 7.19244590106872831E-04 -9.03475907575027395E-03
5.94033369E-01 1.24287064913812528E-01 7.22160420071982093E-04 -1.01150275039940864E-02
6.24091859E-01 1.24265131644649918E-01 7.25266436540149208E-04 -1.12397299155551633E-02
6.54203858E-01 1.24242975818899731E-01 7.28567141873435803E-04 -1.24065939777630672E-02
6.84371524E-01 1.24220590648308218E-01 7.32067146060330046E-04 -1.36131917005617321E-02
7.14587041E-01 1.24197976663463966E-01 7.35770104091232010E-04 -1.48565341936103754E-02
7.44849243E-01 1.24175129515456645E-01 7.39680112537126149E-04 -1.61337041448569932E-02
7.75160470E-01 1.24152042182958694E-01 7.43801799141031441E-04 -1.74417728926324900E-02
8.05522861E-01 1.24128707691894158E-01 7.48139920882752961E-04 -1.87776508435677399E-02
8.35938349E-01 1.24105119111753343E-01 7.52699285810845163E-04 -2.01380803588279110E-02
8.66408661E-01 1.24081269557427099E-01 7.57484739684064975E-04 -2.15196330047039419E-02
8.96935309E-01 1.24057152192801654E-01 7.62501152691284051E-04 -2.29187078921622642E-02
9.27519595E-01 1.24032760234721526E-01 7.67753406322117696E-04 -2.43315312214045024E-02
9.58162604E-01 1.24008086956821570E-01 7.73246380466307659E-04 -2.57541571820984888E-02
9.88865209E-01 1.23983125693031937E-01 7.78984940812952210E-04 -2.71824703574562662E-02
1.01962807E+00 1.23957869840648549E-01 7.84973926604947401E-04 -2.86121897816899312E-02
1.05045162E+00 1.23932312862887223E-01 7.91218138799402743E-04 -3.00388747816918711E-02
1.08133612E+00 1.23906448290820967E-01 7.97722328712861784E-04 -3.14579327185531277E-02
1.11228158E+00 1.23880269724572653E-01 8.04491187287135839E-04 -3.28646287027772252E-02
1.14328783E+00 1.23853770833594959E-01 8.11529335161796823E-04 -3.42540973552944161E-02
1.17435451E+00 1.23826945355893100E-01 8.18841313757502133E-04 -3.56213567173739795E-02
1.20548104E+00 1.23799787096029998E-01 8.26431577567206060E-04 -3.69613244294323406E-02
1.23666667E+00 1.23772289921784712E-01 8.34304487839488546E-04 -3.82688362026097489E-02
1.26791048E+00 1.23744447759327220E-01 8.42464307828569184E-04 -3.95386664790632891E-02
1.29921136E+00 1.23716254586789975E-01 8.50915199778859302E-04 -4.07655511467078166E-02
1.33056804E+00 1.23687704426105480E-01 8.59661223806777318E-04 -4.19442122081783511E-02
1.36197911E+00 1.23658791332997023E-01 8.68706338839171795E-04 -4.30693842874344257E-02
1.39344301E+00 1.23629509385003639E-01 8.78054405766304745E-04 -4.41358427968772463E-02
1.42495803E+00 1.23599852667431426E-01 8.87709192966103146E-04 -4.51384335207259332E-02
1.45652238E+00 1.23569815257139934E-01 8.97674384351670497E-04 -4.60721033205961361E-02
1.48813414E+00 1.23539391204088689E-01 9.07953590081645736E-04 -4.69319316299456404E-02
1.51979131E+00 1.23508574510586722E-01 9.18550360051315767E-04 -4.77131623680970771E-02
1.55149180E+00 1.23477359108231086E-01 9.29468200252136622E-04 -4.84112358744145932E-02
1.58323348E+00 1.23445738832528920E-01 9.40710592051614857E-04 -4.90218204416082021E-02
1.61501416E+00 1.23413707395235578E-01 9.52281014409959363E-04 -4.95408556345931020E-02
1.64683166E+00 1.23381258354512455E-01 9.64182968998476787E-04 -4.99645170522324336E-02
1.67868376E+00 1.23348385082680229E-01 9.76420008187505557E-04 -5.02893808562476438E-02
1.71056826E+00 1.23315080732277427E-01 9.88995765794671491E-04 -5.05122977256898323E-02
1.74248302E+00 1.23281338199766430E-01 1.00191399048748229E-03 -5.06305077245421190E-02
1.77442591E+00 1.23247150087458235E-01 1.01517858171454051E-03 -5.06416232780398934E-02
1.80639490E+00 1.23212508663561940E-01 1.02879362800914931E-03 -5.05437129790364467E-02
1.83838805E+00 1.23177405820493857E-01 1.04276344751214902E-03 -5.03351325906619060E-02
1.87040352E+00 1.23141833031422121E-01 1.05709263053565075E-03 -5.00148179851897731E-02
1.90243961E+00 1.23105781305256429E-01 1.07178608400885231E-03 -4.95820340804142695E-02
1.93449477E+00 1.23069241139962676E-01 1.08684907764061895E-03 -4.90365140230023325E-02
1.96656761E+00 1.23032202474314317E-01 1.10228729165107566E-03 -4.83784183238479548E-02
1.99865694E+00 1.22994654638030720E-01 1.11810686594721303E-03 -4.76083341808253638E-02
2.03076177E+00 1.22956586300275061E-01 1.13431445064417495E-03 -4.67272665890675828E-02
2.06288131E+00 1.22917985416441458E-01 1.15091725786728200E-03 -4.57366260274083419E-02
2.09501505E+00 1.22878839173134552E-01 1.16792311480685084E-03 -4.46382130150531423E-02
2.12716269E+00 1.22839133931218147E-01 1.18534051803741592E-03 -4.34341998481197616E-02
2.15932422E+00 1.22798855166781309E-01 1.20317868915455163E-03 -4.21271098710881003E-02
2.19149989E+00 1.22757987409841035E-01 1.22144763182548978E-03 -4.07197946666082444E-02
2.22369025E+00 1.22716514180577274E-01 1.24015819039384532E-03 -3.92154095703043937E-02
2.25589615E+00 1.22674417922873050E-01 1.25932211022368110E-03 -3.76173879262603969E-02
2.28811872E+00 1.22631679934894405E-01 1.27895210001192005E-03 -3.59294144995866774E-02
2.32035943E+00 1.22588280296437910E-01 1.29906189633817492E-03 -3.41553984535305569E-02
2.35262004E+00 1.22544197792729417E-01 1.31966633075258823E-03 -3.22994462824921433E-02
2.38490264E+00 1.22499409834346623E-01 1.34078139972086609E-03 -3.03658350634268270E-02
2.41720963E+00 1.22453892372902606E-01 1.36242433774866963E-03 -2.83589863614472637E-02
2.44954372E+00 1.22407619812116217E-01 1.38461369400030843E-03 -2.62834410830965273E-02
2.48190794E+00 1.22360564913853082E-01 1.40736941272627926E-03 -2.41438355341287991E-02
2.51430563E+00 1.22312698698709810E-01 1.43071291785416463E-03 -2.19448788916323176E-02
2.54673618E+00 1.22263996770807543E-01 1.45466461202599568E-03 -1.96916225766113721E-02
2.57919118E+00 1.22214445699366792E-01 1.47924066158739462E-03 -1.73897454581312567E-02
2.61167405E+00 1.22164013225474849E-01 1.50446438824097784E-03 -1.50441887875056180E-02
2.64418852E+00 1.22112664975010138E-01 1.53036239994754444E-03 -1.26598681980212204E-02
2.67673862E+00 1.22060364338528307E-01 1.55696318911115184E-03 -1.02416605770646180E-02
2.70932867E+00 1.22007072337016867E-01 1.58429725781606963E-03 -7.79439748898915537E-03
2.74196329E+00 1.21952747478262069E-01 1.61239725481222601E-03 -5.32286401934381048E-03
2.77464734E+00 1.21897345605081101E-01 1.64129812453586818E-03 -2.83173571601720835E-03
2.80738595E+00 1.21840819736304840E-01 1.67103726624917722E-03 -3.25686534081860496E-04
2.84018450E+00 1.21783119899858322E-01 1.70165469916002928E-03 2.19074770488653656E-03
2.87304856E+00 1.21724192958994282E-01 1.73319322852961868E-03 4.71309361698176842E-03
2.90598393E+00 1.21663982430510853E-01 1.76569860897433191E-03 7.23696856372941198E-03
2.93899658E+00 1.21602428294477885E-01 1.79921970552251575E-03 9.75807992070354055E-03
2.97207620E+00 1.21539471964587448E-01 1.83379366544688641E-03 1.22739425983278572E-02
3.00522075E+00 1.21475080770934038E-01 1.86946437223073185E-03 1.47742218925504178E-02
3.03843647E+00 1.21409191956937793E-01 1.90628710190708000E-03 1.72575798687093149E-02
3.07172978E+00 1.21341734862049425E-01 1.94432235548880187E-03 1.97201617514023327E-02
3.10510723E+00 1.21272633136989272E-01 1.98363469876756135E-03 2.21582261562971693E-02
3.13857554E+00 1.21201805367387713E-01 2.02429322223638764E-03 2.45681421969161165E-02
3.17214152E+00 1.21129165151385262E-01 2.06637197431227323E-03 2.69463882391579243E-02
3.20581210E+00 1.21054621003376411E-01 2.10995032321247174E-03 2.92895500009762617E-02
3.23959426E+00 1.20978076207330643E-01 2.15511318742234561E-03 3.15943184182000819E-02
3.27349508E+00 1.20899428655718830E-01 2.20195109979986125E-03 3.38574876365610733E-02
3.30750750E+00 1.20818604890702896E-01 2.25054410276594868E-03 3.60750273818794751E-02
3.34162468E+00 1.20735528888450433E-01 2.30097100494618600E-03 3.82431188722748214E-02
3.37585407E+00 1.20650086083956568E-01 2.35333004485959547E-03 4.03590434344893376E-02
3.41020317E+00 1.20562155944066024E-01 2.40772865206347747E-03 4.24201874599458087E-02
3.44467953E+00 1.20471611851656599E-01 2.46427915494279622E-03 4.44240464753606623E-02
3.47929069E+00 1.20378320974421263E-01 2.52309893032180623E-03 4.63682279699418054E-02
3.51404418E+00 1.20282144171663385E-01 2.58431043786119764E-03 4.82504507172386507E-02
3.54894477E+00 1.20182943925478208E-01 2.64803695026098523E-03 5.00683986920633234E-02
3.58399275E+00 1.20080590662874423E-01 2.71439710491236516E-03 5.18196639668191822E-02
3.61919155E+00 1.19974941230033064E-01 2.78351269766454693E-03 5.35021737586388671E-02
3.65453737E+00 1.19865870704842309E-01 2.85549392245315050E-03 5.51136615359099566E-02
3.69003552E+00 1.19753222880968013E-01 2.93045646987664292E-03 5.66524867114791761E-02
3.72568868E+00 1.19636845598720537E-01 3.00850925768500130E-03 5.81170196155306532E-02
3.76149185E+00 1.19516609623239942E-01 3.08973658097893514E-03 5.95054792409179592E-02
3.79728441E+00 1.19392935051981522E-01 3.17392299800842463E-03 6.08105719915858350E-02
3.83290719E+00 1.19266303638707327E-01 3.26070777761034878E-03 6.20265207021294951E-02
3.86839171E+00 1.19136554471178352E-01 3.35002720203157137E-03 6.31563287917173699E-02
3.90376475E+00 1.19003534730937874E-01 3.44190482886869327E-03 6.42018127705547142E-02
3.93904865E+00 1.18867102124980098E-01 3.53634049570922260E-03 6.51646901764723618E-02
3.97426166E+00 1.18727126062511248E-01 3.63330975132888402E-03 6.60464831514489537E-02
4.00937539E+00 1.18583667434771667E-01 3.73267238316723517E-03 6.68475493717701486E-02
4.04424535E+00 1.18437303936175783E-01 3.83397864997907538E-03 6.75661310969950663E-02
4.07890288E+00 1.18287913084973897E-01 3.93704241013806411E-03 6.82055765548269105E-02
4.11337419E+00 1.18135384576248947E-01 4.04179025066085315E-03 6.87686467938033730E-02
4.14768103E+00 1.17979620784882680E-01 4.14813880654943835E-03 6.92578089269497155E-02
4.18184135E+00 1.17820535852631844E-01 4.25599890097090681E-03 6.96753805955396127E-02
4.21586999E+00 1.17658054014608313E-01 4.36527959479071376E-03 7.00235844770411286E-02
4.24977937E+00 1.17492107440810928E-01 4.47589202795863322E-03 7.03045973754445608E-02
4.28358024E+00 1.17322633757577816E-01 4.58775294316263703E-03 7.05205931196142000E-02
4.31728226E+00 1.17149573385453523E-01 4.70078784445965899E-03 7.06737728043736885E-02
4.35089478E+00 1.16972866819125804E-01 4.81493380328516709E-03 7.07597079355086617E-02
4.38442733E+00 1.16792451966364980E-01 4.93014190424442573E-03 7.08103900830727440E-02
4.41789025E+00 1.16608261623376105E-01 5.04637916868663425E-03 7.07785889449950162E-02
4.45129515E+00 1.16420221214397782E-01 5.16362947749233938E-03 7.07066904388287815E-02
4.48465524E+00 1.16228246763897605E-01 5.28189271106730383E-03 7.05836808699786267E-02
4.51770023E+00 1.16033966049912243E-01 5.40042558196745202E-03 7.04152215928326858E-02
4.55041415E+00 1.15837599746460268E-01 5.51887627038130137E-03 7.02068823726185176E-02
4.58272330E+00 1.15639742773079771E-01 5.63695307065356643E-03 6.99644159423486456E-02
4.61460063E+00 1.15440737102579780E-01 5.75440531996801972E-03 6.96938473492970806E-02
4.64610090E+00 1.15240410571769480E-01 5.87120967652207237E-03 6.94007725711426465E-02
4.67728179E+00 1.15038549052825650E-01 5.98738609376261652E-03 6.90907074877953470E-02
4.70820302E+00 1.14834904689895531E-01 6.10291285867790162E-03 6.87692978963314328E-02
4.73892541E+00 1.14629202762239021E-01 6.21771773204934756E-03 6.84424222423433981E-02
4.76951005E+00 1.14421147904273823E-01 6.33167362738754676E-03 6.81163011914875105E-02
4.80001756E+00 1.14210429665082797E-01 6.44460102669182962E-03 6.77976146026136317E-02
4.83039658E+00 1.13997523123062910E-01 6.55598938991918886E-03 6.74946968470032244E-02
4.86056055E+00 1.13783189547386684E-01 6.66514025575438637E-03 6.72165789828330362E-02
4.89055456E+00 1.13567252289541690E-01 6.77172154525480709E-03 6.69711247465893250E-02
4.92041806E+00 1.13349543631308725E-01 6.87559415929713154E-03 6.67665457429548193E-02
4.95018614E+00 1.13129899698854453E-01 6.97670782422521452E-03 6.66115052282222758E-02
4.97989054E+00 1.12908154728940099E-01 7.07511602776689490E-03 6.65150254083009818E-02
5.00956063E+00 1.12684138073967072E-01 7.17096730245386175E-03 6.64951358403126358E-02
5.03922418E+00 1.12457651682408094E-01 7.26447475584542958E-03 6.65188924935157244E-02
5.06890789E+00 1.12228532317681803E-01 7.35587354318617982E-03 6.66795774156539039E-02
5.09863779E+00 1.11996605198551771E-01 7.44537834814830695E-03 6.69009870151979075E-02
5.12843939E+00 1.11761689342347439E-01 7.53315136413017748E-03 6.72386362641433921E-02
5.15833764E+00 1.11523602046972384E-01 7.61928519901699814E-03 6.76887499839773227E-02
5.18835688E+00 1.11282165932034924E-01 7.70379680886311077E-03 6.82595614639392584E-02
5.21852065E+00 1.11037215761027458E-01 7.78662789264882634E-03 6.89616395911082786E-02
5.24885162E+00 1.10788602372031725E-01 7.86764730093332358E-03 6.97964762330777616E-02
5.27937153E+00 1.10536194994032472E-01 7.94664739462673866E-03 7.07711254222699315E-02
5.31010139E+00 1.10279883367654638E-01 8.02332732793686887E-03 7.18881249243186471E-02
5.34106172E+00 1.10019578660673661E-01 8.09726615076073776E-03 7.31489472735144391E-02
5.37227308E+00 1.09755210772272085E-01 8.16790276325483379E-03 7.45511670697222989E-02
5.40358840E+00 1.09488162457683516E-01 8.23430886912682874E-03 7.60853272590485824E-02
5.43494896E+00 1.09219097293908107E-01 8.29557511624443543E-03 7.77386228160562853E-02
5.46637183E+00 1.08948035410703761E-01 8.35102510498354419E-03 7.95001877127299306E-02
5.49773319E+00 1.08676210114942107E-01 8.40003164806619150E-03 8.13498096848323665E-02
5.52905672E+00 1.08403574343395481E-01 8.44233732923681257E-03 8.32730311993094691E-02
5.56036749E+00 1.08130044821079546E-01 8.47802766856616853E-03 8.52552460550434626E-02
5.59162381E+00 1.07856090243582420E-01 8.50739956030044028E-03 8.72778550162003064E-02
5.62278004E+00 1.07582181858670065E-01 8.53098782446215682E-03 8.93219991976815370E-02
5.65388610E+00 1.07307920196786255E-01 8.54957731475014006E-03 9.13756378379043249E-02
5.68499301E+00 1.07032860556283346E-01 8.56408106276165294E-03 9.34283609445967500E-02
5.71615317E+00 1.06756514330663327E-01 8.57543975844064776E-03 9.54713849453471264E-02
5.74738409E+00 1.06478672305502661E-01 8.58455969285211798E-03 9.74952812696248672E-02
5.77836273E+00 1.06202121208914924E-01 8.59224190789639915E-03 9.94713476209745789E-02
5.80912700E+00 1.05926453009920929E-01 8.59920996368246544E-03 1.01395840049093328E-01
5.83972989E+00 1.05651119544788286E-01 8.60614620715839315E-03 1.03268191917189514E-01
5.87022504E+00 1.05375559361095827E-01 8.61366021935021375E-03 1.05089673970097844E-01
5.90066698E+00 1.05099196706882211E-01 8.62227550214409930E-03 1.06862995372358882E-01
5.93111151E+00 1.04821439951171380E-01 8.63238324747200858E-03 1.08592066906810975E-01
5.96161613E+00 1.04541678849633335E-01 8.64422412952209514E-03 1.10281824184234045E-01
5.99224054E+00 1.04259280697533790E-01 8.65792942570505451E-03 1.11938086449160923E-01
6.02304728E+00 1.03973585906844565E-01 8.67359965267791924E-03 1.13567431843081837E-01
6.05410240E+00 1.03683904819386885E-01 8.69137765279814206E-03 1.15177077932079638E-01
6.08547610E+00 1.03389511972795320E-01 8.71147857129688646E-03 1.16774773427287232E-01
6.11724357E+00 1.03089635082248096E-01 8.73417753541904165E-03 1.18368703596192865E-01
6.14948568E+00 1.02783442367698249E-01 8.75976428508424936E-03 1.19967389486599865E-01
6.18216992E+00 1.02471173714780303E-01 8.78841398248874500E-03 1.21573947592836393E-01
6.21492947E+00 1.02156293148262189E-01 8.81992438665321968E-03 1.23175676019902577E-01
6.24769239E+00 1.01839522295571208E-01 8.85393525332700028E-03 1.24772787713452848E-01
6.28047346E+00 1.01520776186854109E-01 8.89015803264130849E-03 1.26367885446986877E-01
6.31329104E+00 1.01199943593696717E-01 8.92834515047948550E-03 1.27966726700395689E-01
6.34616445E+00 1.00876905147997284E-01 8.96829520629620347E-03 1.29567633902497426E-01
6.37911269E+00 1.00551541459903790E-01 9.00981769650946972E-03 1.31173128351523255E-01
6.41215321E+00 1.00223743535989548E-01 9.05262975550126178E-03 1.32782596240072465E-01
6.44530077E+00 9.98934252368588460E-02 9.09624355089731426E-03 1.34394597149488676E-01
6.47840891E+00 9.95621153882070703E-02 9.13979219322838543E-03 1.35999388529697257E-01
6.51135284E+00 9.92311571223336575E-02 9.18216975534757660E-03 1.37587313540629752E-01
6.54420796E+00 9.88998957006874679E-02 9.22246088109899761E-03 1.39157420365214918E-01
6.57705912E+00 9.85675654694395664E-02 9.26008406182739392E-03 1.40709097619301865E-01
6.61000153E+00 9.82332731242456653E-02 9.29481392129266094E-03 1.42241889681539391E-01
6.64314193E+00 9.78959798160903144E-02 9.32679747699273649E-03 1.43755456171131640E-01
6.67659981E+00 9.75544843181566229E-02 9.35644402019548613E-03 1.45249613407685024E-01
6.71023858E+00 9.72101820194368194E-02 9.38411610202725087E-03 1.46713166730790517E-01
6.74390061E+00 9.68647002411313629E-02 9.40988843015739748E-03 1.48134669808993036E-01
6.77763840E+00 9.65175277036270651E-02 9.43350286727313511E-03 1.49512165141154590E-01
6.81151832E+00 9.61680138570120829E-02 9.45435456937548761E-03 1.50844926531976342E-01
6.84560912E+00 9.58154833859844179E-02 9.47163671820602099E-03 1.52132773913116470E-01
6.87990003E+00 9.54600787191017264E-02 9.48472518084119212E-03 1.53373223547514509E-01
6.91424080E+00 9.51033875790745498E-02 9.49346142026789852E-03 1.54560134269946886E-01
6.94864323E+00 9.47453100079737598E-02 9.49810595115829076E-03 1.55694203721598923E-01
6.98312462E+00 9.43856692175255307E-02 9.49916723885599681E-03 1.56777289029833317E-01
7.01770735E+00 9.40242223342152156E-02 9.49714447008087430E-03 1.57812218950493161E-01
7.05241814E+00 9.36606829120359974E-02 9.49245599339606019E-03 1.58802682018951175E-01
7.08728728E+00 9.32947486053744834E-02 9.48543247458215853E-03 1.59753137486890240E-01
7.12186112E+00 9.29312396842858907E-02 9.47648183619297611E-03 1.60656751883878179E-01
7.15635511E+00 9.25679802321788120E-02 9.46555931492596217E-03 1.61524273879200569E-01
7.19071374E+00 9.22056288908975757E-02 9.45281962487245705E-03 1.62360284650844122E-01
7.22486889E+00 9.18449658373599181E-02 9.43844171367806684E-03 1.63169588065513377E-01
7.25889321E+00 9.14852716445214154E-02 9.42257854144053046E-03 1.63959729502038548E-01
7.29285060E+00 9.11259076621920017E-02 9.40539926621672059E-03 1.64737911891526562E-01
7.32679571E+00 9.07663301372412246E-02 9.38707115340584736E-03 1.65511099506536946E-01
7.36077369E+00 9.04060972821151138E-02 9.36780670463902357E-03 1.66285873000254242E-01
7.39482081E+00 9.00448692116655597E-02 9.34785468943747332E-03 1.67068426517597596E-01
7.42865330E+00 8.96857198369048342E-02 9.32762670325939895E-03 1.67857938756672653E-01
7.46228257E+00 8.93286103689001909E-02 9.30721782304994028E-03 1.68658577185934633E-01
7.49585798E+00 8.89720392273787158E-02 9.28656037222905933E-03 1.69477300789805746E-01
7.52917133E+00 8.86183021651288649E-02 9.26578498305564990E-03 1.70313170672454661E-01
7.56202787E+00 8.82695501611329147E-02 9.24494185811480795E-03 1.71163814824523891E-01
7.59463028E+00 8.79236951538182321E-02 9.22376119916662983E-03 1.72034987869895128E-01
7.62717576E+00 8.75786812002246062E-02 9.20203016156405547E-03 1.72933161697846699E-01
7.65986354E+00 8.72324102851956412E-02 9.17967757472147594E-03 1.73865305668325892E-01
7.69219397E+00 8.68901815906405472E-02 9.15739418076292298E-03 1.74819929147952885E-01
7.72419117E+00 8.65517396258322913E-02 9.13567530425671986E-03 1.75796238512667069E-01
7.75612882E+00 8.62141810138755682E-02 9.11488289368407242E-03 1.76800881510843749E-01
7.78828188E+00 8.58745815573184329E-02 9.09527100687425837E-03 1.77842280545261550E-01
7.82037768E+00 8.55357968541401864E-02 9.07731080234734644E-03 1.78913100432814776E-01
7.85195788E+00 8.52026344650408801E-02 9.06143235298544243E-03 1.79997574343633809E-01
7.88336828E+00 8.48714012894305619E-02 9.04755637088983447E-03 1.81102976030057844E-01
7.91495048E+00 8.45384383929137229E-02 9.03572510748804070E-03 1.82239248255303216E-01
7.94706089E+00 8.41999273847479773E-02 9.02594192492550511E-03 1.83418445534792252E-01
7.97959239E+00 8.38569416238488657E-02 9.01837590327795278E-03 1.84637531529776633E-01
8.01156753E+00 8.35197537417324554E-02 9.01341712039017105E-03 1.85861367076388340E-01
8.04332547E+00 8.31847551140130620E-02 9.01079101627064519E-03 1.87096300824995093E-01
8.07517023E+00 8.28486894743060559E-02 9.01050494127062125E-03 1.88350651608264363E-01
8.10681455E+00 8.25145377487754850E-02 9.01259740252775658E-03 1.89612789920988900E-01
8.13800247E+00 8.21849659900974611E-02 9.01687168078024910E-03 1.90870139659714888E-01
8.16903419E+00 8.18567691458642055E-02 9.02295410282136223E-03 1.92130170144144630E-01
8.20018638E+00 8.15269784942405096E-02 9.03048456774034093E-03 1.93401325798188334E-01
8.23171772E+00 8.11928104926682714E-02 9.03883264604723666E-03 1.94691892680844136E-01
8.26387076E+00 8.08516533581775942E-02 9.04714718504814885E-03 1.96009303286837910E-01
8.29626014E+00 8.05075869061729343E-02 9.05473886790502183E-03 1.97337055456424104E-01
8.32864908E+00 8.01631753900331756E-02 9.06060453861116596E-03 1.98662690707317596E-01
8.36159951E+00 7.98125139235178194E-02 9.06329521565209587E-03 2.00003471573434788E-01
8.39552115E+00 7.94513285462211671E-02 9.06129571886162173E-03 2.01372672401390451E-01
8.42965454E+00 7.90878299824544911E-02 9.05384297564679717E-03 2.02740674640959379E-01
8.46376800E+00 7.87246671223371247E-02 9.04084921546889110E-03 2.04095222223193151E-01
8.49808850E+00 7.83596353521694156E-02 9.02243552275438371E-03 2.05441178038830219E-01
8.53233256E+00 7.79959445273267771E-02 8.99904388555444051E-03 2.06766916575503612E-01
8.56657903E+00 7.76329306241722306E-02 8.97087591163807374E-03 2.08073516394546826E-01
8.60090451E+00 7.72699364347763235E-02 8.93851424994695880E-03 2.09362461144226270E-01
8.63538161E+00 7.69063163762214314E-02 8.90288167801729299E-03 2.10635469362834199E-01
8.67007735E+00 7.65414203237037294E-02 8.86525450063248635E-03 2.11894079809687275E-01
8.70505175E+00 7.61746213654728721E-02 8.82738628372075305E-03 2.13139659053010438E-01
8.74035708E+00 7.58053699245916507E-02 8.79056686534671408E-03 2.14373361183538530E-01
8.77603791E+00 7.54331682091642086E-02 8.75516656419200907E-03 2.15596012659988706E-01
8.81213195E+00 7.50575113943586780E-02 8.72179422670327220E-03 2.16808292232994776E-01
8.84867143E+00 7.46779475817757749E-02 8.69173186456189892E-03 2.18010045259765195E-01
8.88561273E+00 7.42948078564851233E-02 8.66570501432968772E-03 2.19199105915641984E-01
8.92297256E+00 7.39078232494479737E-02 8.64287773912674959E-03 2.20376049196077534E-01
8.96078579E+00 7.35165282073746706E-02 8.62232538860419236E-03 2.21535815270470143E-01
8.99907909E+00 7.31205178054559063E-02 8.60499002790521099E-03 2.22683212726470486E-01
9.03787212E+00 7.27194912109504626E-02 8.59193350993316118E-03 2.23815084854757845E-01
9.07717913E+00 7.23132478774765330E-02 8.58202673510047309E-03 2.24930967925712821E-01
9.11683296E+00 7.19034780855494771E-02 8.57365410897532702E-03 2.26023435169677850E-01
9.15602679E+00 7.14984591772975936E-02 8.56786509626871265E-03 2.27078033417894481E-01
9.19448083E+00 7.11011073567583834E-02 8.56603724840867241E-03 2.28080046113566609E-01
9.23305862E+00 7.07025937368318536E-02 8.56688078001258818E-03 2.29052889744768923E-01
9.27133627E+00 7.03074139598754005E-02 8.56847187319689785E-03 2.29987526985350604E-01
9.30880262E+00 6.99209660347864942E-02 8.56897868685593117E-03 2.30873377445128147E-01
9.34614895E+00 6.95362280457589854E-02 8.56766957065382105E-03 2.31725496981671109E-01
9.38398761E+00 6.91470840185663127E-02 8.56484057462198779E-03 2.32556735900057432E-01
9.42125173E+00 6.87646828636283292E-02 8.56106646986661696E-03 2.33346391161022626E-01
9.45811046E+00 6.83874848790171769E-02 8.55561637080678311E-03 2.34097654981059639E-01
9.49422643E+00 6.80190907462126099E-02 8.54801726019550727E-03 2.34805783770092230E-01
9.52989110E+00 6.76566373274477689E-02 8.53792110356218527E-03 2.35478035345008496E-01
9.56539392E+00 6.72973224994891511E-02 8.52516757112820565E-03 2.36121426491727127E-01
9.60102013E+00 6.69384003255006632E-02 8.50966231408515315E-03 2.36742042498873984E-01
9.63705074E+00 6.65771884292589433E-02 8.49136163095194282E-03 2.37345100511454105E-01
9.67376415E+00 6.62110682383612176E-02 8.47010509623482774E-03 2.37935354565537771E-01
9.71143868E+00 6.58374663214015415E-02 8.44572888481727284E-03 2.38517402736082629E-01
9.74997138E+00 6.54575988047189361E-02 8.41863994800154218E-03 2.39090590344499226E-01
9.78832642E+00 6.50817284520665146E-02 8.39007669806516795E-03 2.39642122233275051E-01
9.82612189E+00 6.47135041206693823E-02 8.36047591768538170E-03 2.40167893584200154E-01
9.86326627E+00 6.43536637701138947E-02 8.33002254940939761E-03 2.40667700955120828E-01
9.90001625E+00 6.39995880454022059E-02 8.29867930031842442E-03 2.41145585195587125E-01
9.93661572E+00 6.36488562779335548E-02 8.26653469841437394E-03 2.41605175979610620E-01
9.97329847E+00 6.32992298770979622E-02 8.23357039818884730E-03 2.42049235983775396E-01
1.00102902E+01 6.29486234685315421E-02 8.19954056782349304E-03 2.42479102919951089E-01
1.00478102E+01 6.25950811909576771E-02 8.16414899874881583E-03 2.42894404361094246E-01
1.00859209E+01 6.22381731426813467E-02 8.12725489590350458E-03 2.43292038333756594E-01
1.01235518E+01 6.18879655441353510E-02 8.08991427010270769E-03 2.43658267191047162E-01
1.01610062E+01 6.15416568668438885E-02 8.05155550222348519E-03 2.43992358505879053E-01
1.01985657E+01 6.11967334118125109E-02 8.01142506756777339E-03 2.44293463697066310E-01
1.02364993E+01 6.08508720714769358E-02 7.96849859700815566E-03 2.44558881505421738E-01
1.02750686E+01 6.05018725387998293E-02 7.92190908174071617E-03 2.44783753404638510E-01
1.03145312E+01 6.01476258535462160E-02 7.87142968794378797E-03 2.44961449451432278E-01
1.03551419E+01 5.97861172750072528E-02 7.81766617728033540E-03 2.45082913361582361E-01
1.03962543E+01 5.94233041001189163E-02 7.76270408930112340E-03 2.45137305361696201E-01
1.04376804E+01 5.90609680724211161E-02 7.70734321045809991E-03 2.45135213670027247E-01
1.04795537E+01 5.86980744758608744E-02 7.65072018331287330E-03 2.45011122352747884E-01
1.05220067E+01 5.83336280884088204E-02 7.59118643098883900E-03 2.44819213342632819E-01
1.05651619E+01 5.79667444308426399E-02 7.52734914979961891E-03 2.44523156162602867E-01
1.06086301E+01 5.76008234705240874E-02 7.45981598910350555E-03 2.44120815078462200E-01
1.06522514E+01 5.72372145339476099E-02 7.39047026338997531E-03 2.43610127253556907E-01
1.06962396E+01 5.68741489751152171E-02 7.32113444024655360E-03 2.42986651447276686E-01
1.07407896E+01 5.65101004449388086E-02 7.25281817748152716E-03 2.42244849033439930E-01
1.07855886E+01 5.61477075870394429E-02 7.18565979293141373E-03 2.41388278095252540E-01
1.08297454E+01 5.57941214983788542E-02 7.11936404345484084E-03 2.40437403575023689E-01
1.08735409E+01 5.54469773124896745E-02 7.05210195742924945E-03 2.39392686236040902E-01
1.09172567E+01 5.51039768703153535E-02 6.98293143019502495E-03 2.38252030491755556E-01
1.09611689E+01 5.47629190359275597E-02 6.91198836222228340E-03 2.37011285090128615E-01
1.10055495E+01 5.44216940165289792E-02 6.83986988292790369E-03 2.35664263665277068E-01
1.10506703E+01 5.40782534512136565E-02 6.76713006950384419E-03 2.34202717434674884E-01
1.10968099E+01 5.37305782415239339E-02 6.69417307782839855E-03 2.32616504617647740E-01
1.11436757E+01 5.33809725258578213E-02 6.62210261910829365E-03 2.30915579880628080E-01
1.11909540E+01 5.30318401891115912E-02 6.55193627167778309E-03 2.29113979602780349E-01
1.12384276E+01 5.26848236659742258E-02 6.48409623791903773E-03 2.27224877978769030E-01
1.12863127E+01 5.23384104762991825E-02 6.41795493817276432E-03 2.25245503924634938E-01
1.13339172E+01 5.19975918613076946E-02 6.35369774370732072E-03 2.23212848894435517E-01
1.13813474E+01 5.16615156193977049E-02 6.29085598077902802E-03 2.21132629674288289E-01
1.14287236E+01 5.13292507891235650E-02 6.22918717064874228E-03 2.19010205902449767E-01
1.14761768E+01 5.09998144786778240E-02 6.16857989001680460E-03 2.16851422065300947E-01
1.15238469E+01 5.06721913199383520E-02 6.10885064965686116E-03 2.14662887925847257E-01
1.15718822E+01 5.03453435638798463E-02 6.04971036233197500E-03 2.12452508766060116E-01
1.16204397E+01 5.00182174396475027E-02 5.99086933164196759E-03 2.10230083366995502E-01
1.16696854E+01 4.96897444524225240E-02 5.93212600246398325E-03 2.08007786979436782E-01
1.17195918E+01 4.93601678937421115E-02 5.87360552485664648E-03 2.05809962429111981E-01
1.17696865E+01 4.90326005934902803E-02 5.81604200144895077E-03 2.03683138571900041E-01
1.18202130E+01 4.87054693197506577E-02 5.75948778527571748E-03 2.01641743269334872E-01
1.18707992E+01 4.83812404746782054E-02 5.70424650789564964E-03 1.99728355051621037E-01
1.19215352E+01 4.80594279257961637E-02 5.64975152681296885E-03 1.97965133615694344E-01
1.19727785E+01 4.77379443564399236E-02 5.59480219087035800E-03 1.96366483484183091E-01
1.20248939E+01 4.74147690077761502E-02 5.53815128060061290E-03 1.94953069215188207E-01
1.20769043E+01 4.70961279228497426E-02 5.48001850263923722E-03 1.93785799437884543E-01
1.21284549E+01 4.67842100703296446E-02 5.42035453913779740E-03 1.92889995733077080E-01
1.21799035E+01 4.64768761033030262E-02 5.35848670826660767E-03 1.92267962597756192E-01
1.22315965E+01 4.61721431647513086E-02 5.29382486630327297E-03 1.91928094209647765E-01
1.22838743E+01 4.58681392967100685E-02 5.22608918492403589E-03 1.91887187798586406E-01
1.23370759E+01 4.55630568642178616E-02 5.15545496448584478E-03 1.92134284190753346E-01
1.23904067E+01 4.52614806793641550E-02 5.08379797891593457E-03 1.92730093287266036E-01
1.24435954E+01 4.49648170534562297E-02 5.01262042924331339E-03 1.93610968299490899E-01
1.24971832E+01 4.46699607165037815E-02 4.94202196280603932E-03 1.94787197894184611E-01
1.25516415E+01 4.43743292987807125E-02 4.87166450387394381E-03 1.96250256425556602E-01
1.26062491E+01 4.40817689040323354E-02 4.80241591315727981E-03 1.97963423176085562E-01
1.26610212E+01 4.37920405542498656E-02 4.73462574057689333E-03 1.99891239990723085E-01
1.27160695E+01 4.35044076679416761E-02 4.66851859308498908E-03 2.01997177406811723E-01
1.27714955E+01 4.32182167683180934E-02 4.60428944617467459E-03 2.04242909191160921E-01
1.28273924E+01 4.29328935013391436E-02 4.54203105935442868E-03 2.06587763159634008E-01
1.28838184E+01 4.26480792554622401E-02 4.48177845001864091E-03 2.08988573990608190E-01
1.29401420E+01 4.23668533850860077E-02 4.42416575508771531E-03 2.11374686223372271E-01
1.29965019E+01 4.20884003564329437E-02 4.36922043402035616E-03 2.13709786372649674E-01
1.30530172E+01 4.18120422578749096E-02 4.31688286676003199E-03 2.15963428120648199E-01
1.31097916E+01 4.15372077098569506E-02 4.26703450087302302E-03 2.18111123992821343E-01
1.31669164E+01 4.12634070945185824E-02 4.21944022415399363E-03 2.20134337653807993E-01
1.32243886E+01 4.09906127684227656E-02 4.17385405513651976E-03 2.22017994366500077E-01
1.32816100E+01 4.07215636736338107E-02 4.13041655673690705E-03 2.23737147549414039E-01
1.33386392E+01 4.04558583056940438E-02 4.08884101145340611E-03 2.25297165266510724E-01
1.33950854E+01 4.01951823484189841E-02 4.04907059348347600E-03 2.26697699850319817E-01
1.34511149E+01 3.99386545923190797E-02 4.01067308669532472E-03 2.27957998209089713E-01
1.35068867E+01 3.96854791714999280E-02 3.97319015712770552E-03 2.29098123085328287E-01
1.35625530E+01 3.94349301008557820E-02 3.93626504435513891E-03 2.30138264605236842E-01
1.36182588E+01 3.91863427967085662E-02 3.89969801890053397E-03 2.31098347161673490E-01
1.36741366E+01 3.89391388250504636E-02 3.86341221147218621E-03 2.31997662874793426E-01
1.37297825E+01 3.86951016782125165E-02 3.82764557294496596E-03 2.32847184076682256E-01
1.37853358E+01 3.84536166806475899E-02 3.79227251350672213E-03 2.33665786396405700E-01
1.38409276E+01 3.82141530335419199E-02 3.75703655376952465E-03 2.34470618028086969E-01
1.38963854E+01 3.79775028353334446E-02 3.72180039858038521E-03 2.35273361782969342E-01
1.39517229E+01 3.77436523982139435E-02 3.68636643937342778E-03 2.36086553748189210E-01
1.40070856E+01 3.75120345766370433E-02 3.65050598082187084E-03 2.36922754490500209E-01
1.40620100E+01 3.72846044819333186E-02 3.61435733546998719E-03 2.37784104682168151E-01
1.41165524E+01 3.70611113589677313E-02 3.57780876605350235E-03 2.38677315646691590E-01
1.41708723E+01 3.68408891191500457E-02 3.54066943394913593E-03 2.39608987709306887E-01
1.42251233E+01 3.66233102202555977E-02 3.50280232852603381E-03 2.40584640234369623E-01
1.42794532E+01 3.64077875124113604E-02 3.46416111411650650E-03 2.41608630400937607E-01
1.43340034E+01 3.61937757198148233E-02 3.42479825209406801E-03 2.42684191538249217E-01
1.43889075E+01 3.59807736265327985E-02 3.38485735267176225E-03 2.43813476004236529E-01
1.44436085E+01 3.57709325657821278E-02 3.34495755516813365E-03 2.44983718259095845E-01
1.44981882E+01 3.55639026638580186E-02 3.30533378405617907E-03 2.46192009591551880E-01
1.45527816E+01 3.53591521914967954E-02 3.26596130226940390E-03 2.47436199243087851E-01
1.46075187E+01 3.51561838784126071E-02 3.22666079078526118E-03 2.48714056682964813E-01
1.46625244E+01 3.49545371194607685E-02 3.18721219245447730E-03 2.50022989354604486E-01
1.47176412E+01 3.47547834253318574E-02 3.14763925274830474E-03 2.51353923790383460E-01
1.47727355E+01 3.45573771976719207E-02 3.10812534851734584E-03 2.52696730546862536E-01
1.48277983E+01 3.43623064692451588E-02 3.06889092171885262E-03 2.54045806644582817E-01
1.48827491E+01 3.41698034370034945E-02 3.03020547913898175E-03 2.55392978791200209E-01
1.49376715E+01 3.39795216048635954E-02 2.99219975027039406E-03 2.56734939681852736E-01
1.49688358E+01 3.38724618934805807E-02 2.96834446420241645E-03 2.57508296508092038E-01
1.50000000E+01 3.37660659869828544E-02 2.94737084681391840E-03 2.58265403956218498E-01
