#  time, MeanKE MeanKEDR MeanP
0 1.24699045417061311E-01 4.67622748076602565E-04 -1.14385921606686266E-17
2.94524311E-02 1.24678722875706888E-01 4.67588561139073205E-04 9.33114037178185847E-04
5.89826940E-02 1.24662620250625578E-01 4.67654673930249245E-04 9.18809541689019952E-04
8.85216581E-02 1.24647873352891625E-01 4.67810446176918635E-04 7.87528890404243405E-04
1.18072626E-01 1.24633510468107431E-01 4.68052431773266226E-04 5.99620731010608960E-04
1.47639324E-01 1.24619204058992641E-01 4.68379705743105607E-04 3.47709918747987222E-04
1.77225586E-01 1.24604842009497965E-01 4.68792256511651431E-04 3.18397073465770747E-05
2.06835231E-01 1.24590384025830420E-01 4.69290446192292235E-04 -3.47888132406858346E-04
2.36467542E-01 1.24575815949233198E-01 4.69874734880701005E-04 -7.90632723103162514E-04
2.66110431E-01 1.24561137225680754E-01 4.70545390182785443E-04 -1.29558476632370459E-03
2.95767817E-01 1.24546342152774950E-01 4.71303039888080913E-04 -1.86186570003187024E-03
3.25443548E-01 1.24531425913177743E-01 4.72148416734700926E-04 -2.48853919465448709E-03
3.55141388E-01 1.24516383979268286E-01 4.73082354629663574E-04 -3.17458158061855508E-03
3.84865001E-01 1.24501211917129290E-01 4.74105786198314894E-04 -3.91887383791858328E-03
4.14617941E-01 1.24485905324258364E-01 4.75219740667975335E-04 -4.72019661912917790E-03
4.44403644E-01 1.24470459811949666E-01 4.76425341751664179E-04 -5.57722471963170621E-03
4.74225411E-01 1.24454871002706760E-01 4.77723805419315545E-04 -6.48852114441512973E-03
5.04086403E-01 1.24439134532819962E-01 4.79116437517274171E-04 -7.45253086571713574E-03
5.33989629E-01 1.24423246056818385E-01 4.80604631221162831E-04 -8.46757434486650716E-03
5.63937937E-01 1.24407201252688782E-01 4.82189864315322222E-04 -9.53184089010231106E-03
5.93934007E-01 1.24390995827482323E-01 4.83873696294744526E-04 -1.06433819287918580E-02
6.23980343E-01 1.24374625523165819E-01 4.85657765286554087E-04 -1.18001042793399076E-02
6.54079265E-01 1.24358086122653144E-01 4.87543784788653501E-04 -1.29997635172440004E-02
6.84232904E-01 1.24341373455965673E-01 4.89533540223669405E-04 -1.42399575378922890E-02
7.14435173E-01 1.24324487862130864E-01 4.91628315164061329E-04 -1.55177841929321353E-02
7.44683226E-01 1.24307427949038027E-01 4.93829603579450192E-04 -1.68302782693657664E-02
7.74979370E-01 1.24290189460433215E-01 4.96139311386572385E-04 -1.81745263538109596E-02
8.05325713E-01 1.24272768213185017E-01 4.98559408580570400E-04 -1.95474527651561918E-02
8.35724161E-01 1.24255160094702569E-01 5.01091924987755936E-04 -2.09458102522188279E-02
8.66176411E-01 1.24237361066232066E-01 5.03738945828823893E-04 -2.23661768510857624E-02
8.96683953E-01 1.24219367168075509E-01 5.06502607087330205E-04 -2.38049538482958054E-02
9.27248060E-01 1.24201174525219990E-01 5.09385090682773576E-04 -2.52583649339526949E-02
9.57869796E-01 1.24182779352822167E-01 5.12388619450637284E-04 -2.67224567013743322E-02
9.88550006E-01 1.24164177961299763E-01 5.15515451934027880E-04 -2.81931006526683868E-02
1.01928932E+00 1.24145366760882045E-01 5.18767876993851836E-04 -2.96659968675612139E-02
1.05008816E+00 1.24126342265499290E-01 5.22148208247073071E-04 -3.11366794779969445E-02
1.08094673E+00 1.24107101095893207E-01 5.25658778345518165E-04 -3.26005240655496617E-02
1.11186502E+00 1.24087639981836487E-01 5.29301933111017957E-04 -3.40527570714171460E-02
1.14284284E+00 1.24067955763346491E-01 5.33080025546438675E-04 -3.54884673126714054E-02
1.17387975E+00 1.24048045390776643E-01 5.36995409746213810E-04 -3.69026197452179683E-02
1.20497517E+00 1.24027905923678544E-01 5.41050434734613602E-04 -3.82900715916874301E-02
1.23612829E+00 1.24007534528321486E-01 5.45247438264845645E-04 -3.96455908321184589E-02
1.26733814E+00 1.23986928473771796E-01 5.49588740617373145E-04 -4.09638769464312907E-02
1.29860355E+00 1.23966085126438780E-01 5.54076638441400359E-04 -4.22395838047537400E-02
1.32992322E+00 1.23945001943003688E-01 5.58713398689281203E-04 -4.34673446282089759E-02
1.36129567E+00 1.23923676461663718E-01 5.63501252699543254E-04 -4.46417989072543861E-02
1.39271928E+00 1.23902106291637698E-01 5.68442390490198611E-04 -4.57576210938526254E-02
1.42419229E+00 1.23880289100893326E-01 5.73538955329910079E-04 -4.68095508204425595E-02
1.45571285E+00 1.23858222602076948E-01 5.78793038660208579E-04 -4.77924243526747158E-02
1.48727897E+00 1.23835904536646446E-01 5.84206675447265160E-04 -4.87012069365305861E-02
1.51888857E+00 1.23813332657222747E-01 5.89781840046353276E-04 -4.95310256691021619E-02
1.55053953E+00 1.23790504708197052E-01 5.95520442666112523E-04 -5.02772024841351486E-02
1.58222962E+00 1.23767418404652871E-01 6.01424326522816523E-04 -5.09352980286605431E-02
1.61395660E+00 1.23744071409722878E-01 6.07495265776792498E-04 -5.15010855600803868E-02
1.64571819E+00 1.23720461310196747E-01 6.13734964342771546E-04 -5.19707052997747943E-02
1.67751210E+00 1.23696585591085456E-01 6.20145055668765177E-04 -5.23405554766194353E-02
1.70933606E+00 1.23672441608539255E-01 6.26727103570297078E-04 -5.26074033778286959E-02
1.74118782E+00 1.23648026561710173E-01 6.33482604208374946E-04 -5.27683835240224733E-02
1.77306518E+00 1.23623337463501987E-01 6.40412989291483728E-04 -5.28210212262557391E-02
1.80496602E+00 1.23598371110361885E-01 6.47519630575985571E-04 -5.27632631665259158E-02
1.83688829E+00 1.23573124051213470E-01 6.54803845731468282E-04 -5.25934447845620642E-02
1.86883006E+00 1.23547592555625599E-01 6.62266905627277276E-04 -5.23103921885067907E-02
1.90078952E+00 1.23521772581340950E-01 6.69910043087859034E-04 -5.19133283407706494E-02
1.93276502E+00 1.23495659741176184E-01 6.77734463151513926E-04 -5.14019420244015215E-02
1.96475506E+00 1.23469249269385004E-01 6.85741354857139353E-04 -5.07763625021344575E-02
1.99675836E+00 1.23442535987487861E-01 6.93931904571376307E-04 -5.00371588540978116E-02
2.02877379E+00 1.23415514269568413E-01 7.02307310857538166E-04 -4.91853311031439575E-02
2.06080049E+00 1.23388178007004246E-01 7.10868800877299182E-04 -4.82222979162091683E-02
2.09283782E+00 1.23360520572578167E-01 7.19617648306883849E-04 -4.71498810136715130E-02
2.12488538E+00 1.23332534783867867E-01 7.28555192741787679E-04 -4.59702866015494968E-02
2.15694307E+00 1.23304212865809990E-01 7.37682860558433354E-04 -4.46860841958756916E-02
2.18901104E+00 1.23275546412284040E-01 7.47002187197670533E-04 -4.33001832431134034E-02
2.22108974E+00 1.23246526346543400E-01 7.56514840834222576E-04 -4.18158079649521494E-02
2.25317994E+00 1.23217142880300903E-01 7.66222647398093898E-04 -4.02364708669905521E-02
2.28528269E+00 1.23187385471238864E-01 7.76127616918818159E-04 -3.85659453542004302E-02
2.31739937E+00 1.23157242778707376E-01 7.86231971171242575E-04 -3.68082378862828116E-02
2.34953168E+00 1.23126702617342126E-01 7.96538172612252030E-04 -3.49675600875688150E-02
2.38168165E+00 1.23095751908322087E-01 8.07048954611373987E-04 -3.30483012026183270E-02
2.41385163E+00 1.23064376627972719E-01 8.17767352994285663E-04 -3.10550012506720131E-02
2.44604427E+00 1.23032561753399397E-01 8.28696738936514810E-04 -2.89923251976861862E-02
2.47826256E+00 1.23000291204836215E-01 8.39840853264771023E-04 -2.68650384181429343E-02
2.51050982E+00 1.22967547784378919E-01 8.51203842244856136E-04 -2.46779836741359490E-02
2.54278963E+00 1.22934313110774851E-01 8.62790294957457328E-04 -2.24360597925022734E-02
2.57509018E+00 1.22900584208246913E-01 8.74599479101524071E-04 -2.01453022496170114E-02
2.60741367E+00 1.22866343026260080E-01 8.86635931239158903E-04 -1.78108838748384270E-02
2.63976381E+00 1.22831568958898296E-01 8.98905142740061172E-04 -1.54378789828139070E-02
2.67214461E+00 1.22796239956977554E-01 9.11413196823250321E-04 -1.30313232517345057E-02
2.70456039E+00 1.22760332448792045E-01 9.24166815889838683E-04 -1.05962095717263682E-02
2.73701576E+00 1.22723821251384507E-01 9.37173410536012758E-04 -8.13747772452337766E-03
2.76951559E+00 1.22686679475325189E-01 9.50441130688223592E-04 -5.66000536616070426E-03
2.80206504E+00 1.22648878424030910E-01 9.63978919158388499E-04 -3.16861321882797638E-03
2.83466950E+00 1.22610387487977437E-01 9.77796567864528798E-04 -6.67995441029398769E-04
2.86733457E+00 1.22571174034368902E-01 9.91904777007081555E-04 1.83714612437092719E-03
2.90006610E+00 1.22531203291446400E-01 1.00631521741079643E-03 4.34225906326025837E-03
2.93287011E+00 1.22490406500063889E-01 1.02104002961803195E-03 6.84590309272347253E-03
2.96573564E+00 1.22448786030419532E-01 1.03608542849923106E-03 9.33661220206591889E-03
2.99866075E+00 1.22406318740691356E-01 1.05146212084139459E-03 1.18121409469757969E-02
3.03165171E+00 1.22362964544893496E-01 1.06718554215704930E-03 1.42682904739705827E-02
3.06471499E+00 1.22318679139536493E-01 1.08327240206795763E-03 1.67009680763201204E-02
3.09785724E+00 1.22273414897237226E-01 1.09974078440335118E-03 1.91061805809038601E-02
3.13108523E+00 1.22227121078049408E-01 1.11661023981180678E-03 2.14800311214460200E-02
3.16440584E+00 1.22179743810499453E-01 1.13390187976387534E-03 2.38187158796398409E-02
3.19782606E+00 1.22131225993438022E-01 1.15163847540022068E-03 2.61185206590302324E-02
3.23135298E+00 1.22081507168830497E-01 1.16984456283768896E-03 2.83758175838180783E-02
3.26499372E+00 1.22030523382005762E-01 1.18854655590174539E-03 3.05870620857515117E-02
3.29873298E+00 1.21978242731366773E-01 1.20775994753750970E-03 3.27473496288361657E-02
3.33257158E+00 1.21924606948554531E-01 1.22751055519044463E-03 3.48530293947504691E-02
3.36651709E+00 1.21869543735754454E-01 1.24783003942157138E-03 3.69009963405641170E-02
3.40057710E+00 1.21812976763818234E-01 1.26875236985414573E-03 3.88882284779797568E-02
3.43475923E+00 1.21754825598961822E-01 1.29031396739797636E-03 4.08117885721694038E-02
3.46907111E+00 1.21695005593198152E-01 1.31255384580566828E-03 4.26688229916970738E-02
3.50352036E+00 1.21633427772717670E-01 1.33551374988273618E-03 4.44565590716232001E-02
3.53811252E+00 1.21570002577153599E-01 1.35923687418029238E-03 4.61722006901866197E-02
3.57284847E+00 1.21504645356704438E-01 1.38376591282534517E-03 4.78128278191492714E-02
3.60773065E+00 1.21437265289821086E-01 1.40914719706089638E-03 4.93757389169447031E-02
3.64275417E+00 1.21367783192504838E-01 1.43542410228835533E-03 5.08580451587982013E-02
3.67792259E+00 1.21296100749065397E-01 1.46264847136589400E-03 5.22574129920809413E-02
3.71318350E+00 1.21222237606179659E-01 1.49082926348832940E-03 5.35694806304973584E-02
3.74822948E+00 1.21146792215874557E-01 1.51975860141602371E-03 5.47815716267035444E-02
3.78309835E+00 1.21069656128867290E-01 1.54949406753353085E-03 5.58963876777224464E-02
3.81782235E+00 1.20990723833845307E-01 1.58009068517608441E-03 5.69151928386537054E-02
3.85242845E+00 1.20909896618475982E-01 1.61160056980944023E-03 5.78398256073113098E-02
3.88693875E+00 1.20827084332365844E-01 1.64407242864178971E-03 5.86710289349174074E-02
3.92137093E+00 1.20742206221522680E-01 1.67755107881907518E-03 5.94096656139800477E-02
3.95557751E+00 1.20655613533101239E-01 1.71191321203582468E-03 6.00531588329477062E-02
3.98953485E+00 1.20567374450183840E-01 1.74714363355356708E-03 6.06030647558467792E-02
4.02327282E+00 1.20477419602853575E-01 1.78327847079362491E-03 6.10619321442401053E-02
4.05681567E+00 1.20385689566031628E-01 1.82034824205309941E-03 6.14318278079339572E-02
4.09018284E+00 1.20292134690257069E-01 1.85837854018678738E-03 6.17145640813202348E-02
4.12338981E+00 1.20196713495220278E-01 1.89739096308216468E-03 6.19117878915635550E-02
4.15644909E+00 1.20099390213746743E-01 1.93740431944230268E-03 6.20249600165002010E-02
4.18937106E+00 1.20000131755444897E-01 1.97843606988295281E-03 6.20655839185590835E-02
4.22216493E+00 1.19898904270896348E-01 2.02050392012827727E-03 6.19938435193788870E-02
4.25483957E+00 1.19795669511758088E-01 2.06362745454258256E-03 6.18790294394250956E-02
4.28740435E+00 1.19690381094144413E-01 2.10782968261091688E-03 6.16685558402615339E-02
4.31986985E+00 1.19582980935826741E-01 2.15313836347031870E-03 6.13843929844144903E-02
4.35220236E+00 1.19473558951470993E-01 2.19952057264250151E-03 6.10258220950706601E-02
4.38438239E+00 1.19362162346084155E-01 2.24696028505104667E-03 6.05954060867895036E-02
4.41608993E+00 1.19249957261253897E-01 2.29498092807415904E-03 6.01003889034795527E-02
4.44705710E+00 1.19138036393707944E-01 2.34313601983197938E-03 5.95509254803092830E-02
4.47741385E+00 1.19026045294026064E-01 2.39156855070965600E-03 5.89523601121257693E-02
4.50727191E+00 1.18913641628816125E-01 2.44040156379399459E-03 5.83087541083857144E-02
4.53672755E+00 1.18800509525839884E-01 2.48973775197493512E-03 5.76239725519200607E-02
4.56586361E+00 1.18686365569134838E-01 2.53965687499870321E-03 5.69020630910931427E-02
4.59475106E+00 1.18570962702715693E-01 2.59021212138600817E-03 5.61474906640534663E-02
4.62345030E+00 1.18454093436298841E-01 2.64142631529085256E-03 5.53653511884922012E-02
4.65201238E+00 1.18335570709996188E-01 2.69328873804348294E-03 5.45622596105770352E-02
4.68048037E+00 1.18215281577923020E-01 2.74575501230092450E-03 5.37438873165737643E-02
4.70889082E+00 1.18093142538433712E-01 2.79874914289911453E-03 5.29187233469995480E-02
4.73727557E+00 1.17969094478237196E-01 2.85217063766270065E-03 5.20958546787416432E-02
4.76566389E+00 1.17843089018730404E-01 2.90590681629164732E-03 5.12855423365227298E-02
4.79408477E+00 1.17715067682763366E-01 2.95984987617559699E-03 5.04992200518794426E-02
4.82256934E+00 1.17584936118219366E-01 3.01391734385859575E-03 4.97495034768860797E-02
4.85115335E+00 1.17452535775248279E-01 3.06807364826231898E-03 4.90502285513468861E-02
4.87981846E+00 1.17317917567201335E-01 3.12223678374262030E-03 4.84178966070402811E-02
4.90855859E+00 1.17181020021230264E-01 3.17641527012518798E-03 4.78730222084712206E-02
4.93740752E+00 1.17041514057285467E-01 3.23076258765760951E-03 4.74219014595496022E-02
4.96640123E+00 1.16898978018153382E-01 3.28550344283136788E-03 4.70958963676737924E-02
4.99545747E+00 1.16753534017508043E-01 3.34069748891509342E-03 4.69091572338201923E-02
5.02425211E+00 1.16606581483124000E-01 3.39597283415843821E-03 4.68927770424214171E-02
5.05288481E+00 1.16457358349965123E-01 3.45174628848272285E-03 4.69810724540729238E-02
5.08146192E+00 1.16305029155483297E-01 3.50841857270273996E-03 4.73548005712296979E-02
5.11009707E+00 1.16148726033683036E-01 3.56635665461709460E-03 4.78475377656740822E-02
5.13891214E+00 1.15987575867541284E-01 3.62587324738382778E-03 4.85638356255247844E-02
5.16792876E+00 1.15821368266808722E-01 3.68697309889873953E-03 4.94899204432239920E-02
5.19686720E+00 1.15651859445592198E-01 3.74888223910639466E-03 5.06220259380458365E-02
5.22579544E+00 1.15479010383359768E-01 3.81141477978212987E-03 5.19539708361963157E-02
5.25477784E+00 1.15302924780063376E-01 3.87426581142639743E-03 5.34773669203215535E-02
5.28387348E+00 1.15123836263393481E-01 3.93703526124815004E-03 5.51810016065703013E-02
5.31311117E+00 1.14942219828843756E-01 3.99921456467774300E-03 5.70485152137294310E-02
5.34190278E+00 1.14762421334357143E-01 4.05904923485377045E-03 5.90204051793912707E-02
5.37034416E+00 1.14584440233060372E-01 4.11636868277113262E-03 6.10694404083447773E-02
5.39852999E+00 1.14408093888405643E-01 4.17111221190001429E-03 6.31720773223628101E-02
5.42642600E+00 1.14233822869044321E-01 4.22310443513949658E-03 6.52992467709325314E-02
5.45404054E+00 1.14061628426076409E-01 4.27240087348965559E-03 6.74264127379206185E-02
5.48143664E+00 1.13891023723999549E-01 4.31927221924609597E-03 6.95357509875234037E-02
5.50868058E+00 1.13721388720066166E-01 4.36407619842096514E-03 7.16128699455225587E-02
5.53584134E+00 1.13552005234891229E-01 4.40723186739277843E-03 7.36464348215982861E-02
5.56263231E+00 1.13384325540158537E-01 4.44865703709743012E-03 7.56031715228189932E-02
5.58905948E+00 1.13217978668073913E-01 4.48876862739665955E-03 7.74743106721512281E-02
5.61521559E+00 1.13052046247956561E-01 4.52809951454700727E-03 7.92603584574543552E-02
5.64118501E+00 1.12885658711820699E-01 4.56714184914891984E-03 8.09636309214899347E-02
5.66704457E+00 1.12717997673103351E-01 4.60634302817251266E-03 8.25874808207273936E-02
5.69286431E+00 1.12548301101831574E-01 4.64609730254194036E-03 8.41359415168881491E-02
5.71870812E+00 1.12375870478812340E-01 4.68673499421051569E-03 8.56135507347929869E-02
5.74463426E+00 1.12200077139518448E-01 4.72851301825911920E-03 8.70252892982804477E-02
5.77069584E+00 1.12020364167895084E-01 4.77161106318068490E-03 8.83766242477219272E-02
5.79694137E+00 1.11836240244104490E-01 4.81613748617261157E-03 8.96736278638567419E-02
5.82341532E+00 1.11647262452401766E-01 4.86214793806066803E-03 9.09231244925570864E-02
5.85015889E+00 1.11453005950981093E-01 4.90967809120753090E-03 9.21327995853827020E-02
5.87721099E+00 1.11253019724103994E-01 4.95878954427904188E-03 9.33111976205656390E-02
5.90408162E+00 1.11050796177159947E-01 5.00864733515558099E-03 9.44477425555764333E-02
5.93068205E+00 1.10846919487741530E-01 5.05922565432275709E-03 9.55474696415622438E-02
5.95716068E+00 1.10640032078198031E-01 5.11106234879706023E-03 9.66235944831045773E-02
5.98367212E+00 1.10428511954623762E-01 5.16483749376919158E-03 9.76888441138056562E-02
6.01038208E+00 1.10210451360931494E-01 5.22136006662461682E-03 9.87551170002495954E-02
6.03747322E+00 1.09983646734295476E-01 5.28153107806305505E-03 9.98338457459509027E-02
6.06515226E+00 1.09745602727427491E-01 5.34627909210092910E-03 1.00936669904005183E-01
6.09247390E+00 1.09504266994100499E-01 5.41353126194133154E-03 1.02035140508388494E-01
6.11924303E+00 1.09261976712023784E-01 5.48241436089795357E-03 1.03120862532756305E-01
6.14568778E+00 1.09017564285734836E-01 5.55278744318379435E-03 1.04200825935228059E-01
6.17170795E+00 1.08773062466079651E-01 5.62344995496056894E-03 1.05272127998279758E-01
6.19742741E+00 1.08528529395199594E-01 5.69370694430890081E-03 1.06337655559784833E-01
6.22317961E+00 1.08281915378362320E-01 5.76345750243164277E-03 1.07407382470206175E-01
6.24931266E+00 1.08030846521924934E-01 5.83269005495910212E-03 1.08491635971682807E-01
6.27527284E+00 1.07781513713795546E-01 5.89919693345916651E-03 1.09566382281716959E-01
6.29994418E+00 1.07545291759809009E-01 5.95989761541051294E-03 1.10582808278213540E-01
6.32383492E+00 1.07317504623779772E-01 6.01618033198092483E-03 1.11549582121335242E-01
6.34735069E+00 1.07094187442926425E-01 6.06918518415540224E-03 1.12478016250073087E-01
6.37084684E+00 1.06871720436853779E-01 6.11991119072293529E-03 1.13377848144598281E-01
6.39466229E+00 1.06646551106897164E-01 6.16927967018428454E-03 1.14256845191290465E-01
6.41833063E+00 1.06422722975660730E-01 6.21658044718165388E-03 1.15095790925374447E-01
6.44112410E+00 1.06206830967026072E-01 6.26074142298650889E-03 1.15868696458757539E-01
6.46343645E+00 1.05994901861077337E-01 6.30287389137869618E-03 1.16585742970829229E-01
6.48561438E+00 1.05783407259385953E-01 6.34384525725571660E-03 1.17257107451883308E-01
6.50798871E+00 1.05568963746996022E-01 6.38438581073623185E-03 1.17891027092747666E-01
6.53090008E+00 1.05348063874936573E-01 6.42516915552998179E-03 1.18493780052834466E-01
6.55293704E+00 1.05134313708463920E-01 6.46378425014805698E-03 1.19033080255433021E-01
6.57430419E+00 1.04925878373845496E-01 6.50072229180400848E-03 1.19514106893061078E-01
6.59532730E+00 1.04719663272873048E-01 6.53661315823575104E-03 1.19946124325697387E-01
6.61629585E+00 1.04512868063216066E-01 6.57195496408048696E-03 1.20336233888639080E-01
6.63748785E+00 1.04302766934057170E-01 6.60716135890312452E-03 1.20689147488992093E-01
6.65919071E+00 1.04086508588123142E-01 6.64259170013420126E-03 1.21007527549670882E-01
6.68172185E+00 1.03860910808739840E-01 6.67857019792028519E-03 1.21292145208345151E-01
6.70533561E+00 1.03623405464651014E-01 6.71521890360000841E-03 1.21541069730343648E-01
6.72833566E+00 1.03391291465318461E-01 6.74969133807077487E-03 1.21741991978250516E-01
6.75112047E+00 1.03160870064115687E-01 6.78250614555895356E-03 1.21895769299763715E-01
6.77404694E+00 1.02928748135460837E-01 6.81406058529785731E-03 1.22007826114157933E-01
6.79746696E+00 1.02691523714373401E-01 6.84467890560587228E-03 1.22050274451045229E-01
6.82175829E+00 1.02445485464234695E-01 6.87465224993844253E-03 1.22120359959113287E-01
6.84680560E+00 1.02191889203722727E-01 6.90366246732741252E-03 1.22132962579609664E-01
6.87111137E+00 1.01946025198115922E-01 6.93007709822162591E-03 1.22099447216506271E-01
6.89467772E+00 1.01707880121474692E-01 6.95424464234557262E-03 1.22018832387475476E-01
6.91740631E+00 1.01478321477952313E-01 6.97643243413928211E-03 1.21888340010493451E-01
6.93965541E+00 1.01253504756221829E-01 6.99731915106311959E-03 1.21836019772387921E-01
6.96174863E+00 1.01029875550904827E-01 7.01746390852659406E-03 1.21674152683640499E-01
6.98399965E+00 1.00803942676777211E-01 7.03734535214184213E-03 1.21591515225343047E-01
7.00673264E+00 1.00572074314789220E-01 7.05738374399240195E-03 1.21387076675675859E-01
7.02867183E+00 1.00347166841808083E-01 7.07655412945937777E-03 1.21323613142028372E-01
7.05030298E+00 1.00124253244873007E-01 7.09533465581250588E-03 1.21138578727389104E-01
7.07208074E+00 9.98985907452413086E-02 7.11410834803592393E-03 1.21085001502139217E-01
7.09412192E+00 9.96688964212022466E-02 7.13293485599980886E-03 1.20937194760669012E-01
7.11518902E+00 9.94482090340163133E-02 7.15075436403714119E-03 1.20900579229072228E-01
7.13583817E+00 9.92308621751779307E-02 7.16806461061547141E-03 1.20850858091971144E-01
7.15656091E+00 9.90116762650894294E-02 7.18529300517630875E-03 1.20806972492650114E-01
7.17786492E+00 9.87851592710162624E-02 7.20286449960322143E-03 1.20789917696941751E-01
7.19969181E+00 9.85517964171103572E-02 7.22072374604301823E-03 1.20810427943238138E-01
7.22058433E+00 9.83272995729299742E-02 7.23768012427080960E-03 1.20884790214101187E-01
7.24113256E+00 9.81055202690541139E-02 7.25421312534132653E-03 1.21037539653293488E-01
7.26185501E+00 9.78809264085701985E-02 7.27070705472386992E-03 1.21085301639913406E-01
7.28329126E+00 9.76476626729299996E-02 7.28752593974447884E-03 1.21345508981790570E-01
7.30610071E+00 9.73984736344667146E-02 7.30508047650731216E-03 1.21523652294283219E-01
7.32868337E+00 9.71509190823136304E-02 7.32204002484391266E-03 1.21846392601605069E-01
7.35083172E+00 9.69074581736533713E-02 7.33823762648871426E-03 1.22204893708166673E-01
7.37315003E+00 9.66614946679716647E-02 7.35414855896308634E-03 1.22632224810961532E-01
7.39623847E+00 9.64062942026152059E-02 7.37025554736163001E-03 1.23136918346036434E-01
7.41966978E+00 9.61464002304606435E-02 7.38636552420510791E-03 1.23729242201480807E-01
7.44312829E+00 9.58851558576622048E-02 7.40242151896763553E-03 1.24404830320038559E-01
7.46683262E+00 9.56199534737842971E-02 7.41873777476995556E-03 1.25164571418271642E-01
7.48993169E+00 9.53602610507162801E-02 7.43484455438945483E-03 1.25985568332432490E-01
7.51225979E+00 9.51080470301082087E-02 7.45067777644255625E-03 1.26847371706105716E-01
7.53414234E+00 9.48597502537071036E-02 7.46646572583481525E-03 1.27747450714657124E-01
7.55587139E+00 9.46121294081528064E-02 7.48238602881248598E-03 1.28691724445115979E-01
7.57773056E+00 9.43619799208048615E-02 7.49860958675725546E-03 1.29690146789365440E-01
7.60001802E+00 9.41058534294000881E-02 7.51534603271345955E-03 1.30756292598548707E-01
7.62307194E+00 9.38397318667383712E-02 7.53289235488744345E-03 1.31908842397174153E-01
7.64601454E+00 9.35736156341210878E-02 7.55067052423314539E-03 1.33115840834677590E-01
7.66817350E+00 9.33152701049241584E-02 7.56826217393584671E-03 1.34340533905448173E-01
7.68996901E+00 9.30597660488941547E-02 7.58610429022901853E-03 1.35593375579018599E-01
7.71177767E+00 9.28025861433448007E-02 7.60460080325412943E-03 1.36893672552604040E-01
7.73397512E+00 9.25391474110463380E-02 7.62414492318430614E-03 1.38266078065227588E-01
7.75696312E+00 9.22644809501185770E-02 7.64513529062307243E-03 1.39740066593237816E-01
7.77878467E+00 9.20020303033182163E-02 7.66568346174090025E-03 1.41206736290289792E-01
7.79990567E+00 9.17465037622729601E-02 7.68605402583578436E-03 1.42678538918502712E-01
7.82070339E+00 9.14935498098679023E-02 7.70645613025843293E-03 1.44175867139985980E-01
7.84151429E+00 9.12392135714327757E-02 7.72707173356339087E-03 1.45725415191226643E-01
7.86266899E+00 9.09795274513259256E-02 7.74808412633737689E-03 1.47356868871372476E-01
7.88452444E+00 9.07101135788371815E-02 7.76970465991762890E-03 1.49105415193519081E-01
7.90750122E+00 9.04257036022290822E-02 7.79220120533290986E-03 1.51015310273648340E-01
7.93057443E+00 9.01389313966875771E-02 7.81445730242858252E-03 1.53018778967158181E-01
7.95306540E+00 8.98583297731052610E-02 7.83578104069841165E-03 1.55055819730153921E-01
7.97540454E+00 8.95786481295597903E-02 7.85655387914921746E-03 1.57152518407952385E-01
7.99798412E+00 8.92950519114175389E-02 7.87706217329872671E-03 1.59343729186478128E-01
8.02120475E+00 8.90025931030947598E-02 7.89751602234119512E-03 1.61672153181829759E-01
8.04552209E+00 8.86956599920334654E-02 7.91805664938908388E-03 1.64189841944684528E-01
8.06985487E+00 8.83882100639057228E-02 7.93749742734428838E-03 1.66795931587691293E-01
8.09441532E+00 8.80779840828071203E-02 7.95576826544402808E-03 1.69500433524037375E-01
8.11895533E+00 8.77685469838704324E-02 7.97245992766633729E-03 1.72265745718804902E-01
8.14307773E+00 8.74652987634388646E-02 7.98718734155448758E-03 1.75033980110421927E-01
8.16713946E+00 8.71640319263698726E-02 8.00012087489004528E-03 1.77826612305657550E-01
8.19146449E+00 8.68608947088332362E-02 8.01137907766217086E-03 1.80667916536733919E-01
8.21630063E+00 8.65529550165226175E-02 8.02102671593785815E-03 1.83577242744680208E-01
8.24006581E+00 8.62598802198815129E-02 8.02862016809853529E-03 1.86369005937127047E-01
8.26324561E+00 8.59755362539923462E-02 8.03461412880068261E-03 1.89087097599968113E-01
8.28624236E+00 8.56948485208025301E-02 8.03928944354353851E-03 1.91773596660449380E-01
8.30942839E+00 8.54131890359591806E-02 8.04278927275144107E-03 1.94470358513290281E-01
8.33318672E+00 8.51258957075176209E-02 8.04513061594554039E-03 1.97218852756697871E-01
8.35773255E+00 8.48304291652988707E-02 8.04619133880780588E-03 2.00039190513233378E-01
8.38256246E+00 8.45329310422608532E-02 8.04578086897478166E-03 2.02868817591785350E-01
8.40687080E+00 8.42430580058579209E-02 8.04384858317061871E-03 2.05610968803007638E-01
8.43107409E+00 8.39557702617609730E-02 8.04036362818429107E-03 2.08303630947892254E-01
8.45542060E+00 8.36680236876319872E-02 8.03528380129584288E-03 2.10968312534127900E-01
8.47985260E+00 8.33803352704539646E-02 8.02868427630726821E-03 2.13594542917180635E-01
8.50461632E+00 8.30895582524700665E-02 8.02065277228363252E-03 2.16202203614793365E-01
8.52986631E+00 8.27935655138554161E-02 8.01135905755861674E-03 2.18798581093469474E-01
8.55537301E+00 8.24946996351251238E-02 8.00117260792784085E-03 2.21349908801416612E-01
8.58143775E+00 8.21891009525237692E-02 7.99027045994993128E-03 2.23871320105234445E-01
8.60665624E+00 8.18930142469296851E-02 7.97951048138850066E-03 2.26220171693578775E-01
8.63121642E+00 8.16041566556858361E-02 7.96904711957738959E-03 2.28409877702423408E-01
8.65470888E+00 8.13273232727762807E-02 7.95922320886885935E-03 2.30406373659942570E-01
8.67751211E+00 8.10580471531999885E-02 7.95001254579795653E-03 2.32246139902305554E-01
8.69994064E+00 8.07925719915958546E-02 7.94139688448250967E-03 2.33957461355818075E-01
8.72227625E+00 8.05275065580755567E-02 7.93335091687958141E-03 2.35562626416599002E-01
8.74479119E+00 8.02595813285326420E-02 7.92581464531455504E-03 2.37079371318247439E-01
8.76776851E+00 7.99854429484609941E-02 7.91865578514439235E-03 2.38521968573562337E-01
8.79152319E+00 7.97014434706618674E-02 7.91162517158262857E-03 2.39901877466080909E-01
8.81642729E+00 7.94033854342990481E-02 7.90430699349269072E-03 2.41228020509682256E-01
8.84105767E+00 7.91087493639606176E-02 7.89667722701749113E-03 2.42422699417584542E-01
8.86569531E+00 7.88146871214009948E-02 7.88823159397068069E-03 2.43502461034490136E-01
8.89074201E+00 7.85168750875301219E-02 7.87846974791184956E-03 2.44485143019970125E-01
8.91587182E+00 7.82195601074449631E-02 7.86728235163796155E-03 2.45360116020630098E-01
8.94101984E+00 7.79237091261520409E-02 7.85466097923443428E-03 2.46129278850410332E-01
8.96658933E+00 7.76246554622065238E-02 7.84049372906404571E-03 2.46806639728320842E-01
8.99223675E+00 7.73263481795918306E-02 7.82516544329150097E-03 2.47386595596912451E-01
9.01708429E+00 7.70387050330130913E-02 7.80952004770672260E-03 2.47859472245521406E-01
9.04146329E+00 7.67575361716065913E-02 7.79369613833381155E-03 2.48239591374112112E-01
9.06565310E+00 7.64793057263936371E-02 7.77780312661316333E-03 2.48537398363012835E-01
9.08990587E+00 7.62008347710243644E-02 7.76192511117905753E-03 2.48758925992198898E-01
9.11446476E+00 7.59190911957649123E-02 7.74612547140537174E-03 2.48906968156174913E-01
9.13957881E+00 7.56310228926752315E-02 7.73044516381081372E-03 2.48964807955761674E-01
9.16551660E+00 7.53334115115331521E-02 7.71489512267005319E-03 2.49002456785804349E-01
9.19257961E+00 7.50227354617240411E-02 7.69944610663824205E-03 2.48956245022099731E-01
9.22034910E+00 7.47038243907343774E-02 7.68441643530341691E-03 2.48689714575696136E-01
9.24722887E+00 7.43951188508777950E-02 7.67059718984153521E-03 2.48525307362738368E-01
9.27348017E+00 7.40938192345955565E-02 7.65772577692235869E-03 2.48235028062325086E-01
9.29933392E+00 7.37974746111741131E-02 7.64557197208802584E-03 2.47926470659013687E-01
9.32499983E+00 7.35038733744770995E-02 7.63391715699185142E-03 2.47576629317953656E-01
9.35067457E+00 7.32109702156750336E-02 7.62253563252496876E-03 2.47201779081014927E-01
9.37654942E+00 7.29168238571161614E-02 7.61117199492589765E-03 2.46804427301228257E-01
9.40281746E+00 7.26195362305240288E-02 7.59951785556357839E-03 2.46388596834641760E-01
9.42968081E+00 7.23171885046983154E-02 7.58719110062930097E-03 2.45956045759489816E-01
9.45735838E+00 7.20077709210752981E-02 7.57371922659095132E-03 2.45506927762886601E-01
9.48541727E+00 7.16965634453045758E-02 7.55888832413338912E-03 2.45051611326441515E-01
9.51318301E+00 7.13913270953817347E-02 7.54270597215352633E-03 2.44601636781303811E-01
9.54082818E+00 7.10903475655661338E-02 7.52485187724341153E-03 2.44150301198582775E-01
9.56851651E+00 7.07920044084264372E-02 7.50506245822414944E-03 2.43690464161959053E-01
9.59640822E+00 7.04946969467626083E-02 7.48311855268810576E-03 2.43214601224545135E-01
9.62454637E+00 7.01980234251244756E-02 7.45894808821948984E-03 2.42716086948902759E-01
9.65131812E+00 6.99186641724264812E-02 7.43412121170919631E-03 2.42219039674923420E-01
9.67714567E+00 6.96516752087546209E-02 7.40863758832452628E-03 2.41713505640114401E-01
9.70235942E+00 6.93931917090390149E-02 7.38252442916736713E-03 2.41190006432285636E-01
9.72724031E+00 6.91399501038132969E-02 7.35580975346648933E-03 2.40641097026065731E-01
9.75204840E+00 6.88889783317601367E-02 7.32850968969957217E-03 2.40058640987091482E-01
9.77704608E+00 6.86373490957992161E-02 7.30061595954029779E-03 2.39433203854291343E-01
9.80252139E+00 6.83819358475704908E-02 7.27208044050827243E-03 2.38753068493503806E-01
9.82881695E+00 6.81191166104895274E-02 7.24279389880288626E-03 2.38002805859879957E-01
9.85637229E+00 6.78443477077244617E-02 7.21255217685646752E-03 2.37160919695354855E-01
9.88528224E+00 6.75565520839458145E-02 7.18152931933311884E-03 2.36212924058758683E-01
9.91180357E+00 6.72927849321329069E-02 7.15375444524757320E-03 2.35281899007663636E-01
9.93671499E+00 6.70452387488825047E-02 7.12828119937967443E-03 2.34354176785707746E-01
9.96053436E+00 6.68087816739632440E-02 7.10445877264960241E-03 2.33416732464067966E-01
9.98364658E+00 6.65796352349246057E-02 7.08178466831768921E-03 2.32459123925610911E-01
1.00063670E+01 6.63547224079755749E-02 7.05984407457113487E-03 2.31470907210164917E-01
1.00289787E+01 6.61312975904534694E-02 7.03827960257581361E-03 2.30441045122626670E-01
1.00517599E+01 6.59066760168429827E-02 7.01676613201205907E-03 2.29356604406990267E-01
1.00750072E+01 6.56779985646929187E-02 6.99498508240683093E-03 2.28201634272520743E-01
1.00990628E+01 6.54419763415885203E-02 6.97259006592363100E-03 2.26955325383479678E-01
1.01243489E+01 6.51945818807527916E-02 6.94916050813031844E-03 2.25590077754115659E-01
1.01514190E+01 6.49305840613053215E-02 6.92412005453482693E-03 2.24066610480700645E-01
1.01787753E+01 6.46647439317456219E-02 6.89867968868997615E-03 2.22466477391231598E-01
1.02052146E+01 6.44088274789832993E-02 6.87373024409754403E-03 2.20863229949018830E-01
1.02313782E+01 6.41567425232734967E-02 6.84847230820747471E-03 2.19218986663836046E-01
1.02578254E+01 6.39033209368406740E-02 6.82215708364661971E-03 2.17498770120251650E-01
1.02851236E+01 6.36434623933481297E-02 6.79396381207263405E-03 2.15662645946581105E-01
1.03139311E+01 6.33714211577928316E-02 6.76286975699677811E-03 2.13659111893119258E-01
1.03426897E+01 6.31023669556905753E-02 6.73023337346095960E-03 2.11595843879565315E-01
1.03707850E+01 6.28422567690593292E-02 6.69663347015405416E-03 2.09518989419417628E-01
1.03987752E+01 6.25861046442328511E-02 6.66136011931488768E-03 2.07389358530952223E-01
1.04271784E+01 6.23294680024571307E-02 6.62367709300819459E-03 2.05169564068865301E-01
1.04565300E+01 6.20679250047314404E-02 6.58275652596816523E-03 2.02818405081846870E-01
1.04864678E+01 6.18050513395947826E-02 6.53904496507766962E-03 2.00367946488150928E-01
1.05157231E+01 6.15518815429217866E-02 6.49456046807094997E-03 1.97931114774393846E-01
1.05447742E+01 6.13039763946214289E-02 6.44889992919849518E-03 1.95477646318863246E-01
1.05740766E+01 6.10572726248826692E-02 6.40164338590367386E-03 1.92979465873729661E-01
1.06041045E+01 6.08077161086571991E-02 6.35230273181486803E-03 1.90408253342077616E-01
1.06346459E+01 6.05569881507843771E-02 6.30151033354324052E-03 1.87797335478243038E-01
1.06653460E+01 6.03077921437299366E-02 6.25016502741656578E-03 1.85194370038304801E-01
1.06952406E+01 6.00675515063295515E-02 6.20016827092102936E-03 1.82698043661044918E-01
1.07246732E+01 5.98330966752609050E-02 6.15121201540106202E-03 1.80292179878511399E-01
1.07539531E+01 5.96016762583679305E-02 6.10301411075486831E-03 1.77963958127387273E-01
1.07833685E+01 5.93708086588427761E-02 6.05530476137371935E-03 1.75704853406945832E-01
1.08131991E+01 5.91381684599687554E-02 6.00781531410130194E-03 1.73509326908617367E-01
1.08437273E+01 5.89014914764521072E-02 5.96026448312227987E-03 1.71374918228903161E-01
1.08752502E+01 5.86584889602711629E-02 5.91234314743733710E-03 1.69302495640430345E-01
1.09080907E+01 5.84067645302796881E-02 5.86370004480705250E-03 1.67296756444669348E-01
1.09426102E+01 5.81437311272445592E-02 5.81393055481018405E-03 1.65367054901379790E-01
1.09792205E+01 5.78665333292568626E-02 5.76257042864553731E-03 1.63528656994975069E-01
1.10169461E+01 5.75828105822469224E-02 5.71101139138361236E-03 1.61869655524610967E-01
1.10551838E+01 5.72972747941466951E-02 5.65999037624929924E-03 1.60435968389144867E-01
1.10946745E+01 5.70046407779115222E-02 5.60846776885615822E-03 1.59207737791268983E-01
1.11345765E+01 5.67113771763451333E-02 5.55745668057400655E-03 1.58226012380886960E-01
1.11748969E+01 5.64176009807450737E-02 5.50683459087534383E-03 1.57488240072764213E-01
1.12142107E+01 5.61336930100899342E-02 5.45822082723144888E-03 1.57008463730585357E-01
1.12512313E+01 5.58686611185611956E-02 5.41299991844799815E-03 1.56763524101172003E-01
1.12865455E+01 5.56179640465729874E-02 5.37033002092354456E-03 1.56711027998614194E-01
1.13206729E+01 5.53776642466929647E-02 5.32952726843796774E-03 1.56715945930426481E-01
1.13540795E+01 5.51443052780827767E-02 5.29000978093261461E-03 1.56964658775495092E-01
1.13871982E+01 5.49147589775428116E-02 5.25125825287654953E-03 1.57231218976150111E-01
1.14204521E+01 5.46860646362338915E-02 5.21278072200259766E-03 1.57620043364665452E-01
1.14542783E+01 5.44552650466923679E-02 5.17407878021449059E-03 1.58099024205794442E-01
1.14891552E+01 5.42192343751190381E-02 5.13461316704617084E-03 1.58673371236458055E-01
1.15256334E+01 5.39744893227890460E-02 5.09376618418238072E-03 1.59347224260783543E-01
1.15611137E+01 5.37385006979862676E-02 5.05435120369361265E-03 1.60072332931752798E-01
1.15955542E+01 5.35113876203640523E-02 5.01630231786526302E-03 1.60823102441760402E-01
1.16296425E+01 5.32885335436162483E-02 4.97878834979356179E-03 1.61593824579824241E-01
1.16639999E+01 5.30659133640492484E-02 4.94106879613545082E-03 1.62386248537293165E-01
1.16992565E+01 5.28395946134800204E-02 4.90238915106414909E-03 1.63203775074993007E-01
1.17361240E+01 5.26053089657058728E-02 4.86188622535923144E-03 1.64050104481869546E-01
1.17729635E+01 5.23736747623307908E-02 4.82122811350865071E-03 1.64878240254796082E-01
1.18079984E+01 5.21557302218209132E-02 4.78226395728382440E-03 1.65638144102843415E-01
1.18420900E+01 5.19459118229482208E-02 4.74401010155757561E-03 1.66336213523633841E-01
1.18759172E+01 5.17399511650297461E-02 4.70571681731410309E-03 1.66978982083899830E-01
1.19100891E+01 5.15341234532469272E-02 4.66674089433806363E-03 1.67570564524911980E-01
1.19452227E+01 5.13247615013894057E-02 4.62647014401620146E-03 1.68111609783154509E-01
1.19820136E+01 5.11078366166311665E-02 4.58425658517733637E-03 1.68599100621540654E-01
1.20213227E+01 5.08784882856156348E-02 4.53933614532534176E-03 1.69025312423494639E-01
1.20608642E+01 5.06500633918410548E-02 4.49452751580031555E-03 1.69353728252592678E-01
1.20993435E+01 5.04297816210919209E-02 4.45141425575294302E-03 1.69574438904641717E-01
1.21377580E+01 5.02117595053355806E-02 4.40895574729346668E-03 1.69696843067118880E-01
1.21770350E+01 4.99907608461232222E-02 4.36620295615461687E-03 1.69723986920818248E-01
1.22181993E+01 4.97612146862777549E-02 4.32213869390231722E-03 1.69697527040633234E-01
1.22602154E+01 4.95290555699347476E-02 4.27793592060340695E-03 1.69474806930186989E-01
1.23001117E+01 4.93105112267651011E-02 4.23665509519010729E-03 1.69287036407132163E-01
1.23381886E+01 4.91035972935824488E-02 4.19791430834223940E-03 1.69017252665735640E-01
1.23753643E+01 4.89030841512574851E-02 4.16077488713256349E-03 1.68726056752327325E-01
1.24123594E+01 4.87049428660390610E-02 4.12455410264667231E-03 1.68415651761754936E-01
1.24498244E+01 4.85056283048798248E-02 4.08867799458798205E-03 1.68098088119014666E-01
1.24884301E+01 4.83015992437638916E-02 4.05258761105273518E-03 1.67785269292927169E-01
1.25289586E+01 4.80888620239444259E-02 4.01565231670963137E-03 1.67493142663582950E-01
1.25724308E+01 4.78623640671186831E-02 3.97705814898824134E-03 1.67245155035381982E-01
1.26166685E+01 4.76337305439789513E-02 3.93870121801635342E-03 1.67096989816625324E-01
1.26608255E+01 4.74075004645845288E-02 3.90112810852118229E-03 1.67085276432169749E-01
1.27042081E+01 4.71873195553744601E-02 3.86470983048724497E-03 1.67197670958879885E-01
1.27470220E+01 4.69721992049286774E-02 3.82909111968526708E-03 1.67513776048728830E-01
1.27894734E+01 4.67611541486805740E-02 3.79396825285987149E-03 1.67968030399477997E-01
1.28317671E+01 4.65532078971137159E-02 3.75908182651191322E-03 1.68604594719480916E-01
1.28741055E+01 4.63474020322146157E-02 3.72421295065494514E-03 1.69422259701749983E-01
1.29166867E+01 4.61428044888148106E-02 3.68918187847420455E-03 1.70427041024038162E-01
1.29597037E+01 4.59385173985762951E-02 3.65384976122059115E-03 1.71623820864589632E-01
1.30021972E+01 4.57390106551813572E-02 3.61904284494593163E-03 1.72982794779861337E-01
1.30437264E+01 4.55461403281671451E-02 3.58518457828244878E-03 1.74470045511758459E-01
1.30844810E+01 4.53587933195347542E-02 3.55220237478577790E-03 1.76067802504326021E-01
1.31246646E+01 4.51758347341537289E-02 3.52001802701748176E-03 1.77764336527170469E-01
1.31644929E+01 4.49961169755211943E-02 3.48853940432272561E-03 1.79552099092345097E-01
1.32041944E+01 4.48184799673591525E-02 3.45765750116711068E-03 1.81426681541814239E-01
1.32440135E+01 4.46417409436671159E-02 3.42724609964697568E-03 1.83386610848366771E-01
1.32842139E+01 4.44646751639582519E-02 3.39716308789052030E-03 1.85433140540966268E-01
1.33250848E+01 4.42859896437906367E-02 3.36725258434547375E-03 1.87570050769208241E-01
1.33669474E+01 4.41042924913231868E-02 3.33734686481828224E-03 1.89803447911983558E-01
1.34080549E+01 4.39270990092305233E-02 3.30869751186382626E-03 1.92029708274018718E-01
1.34484990E+01 4.37538984505531220E-02 3.28120241940696184E-03 1.94237736004413658E-01
1.34885643E+01 4.35833943030163595E-02 3.25463784891611915E-03 1.96429948255658404E-01
1.35285199E+01 4.34143994944479750E-02 3.22879825649702258E-03 1.98610998767927122E-01
1.35686245E+01 4.32458119270853827E-02 3.20348912430672757E-03 2.00786248195067490E-01
1.36091298E+01 4.30765963035237703E-02 3.17852358071477655E-03 2.02961513638476421E-01
1.36502829E+01 4.29057720194927009E-02 3.15372138862715385E-03 2.05142968286572691E-01
1.36915052E+01 4.27357823473173831E-02 3.12938484448543495E-03 2.07294716680250679E-01
1.37322409E+01 4.25689180375720677E-02 3.10577342058659380E-03 2.09385430292612973E-01
1.37726778E+01 4.24044006847829752E-02 3.08271395243683161E-03 2.11424491383954805E-01
1.38130263E+01 4.22413818822918244E-02 3.06003456877749569E-03 2.13423328323914280E-01
1.38535213E+01 4.20789416013519352E-02 3.03755935000915751E-03 2.15395231710236779E-01
1.38944254E+01 4.19160817018060378E-02 3.01510402375375960E-03 2.17355240247904646E-01
1.39355577E+01 4.17535833683071109E-02 2.99272725264227444E-03 2.19297972923994805E-01
1.39756950E+01 4.15962758208442418E-02 2.97104160825492495E-03 2.21171148545456830E-01
1.40150912E+01 4.14431181544512861E-02 2.94986699469018936E-03 2.22993239586710773E-01
1.40539906E+01 4.12931364234456616E-02 2.92904531738400658E-03 2.24780927880382342E-01
1.40926300E+01 4.11454073905417814E-02 2.90843309220511917E-03 2.26550072410168502E-01
1.41312435E+01 4.09990437289172518E-02 2.88789631832603658E-03 2.28315842592929391E-01
1.41700666E+01 4.08531788402517748E-02 2.86730555766943071E-03 2.30093040272635135E-01
1.42093410E+01 4.07069513381469184E-02 2.84653123456026771E-03 2.31896395186736659E-01
1.42493194E+01 4.05594898077044769E-02 2.82543953542699171E-03 2.33740823188928831E-01
1.42902702E+01 4.04098989465287162E-02 2.80388921864453298E-03 2.35641618141796599E-01
1.43324815E+01 4.02572491354274836E-02 2.78172955255579770E-03 2.37614532245941146E-01
1.43756227E+01 4.01028485887387695E-02 2.75913131937874367E-03 2.39645527786693846E-01
1.44185442E+01 3.99508324344965138E-02 2.73668707341444056E-03 2.41680100170503676E-01
1.44614238E+01 3.98005395925066577E-02 2.71430020633978836E-03 2.43724311126089221E-01
1.45044630E+01 3.96512518368452374E-02 2.69186690198927039E-03 2.45783834576150495E-01
1.45478875E+01 3.95021920124319220E-02 2.66927336360065848E-03 2.47864825708458275E-01
1.45906566E+01 3.93568845043658772E-02 2.64706124473213780E-03 2.49911917331161665E-01
1.46329328E+01 3.92146860700302372E-02 2.62515382831232527E-03 2.51927229298147370E-01
1.46749112E+01 3.90748630736028821E-02 2.60346643377675586E-03 2.53913757101133064E-01
1.47167910E+01 3.89366842090469387E-02 2.58192140356215075E-03 2.55874692492174149E-01
1.47587772E+01 3.87994114314803157E-02 2.56044918809394517E-03 2.57813163910392162E-01
1.48010832E+01 3.86622901600539928E-02 2.53898908126543293E-03 2.59732179139374963E-01
1.48439332E+01 3.85245392741161777E-02 2.51748903718598425E-03 2.61634566290942505E-01
1.48875655E+01 3.83853420824279840E-02 2.49590432757170952E-03 2.63522902757595212E-01
1.49322363E+01 3.82438397681555131E-02 2.47419484981611969E-03 2.65399418666601161E-01
1.49661181E+01 3.81371085295780649E-02 2.45800028830785644E-03 2.66778610846374387E-01
1.50000000E+01 3.80308805954066784E-02 2.44208420641232838E-03 2.68123719118447124E-01
