# time.  MeanKEDR
0,07670    0,0004709
0,2441    0,0004751
0,4419    0,0004836
0,6397    0,0004920
0,8071    0,0005067
1,081    0,0005341
1,249    0,0005552
1,446    0,0005867
1,644    0,0006268
1,812    0,0006604
2,055    0,0007278
2,238    0,0007899
2,421    0,0008563
2,665    0,0009594
2,848    0,001046
3,015    0,001138
3,244    0,001286
3,419    0,001412
3,534    0,001507
3,702    0,001703
3,900    0,001929
4,053    0,002159
4,176    0,002374
4,277    0,002534
4,329    0,002678
4,421    0,002884
4,497    0,003042
4,574    0,003208
4,681    0,003459
4,788    0,003697
4,849    0,003781
4,926    0,003977
5,018    0,004122
5,094    0,004270
5,217    0,004486
5,400    0,004736
5,583    0,004956
5,767    0,005186
5,950    0,005434
6,088    0,005670
6,164    0,005752
6,226    0,005937
6,302    0,006118
6,363    0,006226
6,455    0,006463
6,517    0,006649
6,578    0,006769
6,670    0,006996
6,853    0,007203
6,991    0,007331
7,082    0,007470
7,190    0,007694
7,251    0,007881
7,312    0,008007
7,343    0,008171
7,404    0,008285
7,463    0,008506
7,543    0,008762
7,635    0,009040
7,681    0,009233
7,748    0,009382
7,819    0,009601
7,881    0,009830
7,973    0,01012
8,035    0,01038
8,127    0,01067
8,189    0,01091
8,296    0,01123
8,373    0,01146
8,450    0,01165
8,511    0,01178
8,557    0,01200
8,604    0,01222
8,650    0,01232
8,711    0,01256
8,879    0,01280
9,123    0,01277
9,228    0,01252
9,289    0,01244
9,319    0,01223
9,409    0,01195
9,560    0,01170
9,788    0,01149
10,02    0,01129
10,27    0,01115
10,41    0,01105
10,52    0,01091
10,65    0,01069
10,80    0,01045
10,97    0,01019
11,12    0,009937
11,24    0,009703
11,33    0,009561
11,41    0,009416
11,55    0,009179
11,70    0,008926
11,82    0,008708
11,91    0,008563
11,98    0,008430
12,12    0,008162
12,23    0,007917
12,33    0,007647
12,44    0,007386
12,54    0,007116
12,66    0,006861
12,82    0,006602
12,98    0,006376
13,21    0,006156
13,42    0,005962
13,67    0,005746
13,88    0,005548
14,11    0,005330
14,30    0,005110
14,50    0,004890
14,71    0,004658
14,89    0,004451

