#  time, MeanKE MeanKEDR MeanP
0 1.24699045417061311E-01 5.20780606989176462E-04 -1.14385921606686266E-17
2.94524311E-02 1.24677404548092563E-01 5.20756978086542137E-04 9.35582047480423579E-04
5.89828622E-02 1.24659979659651421E-01 5.20890276137405349E-04 9.24734686228006033E-04
8.85221650E-02 1.24643907876187274E-01 5.21161778166433763E-04 7.95902307137604436E-04
1.18073646E-01 1.24628215906484319E-01 5.21563146446488244E-04 6.10523115891981960E-04
1.47641039E-01 1.24612574732799963E-01 5.22088885525721306E-04 3.61211809863518215E-04
1.77228183E-01 1.24596870906502830E-01 5.22734596418948910E-04 4.80375632512768718E-05
2.06838908E-01 1.24581062953829494E-01 5.23497823873929086E-04 -3.28870087323609864E-04
2.36472412E-01 1.24565135910991789E-01 5.24377333853493486E-04 -7.68666537218124033E-04
2.66116669E-01 1.24549088949428968E-01 5.25372370335999901E-04 -1.27052401959421675E-03
2.95775606E-01 1.24532915447616993E-01 5.26482960354043134E-04 -1.83354997370970669E-03
3.25453082E-01 1.24516609706954162E-01 5.27709652645215010E-04 -2.45679480949817682E-03
3.55152871E-01 1.24500166341405302E-01 5.29053272618916080E-04 -3.13922215475949612E-03
3.84878650E-01 1.24483580072462435E-01 5.30514814165296972E-04 -3.87970081734329269E-03
4.14633986E-01 1.24466845662235648E-01 5.32095484504456094E-04 -4.67699970304392889E-03
4.44422327E-01 1.24449957891895446E-01 5.33796720094631611E-04 -5.52978220090615674E-03
4.74246987E-01 1.24432911555110576E-01 5.35620168445497240E-04 -6.43660017345888680E-03
5.04111137E-01 1.24415701457007907E-01 5.37567662940002127E-04 -7.39588764652206101E-03
5.34017795E-01 1.24398322415584101E-01 5.39641207110300798E-04 -8.40595427458625498E-03
5.63969817E-01 1.24380769264318444E-01 5.41842969618919722E-04 -9.46497865682459708E-03
5.93969891E-01 1.24363036855312109E-01 5.44175277529861221E-04 -1.05710015822667348E-02
6.24020523E-01 1.24345120062770237E-01 5.46640604485369567E-04 -1.17219192924721827E-02
6.54124037E-01 1.24327013786911925E-01 5.49241558975237308E-04 -1.29154768594253472E-02
6.84282567E-01 1.24308712958384929E-01 5.51980876462818755E-04 -1.41492617872063242E-02
7.14489574E-01 1.24290217700758446E-01 5.54860587421400486E-04 -1.54203444973752511E-02
7.44742662E-01 1.24271525677595709E-01 5.57883127824337173E-04 -1.67257685129753413E-02
7.75044144E-01 1.24252631655144219E-01 5.61051490420901608E-04 -1.80626119369719056E-02
8.05396133E-01 1.24233530449941870E-01 5.64368784178410454E-04 -1.94277904479723922E-02
8.35800539E-01 1.24214216924550661E-01 5.67838227617979566E-04 -2.08180485622241618E-02
8.66259062E-01 1.24194685989217429E-01 5.71463141889163640E-04 -2.22299566178099234E-02
8.96773194E-01 1.24174932605487814E-01 5.75246943723004434E-04 -2.36599088590484646E-02
9.27344210E-01 1.24154951790263049E-01 5.79193138271284378E-04 -2.51041227284953608E-02
9.57973174E-01 1.24134738619766732E-01 5.83305311788362923E-04 -2.65586395198230546E-02
9.88660935E-01 1.24114288233197104E-01 5.87587124096412383E-04 -2.80193265493515371E-02
1.01940813E+00 1.24093595835942441E-01 5.92042300773565106E-04 -2.94818809976455654E-02
1.05021517E+00 1.24072656702276407E-01 5.96674625021936388E-04 -3.09418355612405549E-02
1.08108228E+00 1.24051466177424893E-01 6.01487929214339421E-04 -3.23945660318131212E-02
1.11200945E+00 1.24030019678864678E-01 6.06486086167647934E-04 -3.38353008887001191E-02
1.14299648E+00 1.24008312696712281E-01 6.11673000223128885E-04 -3.52591329980788473E-02
1.17404298E+00 1.23986340793047989E-01 6.17052598230686655E-04 -3.66610335354979264E-02
1.20514834E+00 1.23964099600050073E-01 6.22628820567145986E-04 -3.80358682487407090E-02
1.23631179E+00 1.23941584816818287E-01 6.28405612406382724E-04 -3.93784160595995261E-02
1.26753236E+00 1.23918792204778458E-01 6.34386915618881733E-04 -4.06833899086377002E-02
1.29880890E+00 1.23895717581556333E-01 6.40576661878138141E-04 -4.19454597321424066E-02
1.33014012E+00 1.23872356813200066E-01 6.46978767684480531E-04 -4.31592774830789894E-02
1.36152456E+00 1.23848705804618389E-01 6.53597131901872247E-04 -4.43195040768842377E-02
1.39296062E+00 1.23824760488085842E-01 6.60435635858048846E-04 -4.54208380755839539E-02
1.42444656E+00 1.23800516809671649E-01 6.67498145061881654E-04 -4.64580458620894379E-02
1.45598054E+00 1.23775970713484812E-01 6.74788510460303317E-04 -4.74259930061981388E-02
1.48756060E+00 1.23751118123716974E-01 6.82310566506172259E-04 -4.83196764832093326E-02
1.51918469E+00 1.23725954924603379E-01 6.90068123659517475E-04 -4.91342573694298068E-02
1.55085068E+00 1.23700476938552101E-01 6.98064954597574032E-04 -4.98650936088326016E-02
1.58255640E+00 1.23674679902826115E-01 7.06304777374176904E-04 -5.05077724190191660E-02
1.61429962E+00 1.23648559445128980E-01 7.14791245953138384E-04 -5.10581543481411632E-02
1.64607808E+00 1.23622111058210998E-01 7.23527963386945048E-04 -5.15123395044190593E-02
1.67788953E+00 1.23595330072697532E-01 7.32518523184801942E-04 -5.18668323955242955E-02
1.70973173E+00 1.23568211627818017E-01 7.41766558953920515E-04 -5.21184167750574495E-02
1.74160246E+00 1.23540750638733252E-01 7.51275763742512083E-04 -5.22642718698351008E-02
1.77349956E+00 1.23512941761669520E-01 7.61049863082780237E-04 -5.23019629273376863E-02
1.80542094E+00 1.23484779358467536E-01 7.71092608133920740E-04 -5.22294790271960810E-02
1.83736461E+00 1.23456257460676705E-01 7.81407974357648731E-04 -5.20451896919751009E-02
1.86932866E+00 1.23427369726400157E-01 7.92000672148821471E-04 -5.17479579251821017E-02
1.90131136E+00 1.23398109376516130E-01 8.02875742525846784E-04 -5.13370405122758541E-02
1.93331107E+00 1.23368469136642442E-01 8.14036955264117886E-04 -5.08121554296263739E-02
1.96532638E+00 1.23338441237998822E-01 8.25487640244352183E-04 -5.01734588003715648E-02
1.99735601E+00 1.23308017412101706E-01 8.37231855367663765E-04 -4.94215432534267293E-02
2.02939894E+00 1.23277188843237878E-01 8.49274351104669116E-04 -4.85574286354284249E-02
2.06145433E+00 1.23245946108567761E-01 8.61620035333328718E-04 -4.75825492337034403E-02
2.09352160E+00 1.23214279135155036E-01 8.74273236062903013E-04 -4.64987379133958503E-02
2.12560042E+00 1.23182177191855341E-01 8.87238437379198009E-04 -4.53082076520350471E-02
2.15769072E+00 1.23149628863450475E-01 9.00536822060094217E-04 -4.40135306615101543E-02
2.18979272E+00 1.23116621268474710E-01 9.14166801063559780E-04 -4.26176141634636643E-02
2.22190693E+00 1.23083140781176020E-01 9.28130215135207059E-04 -4.11236736128439417E-02
2.25403414E+00 1.23049173141399848E-01 9.42433533404395856E-04 -3.95352108233420346E-02
2.28617547E+00 1.23014703294681491E-01 9.57084530150993933E-04 -3.78559851088741961E-02
2.31833234E+00 1.22979715298565190E-01 9.72091788857545273E-04 -3.60899846741813898E-02
2.35050651E+00 1.22944192270939986E-01 9.87475858689784887E-04 -3.42413987581043286E-02
2.38270003E+00 1.22908115706159948E-01 1.00326514741772726E-03 -3.23145943449727607E-02
2.41491528E+00 1.22871464631151381E-01 1.01945545289247250E-03 -3.03140828773509202E-02
2.44715497E+00 1.22834217280986160E-01 1.03605574833226044E-03 -2.82444834574835900E-02
2.47942211E+00 1.22796351015887928E-01 1.05308112763656471E-03 -2.61105231316968618E-02
2.51172002E+00 1.22757841961858002E-01 1.07054998065059769E-03 -2.39170058720123598E-02
2.54405235E+00 1.22718664709002431E-01 1.08848489093173921E-03 -2.16687901590989045E-02
2.57640657E+00 1.22678812422727060E-01 1.10690084035459740E-03 -1.93719190243322424E-02
2.60878576E+00 1.22638258113416429E-01 1.12581779563594199E-03 -1.70314614476582658E-02
2.64119363E+00 1.22596972379838604E-01 1.14525444330120050E-03 -1.46524345918027030E-02
2.67363423E+00 1.22554924058618619E-01 1.16523178306671116E-03 -1.22398142958298432E-02
2.70611187E+00 1.22512080187395955E-01 1.18577448875176162E-03 -9.79853388101699883E-03
2.73863117E+00 1.22468405698525740E-01 1.20690862842762442E-03 -7.33347275978873253E-03
2.77119701E+00 1.22423863331995814E-01 1.22866171942942796E-03 -4.84945855764006960E-03
2.80381455E+00 1.22378413653247642E-01 1.25106506332667788E-03 -2.35120053500608144E-03
2.83648917E+00 1.22332014739043607E-01 1.27415316694868240E-03 1.56590514431500019E-04
2.86922646E+00 1.22284621865829377E-01 1.29796522232067130E-03 2.66935017089464308E-03
2.90203226E+00 1.22236187045232522E-01 1.32255927350427463E-03 5.18257415786192201E-03
2.93491256E+00 1.22186656956110265E-01 1.34799920773687122E-03 7.69182792931108038E-03
2.96785817E+00 1.22135966226718268E-01 1.37427906559867423E-03 1.01948469722636676E-02
3.00086561E+00 1.22084089093517062E-01 1.40143560433796956E-03 1.26805950784964518E-02
3.03394115E+00 1.22030970819855644E-01 1.42951245931683649E-03 1.51478220230546919E-02
3.06709122E+00 1.21976549553286823E-01 1.45855910555184212E-03 1.75925636320961205E-02
3.10032243E+00 1.21920758541596896E-01 1.48862925264137418E-03 2.00109457683137863E-02
3.13364152E+00 1.21863526690421872E-01 1.51977828168335573E-03 2.23991939799010158E-02
3.16705533E+00 1.21804778700946928E-01 1.55206577818028566E-03 2.47536480109463060E-02
3.20057082E+00 1.21744434982486896E-01 1.58555693478267846E-03 2.70707485169492598E-02
3.23419502E+00 1.21682411396093662E-01 1.62032187678550128E-03 2.93470258803651338E-02
3.26793501E+00 1.21618618937562747E-01 1.65643614995429709E-03 3.15791008324955713E-02
3.30178038E+00 1.21552998117372718E-01 1.69396083915247385E-03 3.37625475652484075E-02
3.33572727E+00 1.21485474158095047E-01 1.73296837529896323E-03 3.58935872008750642E-02
3.36978319E+00 1.21415945067641348E-01 1.77355821000125288E-03 3.79693249869074573E-02
3.40395570E+00 1.21344302021407696E-01 1.81587086715817624E-03 3.99869450410194338E-02
3.43825236E+00 1.21270426828552672E-01 1.86002706910763736E-03 4.19436929908655748E-02
3.47268076E+00 1.21194192257973968E-01 1.90605037512159639E-03 4.38369878352148495E-02
3.50724845E+00 1.21115469906711806E-01 1.95403860044564542E-03 4.56644123764732845E-02
3.54196142E+00 1.21034131456664917E-01 2.00411158734932222E-03 4.74234852172918664E-02
3.57682083E+00 1.20950055071834053E-01 2.05640781359043949E-03 4.91115919541929152E-02
3.61182825E+00 1.20863112613398646E-01 2.11111249566645282E-03 5.07263038115087078E-02
3.64698258E+00 1.20773175861049256E-01 2.16841230407559087E-03 5.22652319647175720E-02
3.68228662E+00 1.20680099326123100E-01 2.22841895997000130E-03 5.37263408060077302E-02
3.71774375E+00 1.20583730500871372E-01 2.29119950722333522E-03 5.51077544422072726E-02
3.75326537E+00 1.20484177658929478E-01 2.35666265484486869E-03 5.64042666839325024E-02
3.78859029E+00 1.20382091972601260E-01 2.42437248449003722E-03 5.76059116543738148E-02
3.82375324E+00 1.20277320022132914E-01 2.49440969659556850E-03 5.87149669031775262E-02
3.85878399E+00 1.20169711490250200E-01 2.56684361154657387E-03 5.97338935618731692E-02
3.89370769E+00 1.20059122118306855E-01 2.64174795313899032E-03 6.06640416440103816E-02
3.92854527E+00 1.19945415090094376E-01 2.71929179756261446E-03 6.15068335181513798E-02
3.96331382E+00 1.19828460474539822E-01 2.79945820920139135E-03 6.22635284001637895E-02
3.99789105E+00 1.19708621016219929E-01 2.88179540030478057E-03 6.29324184616008309E-02
4.03223320E+00 1.19586033303873213E-01 2.96609167912380550E-03 6.35147676614051804E-02
4.06636874E+00 1.19460587463053811E-01 3.05229490828221603E-03 6.40134321545410140E-02
4.10032144E+00 1.19332184282339784E-01 3.14039307857294113E-03 6.44308451005976141E-02
4.13411109E+00 1.19200732554987698E-01 3.23038942845332334E-03 6.47692469780201813E-02
4.16775417E+00 1.19066145476093552E-01 3.32250784625014953E-03 6.50307778706843281E-02
4.20126464E+00 1.18928334842231698E-01 3.41698124473297036E-03 6.52175465678034444E-02
4.23465459E+00 1.18787209293885310E-01 3.51365448588308784E-03 6.53316013970331178E-02
4.26793501E+00 1.18642680171240855E-01 3.61213079278136862E-03 6.53801942431076338E-02
4.30111638E+00 1.18494664800855756E-01 3.71220358407355630E-03 6.53449137682033943E-02
4.33420929E+00 1.18343080360101285E-01 3.81388272324261271E-03 6.52607490602838403E-02
4.36722498E+00 1.18187834812530021E-01 3.91714019091911596E-03 6.51045752956250084E-02
4.40017580E+00 1.18028825036648743E-01 4.02186403751767906E-03 6.48884599429892656E-02
4.43307556E+00 1.17865937595100306E-01 4.12783626157521306E-03 6.46140246313338940E-02
4.46584872E+00 1.17699529130458613E-01 4.23463330822932554E-03 6.42852976237993229E-02
4.49829990E+00 1.17530652892531950E-01 4.34141941175260858E-03 6.39086351378542056E-02
4.53040686E+00 1.17359531490000057E-01 4.44822179275902816E-03 6.34902226627670069E-02
4.56202012E+00 1.17187112408683972E-01 4.55494399086144811E-03 6.30381256908048443E-02
4.59319609E+00 1.17013230544672567E-01 4.66084579425441771E-03 6.25586852922983688E-02
4.62399503E+00 1.16837689320798591E-01 4.76576425238458418E-03 6.20579602167015409E-02
4.65448000E+00 1.16660262842998713E-01 4.86961977976726936E-03 6.15420700880280128E-02
4.68471579E+00 1.16480696747412557E-01 4.97242503894374400E-03 6.10173467984730378E-02
4.71476789E+00 1.16298710400455543E-01 5.07485044826917493E-03 6.04904560850130779E-02
4.74470162E+00 1.16113990833916755E-01 5.17582414894340002E-03 5.99685051863542359E-02
4.77450713E+00 1.15926705789036175E-01 5.27501026158478260E-03 5.94606720144549433E-02
4.80410591E+00 1.15737470274773893E-01 5.37218373053437084E-03 5.89783436484599063E-02
4.83354300E+00 1.15546145584006305E-01 5.46806862259679571E-03 5.85291374184442395E-02
4.86285866E+00 1.15352570727877177E-01 5.56317495346564383E-03 5.81227187783100174E-02
4.89208964E+00 1.15156565198760844E-01 5.65710625567362926E-03 5.77688280516643685E-02
4.92127024E+00 1.14957943298057141E-01 5.74970819678266836E-03 5.74776941014613144E-02
4.95043322E+00 1.14756520561374531E-01 5.84122585593641400E-03 5.72599238856854459E-02
4.97961032E+00 1.14552110527336118E-01 5.93238343887413089E-03 5.71264810011022570E-02
5.00883256E+00 1.14344508090268179E-01 6.02349491306671415E-03 5.70972703480052551E-02
5.03813025E+00 1.14133489361493895E-01 6.11379934083147204E-03 5.71341831956653223E-02
5.06753269E+00 1.13918834043349085E-01 6.20275870930937258E-03 5.73559753471098790E-02
5.09706780E+00 1.13700330852874273E-01 6.29045857882962189E-03 5.76562760863964241E-02
5.12676168E+00 1.13477781291258475E-01 6.37752872142710332E-03 5.81105968343776022E-02
5.15663823E+00 1.13251000876764332E-01 6.46340105479376037E-03 5.87104182365197208E-02
5.18671880E+00 1.13019840942602895E-01 6.54672199210359646E-03 5.94658445256690607E-02
5.21702220E+00 1.12784212182739624E-01 6.62714313211167343E-03 6.03826259632049764E-02
5.24752915E+00 1.12544369429773361E-01 6.70560767383395623E-03 6.14636167587758533E-02
5.27797900E+00 1.12302526821163692E-01 6.78147787318575911E-03 6.26988498605394878E-02
5.30840253E+00 1.12058641656678601E-01 6.85305851471635329E-03 6.40822347280954885E-02
5.33882725E+00 1.11812731061694898E-01 6.91903872002017518E-03 6.56036415281265606E-02
5.36927748E+00 1.11564873009533563E-01 6.97919647363543123E-03 6.72549844632281679E-02
5.39977449E+00 1.11315174301774802E-01 7.03330799785006032E-03 6.90227138648774191E-02
5.43033668E+00 1.11063751108155750E-01 7.08161615558721477E-03 7.08927897404307422E-02
5.46086601E+00 1.10811643822063099E-01 7.12442877368563935E-03 7.28426121071951149E-02
5.49126506E+00 1.10559848579590239E-01 7.16158369780379826E-03 7.48476103932190218E-02
5.52155305E+00 1.10308360977187617E-01 7.19312370788817435E-03 7.68898321739103080E-02
5.55179001E+00 1.10056794555112539E-01 7.22017967280904390E-03 7.89551929280832704E-02
5.58203556E+00 1.09804706642196492E-01 7.24370557399003998E-03 8.10312147666700094E-02
5.61231260E+00 1.09551901373753993E-01 7.26703545437278400E-03 8.31043302751603152E-02
5.64224953E+00 1.09301385949921517E-01 7.29266289554707063E-03 8.51365591072486966E-02
5.67184332E+00 1.09053040617071703E-01 7.31913012711704267E-03 8.71165870204885784E-02
5.70115681E+00 1.08806181422506171E-01 7.34667201954958878E-03 8.90408288766800365E-02
5.73025074E+00 1.08560152879797839E-01 7.37480140755730849E-03 9.09078255978406913E-02
5.75918396E+00 1.08314331912858969E-01 7.40284702693596013E-03 9.27176370830875701E-02
5.78801390E+00 1.08068118789605108E-01 7.43085204426135841E-03 9.44719923388374350E-02
5.81679708E+00 1.07820925415374136E-01 7.45977898979429885E-03 9.61734509355078176E-02
5.84558979E+00 1.07572151401375743E-01 7.48994205432132465E-03 9.78285497502820317E-02
5.87444884E+00 1.07321176301101356E-01 7.52492317454030862E-03 9.94390574951134198E-02
5.90343232E+00 1.07067310337051066E-01 7.56065639523956744E-03 1.01012139003273022E-01
5.93260064E+00 1.06809869595907256E-01 7.59514777086058631E-03 1.02555322646158728E-01
5.96201741E+00 1.06548190488268690E-01 7.62714693264203956E-03 1.04075791885466867E-01
5.99175048E+00 1.06281619793173576E-01 7.65652466703569887E-03 1.05581314599189832E-01
6.02187317E+00 1.06009477523751616E-01 7.68629851392508938E-03 1.07079987060173742E-01
6.05246543E+00 1.05730946141665200E-01 7.72000394622899232E-03 1.08580541282749868E-01
6.08361527E+00 1.05445072756026895E-01 7.76278552914273605E-03 1.10091401420395654E-01
6.11542020E+00 1.05150757154156560E-01 7.81316646993066889E-03 1.11621488322605503E-01
6.14719444E+00 1.04854219978160190E-01 7.86638412516940319E-03 1.13145304434114968E-01
6.17895506E+00 1.04555380096080772E-01 7.92238876390533898E-03 1.14666997682769070E-01
6.21076387E+00 1.04253741545793518E-01 7.98179265719255009E-03 1.16192022556985894E-01
6.24269431E+00 1.03948658056420881E-01 8.04228067982238649E-03 1.17724842967323592E-01
6.27480533E+00 1.03639638966604095E-01 8.10293697069630961E-03 1.19268666305618040E-01
6.30706434E+00 1.03327095248050824E-01 8.16030888883532805E-03 1.20820861660647358E-01
6.33939073E+00 1.03012013144231279E-01 8.21376928555847020E-03 1.22375372522980072E-01
6.37160697E+00 1.02696373534332752E-01 8.26278411265670906E-03 1.23920401590647739E-01
6.40357109E+00 1.02381769447516494E-01 8.30650244501719703E-03 1.25444536070992735E-01
6.43535472E+00 1.02067713020510112E-01 8.34715433527501334E-03 1.26946086398959768E-01
6.46704218E+00 1.01753498171075110E-01 8.38589592632189157E-03 1.28423523468821826E-01
6.49873186E+00 1.01438208709383623E-01 8.42487821164487893E-03 1.29875606524957721E-01
6.53053765E+00 1.01120728165448565E-01 8.46905710962608631E-03 1.31301775153192551E-01
6.56259069E+00 1.00799622913329667E-01 8.51355336859050370E-03 1.32701693684003114E-01
6.59492093E+00 1.00474487371299159E-01 8.55291531736192268E-03 1.34070164940725656E-01
6.62725620E+00 1.00148111552448280E-01 8.58897838826055277E-03 1.35389604048907153E-01
6.65954642E+00 9.98210641930684650E-02 8.62442572517087627E-03 1.36652513308584883E-01
6.69189912E+00 9.94922459815729826E-02 8.65464298150802822E-03 1.37859008817189627E-01
6.72452479E+00 9.91596011836440999E-02 8.67882777490009034E-03 1.39013128338872499E-01
6.75734488E+00 9.88240405208807710E-02 8.69859789710866922E-03 1.40108775507175209E-01
6.78980030E+00 9.84913895899388880E-02 8.71740743444544483E-03 1.41127158831296257E-01
6.82211109E+00 9.81593561847966256E-02 8.73389164806667034E-03 1.42076473803393194E-01
6.85448629E+00 9.78255432982532286E-02 8.74669808621027223E-03 1.42964175293772422E-01
6.88712318E+00 9.74877322512233135E-02 8.75645363153312872E-03 1.43797615463561318E-01
6.91999602E+00 9.71461031423010019E-02 8.76395833582273819E-03 1.44578643120620881E-01
6.95301839E+00 9.68015409721952047E-02 8.77117632577685546E-03 1.45308388732300287E-01
6.98630837E+00 9.64528360013136438E-02 8.78125811794317791E-03 1.45993551440486286E-01
7.01987088E+00 9.60999351371579213E-02 8.79103626691693507E-03 1.46639531020255454E-01
7.05325577E+00 9.57476888686429883E-02 8.79881785957092877E-03 1.47244335058651810E-01
7.08679224E+00 9.53926941951946800E-02 8.80752228348166168E-03 1.47819371773704744E-01
7.12027853E+00 9.50369536033096596E-02 8.81586454787092709E-03 1.48369077519322462E-01
7.15366734E+00 9.46809351912446390E-02 8.82246336849296445E-03 1.48900942710960493E-01
7.18639183E+00 9.43307585239434032E-02 8.82463881370497069E-03 1.49415027561490860E-01
7.21882307E+00 9.39826235312426067E-02 8.82217537095017490E-03 1.49922073209932255E-01
7.25130075E+00 9.36328925093419390E-02 8.81745927232284281E-03 1.50433514791470213E-01
7.28414120E+00 9.32781985316435414E-02 8.81884922079746725E-03 1.50960364698273286E-01
7.31669942E+00 9.29253920731827471E-02 8.82329933180497905E-03 1.51502892677166989E-01
7.34869510E+00 9.25775019394257381E-02 8.82894851636202918E-03 1.52059773825226424E-01
7.38049399E+00 9.22306240478533712E-02 8.83394392803909384E-03 1.52640864051009267E-01
7.41242452E+00 9.18812823439111998E-02 8.83672986020493829E-03 1.53257631247256471E-01
7.44478791E+00 9.15263010052023429E-02 8.83551879057176831E-03 1.53921377583938729E-01
7.47716513E+00 9.11704349316605211E-02 8.82913967537066538E-03 1.54630940201923028E-01
7.50943161E+00 9.08152645452158791E-02 8.81952622802278756E-03 1.55386402841329263E-01
7.54175472E+00 9.04590784905469347E-02 8.80894136971700770E-03 1.56193179814155397E-01
7.57374471E+00 9.01062103424289246E-02 8.79662729987649994E-03 1.57045724585038210E-01
7.60542622E+00 8.97564245270375677E-02 8.78222599886715159E-03 1.57943980170577924E-01
7.63707305E+00 8.94067269861273523E-02 8.76677311076092675E-03 1.58894816341195927E-01
7.66895141E+00 8.90541714039663895E-02 8.75259056699745006E-03 1.59908121515730806E-01
7.69989975E+00 8.87115937561573364E-02 8.75018961840344847E-03 1.60955161282141407E-01
7.73014524E+00 8.83763595353206227E-02 8.74997118672424939E-03 1.62036502452164888E-01
7.76001444E+00 8.80447849451468506E-02 8.75052991144816862E-03 1.63157506295734583E-01
7.78979295E+00 8.77136639557175302E-02 8.75138896644426720E-03 1.64326835963073015E-01
7.81973621E+00 8.73801440220794146E-02 8.75363678672978936E-03 1.65553784687620581E-01
7.84943712E+00 8.70487551677828764E-02 8.76126658063770998E-03 1.66822778585113157E-01
7.87874448E+00 8.67210827765492742E-02 8.76798706818379160E-03 1.68122944497964666E-01
7.90797110E+00 8.63936847995145363E-02 8.77357200508229948E-03 1.69461850201500230E-01
7.93709473E+00 8.60669043707199266E-02 8.77931526545696998E-03 1.70835779682825817E-01
7.96553732E+00 8.57473415489942714E-02 8.78837743850182165E-03 1.72214988656216511E-01
7.99360603E+00 8.54315975505903907E-02 8.80217408937897065E-03 1.73604911532057371E-01
8.02157683E+00 8.51165732164019112E-02 8.82031165600358560E-03 1.75013057848083853E-01
8.04970491E+00 8.47993641226200690E-02 8.83985842270292727E-03 1.76448905461543404E-01
8.07823292E+00 8.44772132870545006E-02 8.85922803278450105E-03 1.77922580595964691E-01
8.10739531E+00 8.41474403291653933E-02 8.87643221561892556E-03 1.79444418063387845E-01
8.13738799E+00 8.38078095548877716E-02 8.88980020473581142E-03 1.81023017780676060E-01
8.16730278E+00 8.34686429244109046E-02 8.89996342066487825E-03 1.82613189997436753E-01
8.19740819E+00 8.31269571449280154E-02 8.90880234943641942E-03 1.84222672338632182E-01
8.22792060E+00 8.27803556464218881E-02 8.92024504790966954E-03 1.85858414815051415E-01
8.25891644E+00 8.24280109478904149E-02 8.93324557540614746E-03 1.87522036588073260E-01
8.29092253E+00 8.20639911850064435E-02 8.94182130786302584E-03 1.89237386548752246E-01
8.32287824E+00 8.17004785681711976E-02 8.93928351730389863E-03 1.90951207992953842E-01
8.35526694E+00 8.13322458480097155E-02 8.92725055690775024E-03 1.92682102379982206E-01
8.38821440E+00 8.09580857776006080E-02 8.90637501621431744E-03 1.94433220960718356E-01
8.42031245E+00 8.05941867016503749E-02 8.87686271235131955E-03 1.96133343807007893E-01
8.45223660E+00 8.02331756814700786E-02 8.84258678882649841E-03 1.97808182932286247E-01
8.48465051E+00 7.98677329117309237E-02 8.80676733724991730E-03 1.99486758527448960E-01
8.51829009E+00 7.94897493699355390E-02 8.76369806868255649E-03 2.01203572357623678E-01
8.55137311E+00 7.91194565125261234E-02 8.71484617245772177E-03 2.02873759907163442E-01
8.58404434E+00 7.87553130519193373E-02 8.66658965029900447E-03 2.04499294185164965E-01
8.61724012E+00 7.83868370093469408E-02 8.62028097558531319E-03 2.06119642893023425E-01
8.65200092E+00 7.80024664806645840E-02 8.57266555787270651E-03 2.07779395528310318E-01
8.68612845E+00 7.76264579926806003E-02 8.52186853702291761E-03 2.09380885718109200E-01
8.72042698E+00 7.72499958310945700E-02 8.47394076989592751E-03 2.10955123049745896E-01
8.75605298E+00 7.68603716646733687E-02 8.43154043977769295E-03 2.12548338695128541E-01
8.79200956E+00 7.64683187598006742E-02 8.39339137372510126E-03 2.14117835867198514E-01
8.82849535E+00 7.60715687740362301E-02 8.35462614223946368E-03 2.15667281956604284E-01
8.86551060E+00 7.56700861125376156E-02 8.30973802222115254E-03 2.17193030203738091E-01
8.90268525E+00 7.52679720211813230E-02 8.26269398092847537E-03 2.18676315001370691E-01
8.94000176E+00 7.48655127427427097E-02 8.22987574753052641E-03 2.20111294645796124E-01
8.97744969E+00 7.44625779742501825E-02 8.20175074108826091E-03 2.21493397120752056E-01
9.01468685E+00 7.40627540545567287E-02 8.17596388244029235E-03 2.22810152519079735E-01
9.05161768E+00 7.36670643996493457E-02 8.15028834763876185E-03 2.24056544609515157E-01
9.08850360E+00 7.32728002995595568E-02 8.12849595799779515E-03 2.25239303036600530E-01
9.12584102E+00 7.28747093214798525E-02 8.10588355538646894E-03 2.26369486752734744E-01
9.16191046E+00 7.24911462792970501E-02 8.08611579416416634E-03 2.27402468378514883E-01
9.19757812E+00 7.21129425076915548E-02 8.06925830142631549E-03 2.28362902554104935E-01
9.23358142E+00 7.17323646919153513E-02 8.04840288514239652E-03 2.29268810455879324E-01
9.27002822E+00 7.13484946366030465E-02 8.02124030677780521E-03 2.30121164117999738E-01
9.30596427E+00 7.09714115493381009E-02 7.98806031937413299E-03 2.30899679016840886E-01
9.34197736E+00 7.05950598892800957E-02 7.95488429624368817E-03 2.31619219744955501E-01
9.37819262E+00 7.02182325459356910E-02 7.92619865886642558E-03 2.32284021076263697E-01
9.41387748E+00 6.98484712590728557E-02 7.90045239982455072E-03 2.32886484899389373E-01
9.44943748E+00 6.94815318511783075E-02 7.87395649177331444E-03 2.33436601983312675E-01
9.48526163E+00 6.91135047899248123E-02 7.84539081477044625E-03 2.33942254789930332E-01
9.52172985E+00 6.87407162381538928E-02 7.81724666470938467E-03 2.34410647069715400E-01
9.55922263E+00 6.83595085745001274E-02 7.79378743888826248E-03 2.34846871769865878E-01
9.59704937E+00 6.79769575291422901E-02 7.76965522992474882E-03 2.35245446686324078E-01
9.63471297E+00 6.75981459278272717E-02 7.74154395159440574E-03 2.35603801908778360E-01
9.67248312E+00 6.72204934399820014E-02 7.71072341427741191E-03 2.35926521020821206E-01
9.71062727E+00 6.68415421268915011E-02 7.68140349505258817E-03 2.36217122583063405E-01
9.74866235E+00 6.64661917579190131E-02 7.65332382569729446E-03 2.36473309268197485E-01
9.78638143E+00 6.60965652574549561E-02 7.62450669800685769E-03 2.36693940591133689E-01
9.82399236E+00 6.57306940066064022E-02 7.59285138353653702E-03 2.36879724860370178E-01
9.86169498E+00 6.53667331525878276E-02 7.55411947990997264E-03 2.37029527491087688E-01
9.89971804E+00 6.50026855831748601E-02 7.50951006012480059E-03 2.37140958077859482E-01
9.93776741E+00 6.46416107530379813E-02 7.46514485153662328E-03 2.37209684704000168E-01
9.97567404E+00 6.42852232615032798E-02 7.42208234423109587E-03 2.37228163632717787E-01
1.00132006E+01 6.39357543481905433E-02 7.37661253476941305E-03 2.37221205294317755E-01
1.00502940E+01 6.35936820258825031E-02 7.32864344179544151E-03 2.37111841742389473E-01
1.00873655E+01 6.32552456567205268E-02 7.27732689649588510E-03 2.36964355541732313E-01
1.01248066E+01 6.29169904281588893E-02 7.22142695959859283E-03 2.36751865957040231E-01
1.01630042E+01 6.25756576114986640E-02 7.16033938885504880E-03 2.36460093367249519E-01
1.02014044E+01 6.22363919210628183E-02 7.10005648485533426E-03 2.36085842128786250E-01
1.02399197E+01 6.18999704431644690E-02 7.04290733951162557E-03 2.35625861208001219E-01
1.02789913E+01 6.15624884397617117E-02 6.98568921172569926E-03 2.35071572826021397E-01
1.03184033E+01 6.12257496476065616E-02 6.92687624944998605E-03 2.34424166828198999E-01
1.03585567E+01 6.08863217722306477E-02 6.86615384448308053E-03 2.33673849052488336E-01
1.03994599E+01 6.05441995946010836E-02 6.80326504105693061E-03 2.32815262035727666E-01
1.04407760E+01 6.02022880344001976E-02 6.73893013032547238E-03 2.31853280445177057E-01
1.04819874E+01 5.98648974302525769E-02 6.67342159619420047E-03 2.30801011589543470E-01
1.05235461E+01 5.95283799247891959E-02 6.60793682116860275E-03 2.29649069275041751E-01
1.05658897E+01 5.91892772963685046E-02 6.54158990203001448E-03 2.28385344167151033E-01
1.06087940E+01 5.88494459493447211E-02 6.47779626122968293E-03 2.27016091718079432E-01
1.06523227E+01 5.85083133373100819E-02 6.41577701025825183E-03 2.25539789768311294E-01
1.06963306E+01 5.81669554198040589E-02 6.35672483698477599E-03 2.23961223007320992E-01
1.07409857E+01 5.78240294635496144E-02 6.29655452313336670E-03 2.22273808781582344E-01
1.07863562E+01 5.74790700916717745E-02 6.23518014387792335E-03 2.20473852835819106E-01
1.08321580E+01 5.71342974151684904E-02 6.17357898834616781E-03 2.18571953772877831E-01
1.08777258E+01 5.67946188750214007E-02 6.11344690150154076E-03 2.16598450327618569E-01
1.09233142E+01 5.64580200291489517E-02 6.05729273548783441E-03 2.14542731898710509E-01
1.09691882E+01 5.61224518900903455E-02 6.00312560832554423E-03 2.12390199564815668E-01
1.10152586E+01 5.57884168682853607E-02 5.95050303474949777E-03 2.10144224365728799E-01
1.10612236E+01 5.54579485746060710E-02 5.89812873653966941E-03 2.07819687084283056E-01
1.11074489E+01 5.51284216673184890E-02 5.84602750913226256E-03 2.05399262247679598E-01
1.11542899E+01 5.47974177662715195E-02 5.79595280751175369E-03 2.02866155464014680E-01
1.12013586E+01 5.44678029718541276E-02 5.75017669050954805E-03 2.00246546926772628E-01
1.12485921E+01 5.41400662850673522E-02 5.70736104086397820E-03 1.97552866814179440E-01
1.12963031E+01 5.38120803969790382E-02 5.66548918729796198E-03 1.94779000941180946E-01
1.13448073E+01 5.34818054356065720E-02 5.62388133998936116E-03 1.91922627848379185E-01
1.13940526E+01 5.31496947014263865E-02 5.58115639953110209E-03 1.89008724041839965E-01
1.14425349E+01 5.28257886716930747E-02 5.53698493360200907E-03 1.86154818316831616E-01
1.14907196E+01 5.25068478679941858E-02 5.49256632533626568E-03 1.83358682148727470E-01
1.15391033E+01 5.21895332547274368E-02 5.44975778591956853E-03 1.80618472948378517E-01
1.15878000E+01 5.18730214408511109E-02 5.40667543119969802E-03 1.77965132769383971E-01
1.16362280E+01 5.15609939387776176E-02 5.36398517289232105E-03 1.75471241959676394E-01
1.16845274E+01 5.12524098827376526E-02 5.32121162987795725E-03 1.73165231973577305E-01
1.17328678E+01 5.09460967146784863E-02 5.27742960041628975E-03 1.71074141035512911E-01
1.17814373E+01 5.06408729458106902E-02 5.23230867571414324E-03 1.69227627022016963E-01
1.18304334E+01 5.03355987028324056E-02 5.18639155820443606E-03 1.67658953367312902E-01
1.18800558E+01 5.00291184327022048E-02 5.14049635883472109E-03 1.66408022737321054E-01
1.19305023E+01 4.97202734807462438E-02 5.09436768209885725E-03 1.65516893576843349E-01
1.19806726E+01 4.94157575006010791E-02 5.04658293160320428E-03 1.65041674659867466E-01
1.20299160E+01 4.91194264072647852E-02 5.00000075312879901E-03 1.64987878896343282E-01
1.20788420E+01 4.88275626335003196E-02 4.95339156128707814E-03 1.65318382355371801E-01
1.21280018E+01 4.85369342954857924E-02 4.90435561372086319E-03 1.66057457768333638E-01
1.21779104E+01 4.82446318968574664E-02 4.85280414211402156E-03 1.67178733991545619E-01
1.22290452E+01 4.79480838422679384E-02 4.79825957889001235E-03 1.68707251861950153E-01
1.22797062E+01 4.76572591912291579E-02 4.74332692152654514E-03 1.70575507128018888E-01
1.23304450E+01 4.73690192981171335E-02 4.68951505007093872E-03 1.72746264828624901E-01
1.23817760E+01 4.70805112724769562E-02 4.63823975235370077E-03 1.75192059510495324E-01
1.24341955E+01 4.67890234564104779E-02 4.58931532543915659E-03 1.77891942170958883E-01
1.24876279E+01 4.64950179899915467E-02 4.54281532429422468E-03 1.80792151214559854E-01
1.25415365E+01 4.62014000717515458E-02 4.49827200407601838E-03 1.83802314161286673E-01
1.25947129E+01 4.59145648378118942E-02 4.45407794626741845E-03 1.86791380651808975E-01
1.26473729E+01 4.56331891238604057E-02 4.40897805589839618E-03 1.89708712901533794E-01
1.26996759E+01 4.53563402823923198E-02 4.36273501754579508E-03 1.92515288282676056E-01
1.27512258E+01 4.50860263792015256E-02 4.31587882351445323E-03 1.95156192325511013E-01
1.28020800E+01 4.48218528798486823E-02 4.26961344742669661E-03 1.97609986740304833E-01
1.28524273E+01 4.45627168625042300E-02 4.22466589603339489E-03 1.99872547649916465E-01
1.29024531E+01 4.43075600159657870E-02 4.18159414204943153E-03 2.01946200655740538E-01
1.29523396E+01 4.40553943682129856E-02 4.14040059266835517E-03 2.03839271812502776E-01
1.30020814E+01 4.38062280053961237E-02 4.09960014020362661E-03 2.05553534668609095E-01
1.30512757E+01 4.35620742948374245E-02 4.05898329152332409E-03 2.07084595717452691E-01
1.31000921E+01 4.33220750940242066E-02 4.01850117961206205E-03 2.08453381438694407E-01
1.31486961E+01 4.30854114357381926E-02 3.97801836825910620E-03 2.09677514296091078E-01
1.31972496E+01 4.28512986729904996E-02 3.93760305848200182E-03 2.10775849188207021E-01
1.32459115E+01 4.26189726166073743E-02 3.89817676912792340E-03 2.11766484535079291E-01
1.32946077E+01 4.23887460792943468E-02 3.85978599409197770E-03 2.12664780743503673E-01
1.33430179E+01 4.21620594242522184E-02 3.82196615503445705E-03 2.13481074551320621E-01
1.33912852E+01 4.19381902474593241E-02 3.78478484400174417E-03 2.14233915086588594E-01
1.34395476E+01 4.17164766152629957E-02 3.74738944535867946E-03 2.14940960027886985E-01
1.34879390E+01 4.14963300601626853E-02 3.70995422887923946E-03 2.15618358722484610E-01
1.35365892E+01 4.12771908877517524E-02 3.67338235810174508E-03 2.16280640223652343E-01
1.35852800E+01 4.10600184397319282E-02 3.63759405992916500E-03 2.16938368595989667E-01
1.36339765E+01 4.08449208235250466E-02 3.60259642269748813E-03 2.17604535113732150E-01
1.36822979E+01 4.06335003496939851E-02 3.56911720422092545E-03 2.18287044376109046E-01
1.37303786E+01 4.04250624637638237E-02 3.53669878358533812E-03 2.18999524837250492E-01
1.37783509E+01 4.02189571941722612E-02 3.50430208059055717E-03 2.19752510002670459E-01
1.38263453E+01 4.00145994553979187E-02 3.47211806417946009E-03 2.20555527298470722E-01
1.38744891E+01 3.98114367806498975E-02 3.44047614359852373E-03 2.21418154322690436E-01
1.39229070E+01 3.96089414674026669E-02 3.40933687397591660E-03 2.22350024842553895E-01
1.39713092E+01 3.94083170570293725E-02 3.37917835807056022E-03 2.23350637264968899E-01
1.40195670E+01 3.92100641469331421E-02 3.34979135800108491E-03 2.24422861164217669E-01
1.40678004E+01 3.90136729613798569E-02 3.32150729427097349E-03 2.25570773069550451E-01
1.41161286E+01 3.88186559486576738E-02 3.29443537009184830E-03 2.26798810971511888E-01
1.41646698E+01 3.86245282773014370E-02 3.26707549086085276E-03 2.28110928137609997E-01
1.42135399E+01 3.84308552731968539E-02 3.23955840968763583E-03 2.29510679406181750E-01
1.42627098E+01 3.82377871033854136E-02 3.21121960287991870E-03 2.30996534701348039E-01
1.43119030E+01 3.80464427383469736E-02 3.18282063556642875E-03 2.32557713266558302E-01
1.43610105E+01 3.78572428740790515E-02 3.15474202880076634E-03 2.34186527754525531E-01
1.44101055E+01 3.76698832239773310E-02 3.12667697940941956E-03 2.35878582325524416E-01
1.44591344E+01 3.74845473125753337E-02 3.09864431705488387E-03 2.37626374140733093E-01
1.45079700E+01 3.73016915490306383E-02 3.07062143384677485E-03 2.39418634842693628E-01
1.45566849E+01 3.71210159979642046E-02 3.04253212867746552E-03 2.41250425227394483E-01
1.46053560E+01 3.69422193450928277E-02 3.01523308343399710E-03 2.43117011805296657E-01
1.46540633E+01 3.67649794228766327E-02 2.98809283115180659E-03 2.45014317084767119E-01
1.47028889E+01 3.65889928908782192E-02 2.96065274505434312E-03 2.46938665100332189E-01
1.47519157E+01 3.64139834067110438E-02 2.93287351868778533E-03 2.48886497989128319E-01
1.48010333E+01 3.62403727153372546E-02 2.90555819193376568E-03 2.50846339326536216E-01
1.48501507E+01 3.60684754783558506E-02 2.87789202702415500E-03 2.52806840372291064E-01
1.48993505E+01 3.58980172069894299E-02 2.84965296026885992E-03 2.54763719101895825E-01
1.49485119E+01 3.57294383392151652E-02 2.82104943290491022E-03 2.56704835442620016E-01
1.49742560E+01 3.56418597549312197E-02 2.80598509648172061E-03 2.57719412904188427E-01
1.50000000E+01 3.55547721448059850E-02 2.79092678833580028E-03 2.58723433245360679E-01
