#  time, MeanKE MeanKEDR MeanP MeanNuT MeanLesProduction
0 1.24699045417061311E-01 7.67425466204941912E-04 -1.14385921606686266E-17 3.23295370284709281E-04 2.99802718128343358E-04
2.94524311E-02 1.24671293654038021E-01 7.67445510078338788E-04 9.46628079578990238E-04 3.23545913607074982E-04 2.99884816064942771E-04
5.89836413E-02 1.24647739687294312E-01 7.67878472869970661E-04 9.52303581334278614E-04 3.24201789293228468E-04 3.00279649118344500E-04
8.85245137E-02 1.24625526616425911E-01 7.68667658479138408E-04 8.35169871576577592E-04 3.25177802670883272E-04 3.00941164157357728E-04
1.18078374E-01 1.24603673919098226E-01 7.69782218724171692E-04 6.61685076527253140E-04 3.26421889091764699E-04 3.01842023631237999E-04
1.47648983E-01 1.24581845824187160E-01 7.71197156965522119E-04 4.24737268833878562E-04 3.27874577207279015E-04 3.02958218722851769E-04
1.77240215E-01 1.24559922787387548E-01 7.72888937532617841E-04 1.24265379971040746E-04 3.29487204891033066E-04 3.04266285509912022E-04
2.06855941E-01 1.24537857930078863E-01 7.74842408186880542E-04 -2.39189747267478368E-04 3.31231366407275859E-04 3.05750767049659390E-04
2.36494953E-01 1.24515632743512017E-01 7.77048337912320431E-04 -6.64994979940316416E-04 3.33088088815712698E-04 3.07402034160753567E-04
2.66145527E-01 1.24493245126182525E-01 7.79501433506616932E-04 -1.15215180721799592E-03 3.35042769378946208E-04 3.09214561663493585E-04
2.95811629E-01 1.24470684271914447E-01 7.82198886917702266E-04 -1.69971866625456217E-03 3.37083163268415346E-04 3.11184969528912063E-04
3.25497164E-01 1.24447940474807062E-01 7.85140057808071082E-04 -2.30668646029085368E-03 3.39199851954681704E-04 3.13311940489578397E-04
3.55205961E-01 1.24425004453783780E-01 7.88325859609741771E-04 -2.97196199297988187E-03 3.41385702810451748E-04 3.15595610322540665E-04
3.84941756E-01 1.24401867095784699E-01 7.91757744570383026E-04 -3.69435955847166164E-03 3.43634647815591206E-04 3.18036555803635160E-04
4.14708176E-01 1.24378519364839998E-01 7.95437677137846087E-04 -4.47259542272929883E-03 3.45941498202167455E-04 3.20635770600467384E-04
4.44508726E-01 1.24354952267804922E-01 7.99368356118068798E-04 -5.30528181975987393E-03 3.48302048854332133E-04 3.23394889941983293E-04
4.74346777E-01 1.24331156833794462E-01 8.03553223434873070E-04 -6.19092064474977000E-03 3.50713017992537366E-04 3.26316202055134286E-04
5.04225548E-01 1.24307124097999822E-01 8.07996377579271946E-04 -7.12789688202740586E-03 3.53171940752269485E-04 3.29402564484547336E-04
5.34148101E-01 1.24282845088874827E-01 8.12702461787003384E-04 -8.11447185426518967E-03 3.55677067618874790E-04 3.32657295326216156E-04
5.64117327E-01 1.24258310818779305E-01 8.17676595021492184E-04 -9.14877638852404883E-03 3.58227303516603368E-04 3.36084107438161560E-04
5.94135940E-01 1.24233512276972255E-01 8.22924361256668403E-04 -1.02288039833884660E-02 3.60822075116014058E-04 3.39687101112145107E-04
6.24206470E-01 1.24208440423305477E-01 8.28451803063874961E-04 -1.13524040745886408E-02 3.63460913580140811E-04 3.43470761204608369E-04
6.54331253E-01 1.24183086182480515E-01 8.34265389417754820E-04 -1.25172755229549931E-02 3.66142928603375420E-04 3.47439928637590550E-04
6.84512433E-01 1.24157440439972219E-01 8.40371968404260341E-04 -1.37209604463085898E-02 3.68866753911560705E-04 3.51599756962676750E-04
7.14741362E-01 1.24131503088536085E-01 8.46776429681068868E-04 -1.49604083413858620E-02 3.71630016912260727E-04 3.55954115050587507E-04
7.45017746E-01 1.24105266923433960E-01 8.53485494930692964E-04 -1.62327047750210167E-02 3.74431457053051107E-04 3.60508165170918336E-04
7.75343930E-01 1.24078722319607621E-01 8.60506760833201594E-04 -1.75348917704089835E-02 3.77270555870117918E-04 3.65267704560537094E-04
8.05722049E-01 1.24051859607855794E-01 8.67848130942216653E-04 -1.88638491030759248E-02 3.80147248697805301E-04 3.70238780320898556E-04
8.36154033E-01 1.24024669064606199E-01 8.75517806199344831E-04 -2.02162877832770017E-02 3.83061860299796920E-04 3.75427684791876316E-04
8.66641597E-01 1.23997140907139258E-01 8.83524271321583046E-04 -2.15887475580271368E-02 3.86015048513887538E-04 3.80840946958984228E-04
8.97186239E-01 1.23969265290431077E-01 8.91876277981087148E-04 -2.29775955624030512E-02 3.89007752787978679E-04 3.86485320815141051E-04
9.27789245E-01 1.23941032304356755E-01 9.00582826215713173E-04 -2.43790262536631962E-02 3.92041131575518150E-04 3.92367772115313274E-04
9.58451684E-01 1.23912431970910689E-01 9.09653144951471900E-04 -2.57890627681377285E-02 3.95116475175799143E-04 3.98495464405893745E-04
9.89174412E-01 1.23883454241429922E-01 9.19096671884387208E-04 -2.72035598427208362E-02 3.98235099293169699E-04 4.04875744579557043E-04
1.01995808E+00 1.23854088993952158E-01 9.28923032579038977E-04 -2.86182084350835864E-02 4.01398252019360209E-04 4.11516127819535618E-04
1.05080311E+00 1.23824326030823287E-01 9.39142018547589152E-04 -3.00285421671795533E-02 4.04607075405807870E-04 4.18424281706191662E-04
1.08170975E+00 1.23794155076537710E-01 9.49763564232463113E-04 -3.14299456966308857E-02 4.07862632810345404E-04 4.25608009417078237E-04
1.11267801E+00 1.23763565775581896E-01 9.60797723071812383E-04 -3.28176650914724366E-02 4.11165971219690620E-04 4.33075232201014218E-04
1.14370775E+00 1.23732547689947167E-01 9.72254643007040712E-04 -3.41868202741650654E-02 4.14518176244009192E-04 4.40833971476499247E-04
1.17479859E+00 1.23701090295985250E-01 9.84144541881370018E-04 -3.55324196053000280E-02 4.17920397475377979E-04 4.48892330983272634E-04
1.20594999E+00 1.23669182980392034E-01 9.96477683319496425E-04 -3.68493766776013879E-02 4.21373844458161606E-04 4.57258479547693376E-04
1.23716121E+00 1.23636815035150116E-01 1.00926435402612456E-03 -3.81325293406283225E-02 4.24879763298081881E-04 4.65940635362467527E-04
1.26843136E+00 1.23603975651284601E-01 1.02251484402930454E-03 -3.93766608913940844E-02 4.28439404704502192E-04 4.74947053262164513E-04
1.29975936E+00 1.23570653911238462E-01 1.03623943203857462E-03 -4.05765233149244647E-02 4.32053992689549436E-04 4.84286017112516866E-04
1.33114399E+00 1.23536838779571778E-01 1.05044837832107395E-03 -4.17268624460307713E-02 4.35724701400202748E-04 4.93965839657360749E-04
1.36258385E+00 1.23502519091594098E-01 1.06515192663854960E-03 -4.28224449025790474E-02 4.39452644773920189E-04 5.03994871299846088E-04
1.39407742E+00 1.23467683539406237E-01 1.08036031425350109E-03 -4.38580865911776460E-02 4.43238878971869289E-04 5.14381516754115254E-04
1.42562307E+00 1.23432320654824679E-01 1.09608378485288979E-03 -4.48286825299042957E-02 4.47084411490660221E-04 5.25134254338374489E-04
1.45721903E+00 1.23396418788818296E-01 1.11233259455942291E-03 -4.57292376804089573E-02 4.50990205568444771E-04 5.36261647996122371E-04
1.48886342E+00 1.23359966087499107E-01 1.12911699815042049E-03 -4.65548984452415909E-02 4.54957166425801174E-04 5.47772339074731156E-04
1.52055430E+00 1.23322950465393738E-01 1.14644720434103702E-03 -4.73009844532493381E-02 4.58986099237856525E-04 5.59675006616927964E-04
1.55228964E+00 1.23285359577508760E-01 1.16433330041012129E-03 -4.79630202356386218E-02 4.63077640179451711E-04 5.71978296330362380E-04
1.58406737E+00 1.23247180792203953E-01 1.18278517183586520E-03 -4.85367663751449033E-02 4.67232182703513873E-04 5.84690743780475375E-04
1.61588538E+00 1.23208401166397183E-01 1.20181247253008431E-03 -4.90182496859903338E-02 4.71449841997263503E-04 5.97820747279036819E-04
1.64774153E+00 1.23169007422542359E-01 1.22142470354109521E-03 -4.94037919419790944E-02 4.75730497435184461E-04 6.11376648253935838E-04
1.67963370E+00 1.23128985923799825E-01 1.24163140803037358E-03 -4.96900365663152446E-02 4.80073912197499526E-04 6.25366926876867930E-04
1.71155978E+00 1.23088322642036091E-01 1.26244241331074252E-03 -4.98739984323380223E-02 4.84479874877531268E-04 6.39800443757476342E-04
1.74351770E+00 1.23047003114868561E-01 1.28386801824856072E-03 -4.99529654918154861E-02 4.88948291593016343E-04 6.54686626030472822E-04
1.77550547E+00 1.23005012391709023E-01 1.30591913272921369E-03 -4.99247678046118928E-02 4.93479239857104349E-04 6.70035604511949536E-04
1.80752115E+00 1.22962334970850434E-01 1.32860767807910967E-03 -4.97874947765017464E-02 4.98073199363153400E-04 6.85858610769759006E-04
1.83956292E+00 1.22918954714493128E-01 1.35194768492306254E-03 -4.95397472240170569E-02 5.02731721197637385E-04 7.02169070776446219E-04
1.87162909E+00 1.22874854703173261E-01 1.37595565225426069E-03 -4.91804882281438940E-02 5.07457477260648865E-04 7.18982959642269575E-04
1.90371809E+00 1.22830017043699904E-01 1.40064667834164584E-03 -4.87091355300270160E-02 5.12251433699705406E-04 7.36314928027092521E-04
1.93582851E+00 1.22784422840448271E-01 1.42603248468690350E-03 -4.81255281647136185E-02 5.17111478608428174E-04 7.54176317799029020E-04
1.96795914E+00 1.22738052335241335E-01 1.45212610719454792E-03 -4.74299333585517166E-02 5.22035386273160605E-04 7.72579840472330313E-04
2.00010894E+00 1.22690884899330943E-01 1.47894304006235613E-03 -4.66230384310245549E-02 5.27021734196175557E-04 7.91540709573436006E-04
2.03227709E+00 1.22642898913331147E-01 1.50649670439855594E-03 -4.57059402499531905E-02 5.32067901713814619E-04 8.11072098802404005E-04
2.06446299E+00 1.22594071813266717E-01 1.53479872278130636E-03 -4.46801338563044964E-02 5.37170108524974172E-04 8.31185401699101518E-04
2.09666627E+00 1.22544380204729103E-01 1.56386154195181995E-03 -4.35474956604730082E-02 5.42324429924431295E-04 8.51892836360984844E-04
2.12888685E+00 1.22493799914025411E-01 1.59371060669982333E-03 -4.23102632215690763E-02 5.47535098463411939E-04 8.73219600881987670E-04
2.16112486E+00 1.22442305269496218E-01 1.62441186699526820E-03 -4.09710111917999040E-02 5.52832758899442266E-04 8.95231377229901417E-04
2.19338076E+00 1.22389866082919213E-01 1.65596892570656767E-03 -3.95326137022887075E-02 5.58204412282453481E-04 9.17931528471340342E-04
2.22565526E+00 1.22336450578679243E-01 1.68837854637188495E-03 -3.79982450730559640E-02 5.63631168342368025E-04 9.41316528931240479E-04
2.25794936E+00 1.22282026961071946E-01 1.72165391226009154E-03 -3.63713564733102387E-02 5.69103767880628606E-04 9.65399166718656165E-04
2.29026438E+00 1.22226563034924421E-01 1.75581464695626945E-03 -3.46556407799166119E-02 5.74615764218689524E-04 9.90198548385997496E-04
2.32260194E+00 1.22170025837566323E-01 1.79088584000738579E-03 -3.28550046617014924E-02 5.80162442562068975E-04 1.01573910911016414E-03
2.35496394E+00 1.22112381369102130E-01 1.82691064088208975E-03 -3.09735421897380479E-02 5.85750634593227800E-04 1.04206318970272204E-03
2.38735262E+00 1.22053593233486093E-01 1.86396572839191664E-03 -2.90155098181522943E-02 5.91409087278846682E-04 1.06924651962244082E-03
2.41977050E+00 1.21993619141294876E-01 1.90209719018653704E-03 -2.69852932415894781E-02 5.97144649235548867E-04 1.09733417537516420E-03
2.45222043E+00 1.21932412027896828E-01 1.94132619420938593E-03 -2.48873590781638794E-02 6.02950063379494895E-04 1.12634620918053755E-03
2.48470554E+00 1.21869922465223990E-01 1.98167382385281126E-03 -2.27262544803282958E-02 6.08806835913186040E-04 1.15630239493101053E-03
2.51722925E+00 1.21806100460762443E-01 2.02317990013809509E-03 -2.05065994521839538E-02 6.14709976367152234E-04 1.18724097466309806E-03
2.54979216E+00 1.21740900742127484E-01 2.06588298081921383E-03 -1.82332809085767669E-02 6.20646611094365628E-04 1.21919969677323548E-03
2.58238519E+00 1.21674297883397717E-01 2.10982457053240490E-03 -1.59119424895783172E-02 6.26617323365165585E-04 1.25222238701756545E-03
2.61501182E+00 1.21606239699542720E-01 2.15506399516000044E-03 -1.35473856796016531E-02 6.32623739301857381E-04 1.28636646948519307E-03
2.64767587E+00 1.21536670623402829E-01 2.20166517109940396E-03 -1.11444402821334644E-02 6.38672653786891121E-04 1.32169370045737491E-03
2.68038143E+00 1.21465530940731731E-01 2.24968790956626497E-03 -8.70782691767805345E-03 6.44756919965001332E-04 1.35826147575242133E-03
2.71313288E+00 1.21392757580770158E-01 2.29919284856885649E-03 -6.24222483803426979E-03 6.50869821246757331E-04 1.39612772189188941E-03
2.74593486E+00 1.21318284608229743E-01 2.35024664160440747E-03 -3.75224155389516228E-03 6.57014636667930759E-04 1.43535604496299453E-03
2.77879228E+00 1.21242042784662177E-01 2.40292370663472768E-03 -1.24241099240399492E-03 6.63204281559668729E-04 1.47601746270553539E-03
2.81171025E+00 1.21163958488864507E-01 2.45729470585486290E-03 1.28281175905403319E-03 6.69418637447344116E-04 1.51817888865955460E-03
2.84469416E+00 1.21083955417326000E-01 2.51344328288083787E-03 3.81905890321514131E-03 6.75658872447408576E-04 1.56191981535877067E-03
2.87774957E+00 1.21001953659597636E-01 2.57146829107911777E-03 6.36205315366507144E-03 6.81941421822073075E-04 1.60733455526083013E-03
2.91088224E+00 1.20917867452704511E-01 2.63148902211044096E-03 8.90761736255657119E-03 6.88289583502231040E-04 1.65453753181640404E-03
2.94409811E+00 1.20831601413412731E-01 2.69364092391372392E-03 1.14516801281636122E-02 6.94726792082093277E-04 1.70365913789734561E-03
2.97739539E+00 1.20743067973393084E-01 2.75802942359310802E-03 1.39896722737706484E-02 7.01261442045267801E-04 1.75480290490251552E-03
3.01076420E+00 1.20652190681699009E-01 2.82470156759102127E-03 1.65165411326605137E-02 7.07879004526628655E-04 1.80801759363603994E-03
3.04421071E+00 1.20558828564864259E-01 2.89371624425615584E-03 1.90320415812808667E-02 7.14569100673373469E-04 1.86335801816986477E-03
3.07774127E+00 1.20462861699718399E-01 2.96515429488793027E-03 2.15260180270499778E-02 7.21358636834228541E-04 1.92089998772096665E-03
3.11136237E+00 1.20364161565705841E-01 3.03906318621165747E-03 2.39980919114457618E-02 7.28183464809412833E-04 1.98068569356002087E-03
3.14508063E+00 1.20262597663913076E-01 3.11551954664833789E-03 2.64451990544467067E-02 7.35026067504952209E-04 2.04278610751260905E-03
3.17890276E+00 1.20158037465344383E-01 3.19460950865979717E-03 2.88641789945393058E-02 7.41880784782890899E-04 2.10728136008310821E-03
3.21283558E+00 1.20050345293779559E-01 3.27642150755093646E-03 3.12519962914553223E-02 7.48742093365622357E-04 2.17425361821641959E-03
3.24688597E+00 1.19939381383267235E-01 3.36104499947589798E-03 3.36057974956003452E-02 7.55602279668373929E-04 2.24378588653355001E-03
3.28106088E+00 1.19825001530639255E-01 3.44857076210651784E-03 3.59228551462301218E-02 7.62451343608211906E-04 2.31596237162434455E-03
3.31536729E+00 1.19707056764154315E-01 3.53909358310755323E-03 3.82005498354147585E-02 7.69282184993438684E-04 2.39087124598801872E-03
3.34978885E+00 1.19585475889365328E-01 3.63264996039453078E-03 4.04348371259217118E-02 7.76089936872956373E-04 2.46855331180550292E-03
3.38432899E+00 1.19460116656019660E-01 3.72933449344300038E-03 4.26232211845304632E-02 7.82883651616162021E-04 2.54909897750349706E-03
3.41899508E+00 1.19330814094866858E-01 3.82929871045248251E-03 4.47635556269162516E-02 7.89730265661557520E-04 2.63265427115374345E-03
3.45379447E+00 1.19197389441774992E-01 3.93262644178039508E-03 4.68538578906717018E-02 7.96610054358929905E-04 2.71929819615565746E-03
3.48873453E+00 1.19059654197534961E-01 4.03939476259008914E-03 4.88924897910569048E-02 8.03496152918820408E-04 2.80910360879558976E-03
3.52382264E+00 1.18917412586365137E-01 4.14969425118215298E-03 5.08779760354379704E-02 8.10379836604115372E-04 2.90215745633973232E-03
3.55906559E+00 1.18770464483969246E-01 4.26361589379437023E-03 5.28088595029874222E-02 8.17255405418923606E-04 2.99854799721069104E-03
3.59446549E+00 1.18618624448026289E-01 4.38123959397292238E-03 5.46835675220891451E-02 8.24118847412583450E-04 3.09835545185728044E-03
3.63002127E+00 1.18461718031646471E-01 4.50262605250949851E-03 5.65005556079644575E-02 8.30966471931908522E-04 3.20164328626475810E-03
3.66573576E+00 1.18299551605938011E-01 4.62781034989946660E-03 5.82586859899435899E-02 8.37796227672803597E-04 3.30844827566771291E-03
3.70160710E+00 1.18131951654629599E-01 4.75675656166514756E-03 5.99567498590302672E-02 8.44609377410365835E-04 3.41873945001097647E-03
3.73764277E+00 1.17958700301658767E-01 4.88942121613598728E-03 6.15941884591750324E-02 8.51411898406611201E-04 3.53247409261701418E-03
3.77383770E+00 1.17779638865882566E-01 5.02568933951927539E-03 6.31700088396113107E-02 8.58205056189450350E-04 3.64954514595528228E-03
3.81019421E+00 1.17594573383530854E-01 5.16544722754739161E-03 6.46838890979590520E-02 8.64986301506080074E-04 3.76984348860798192E-03
3.84671988E+00 1.17403281682938704E-01 5.30857853266397239E-03 6.61355693299382902E-02 8.71751736822424833E-04 3.89325492557313817E-03
3.88342218E+00 1.17205540753341844E-01 5.45496252218278556E-03 6.75254216329760903E-02 8.78501279984586036E-04 4.01966113456457899E-03
3.92025134E+00 1.17001448240503264E-01 5.60425829527683682E-03 6.88513563065118184E-02 8.85232572412248146E-04 4.14875532221579014E-03
3.95697493E+00 1.16792190658724468E-01 5.75537382592634320E-03 7.01055286086291474E-02 8.91920286364678537E-04 4.27958205535533022E-03
3.99359789E+00 1.16577697028225014E-01 5.90818374455154109E-03 7.12903944879420826E-02 8.98593979885784215E-04 4.41202380557248648E-03
4.03014321E+00 1.16357785816797732E-01 6.06260713462565114E-03 7.24086073517857115E-02 9.05278026049157977E-04 4.54599755780769714E-03
4.06663071E+00 1.16132284144752546E-01 6.21847934669599728E-03 7.34625519022168855E-02 9.11970298778363715E-04 4.68133841177125441E-03
4.10307722E+00 1.15901030994063903E-01 6.37563194699146147E-03 7.44545521160080992E-02 9.18666669612598500E-04 4.81787949525356880E-03
4.13949692E+00 1.15663878721413566E-01 6.53394441079468372E-03 7.53868714084817010E-02 9.25371582138386785E-04 4.95550367532811981E-03
4.17573395E+00 1.15421826441072128E-01 6.69259680497453005E-03 7.62574253190484996E-02 9.32052709119248835E-04 5.09349217401622312E-03
4.21180157E+00 1.15174812502704019E-01 6.85157451598534650E-03 7.70696804538081592E-02 9.38716998138558706E-04 5.23183649121394638E-03
4.24772546E+00 1.14922682400426204E-01 7.01107474184250318E-03 7.78271060789093583E-02 9.45415414525776565E-04 5.37073352982521054E-03
4.28352821E+00 1.14665288563519430E-01 7.17115733183108870E-03 7.85329828210139386E-02 9.52200805921870740E-04 5.51024547901821961E-03
4.31922964E+00 1.14402492776585221E-01 7.33136697195722453E-03 7.91905043364649203E-02 9.59056061145947586E-04 5.64992176762410710E-03
4.35484716E+00 1.14134176614593075E-01 7.49127613438803266E-03 7.98027831463173770E-02 9.65971493908666717E-04 5.78934142870784086E-03
4.39039609E+00 1.13860243376004547E-01 7.65053457617033764E-03 8.03729188569579783E-02 9.72945631880773741E-04 5.92816241707614690E-03
4.42589006E+00 1.13580615945014507E-01 7.80878399595480097E-03 8.09040463913530822E-02 9.79977502122909155E-04 6.06603632202239954E-03
4.46134129E+00 1.13295234387630825E-01 7.96564652375210923E-03 8.13993608236023569E-02 9.87075657218881982E-04 6.20259690833645412E-03
4.49676102E+00 1.13004053206096605E-01 8.12078457438529175E-03 8.18621263057841553E-02 9.94262547721669332E-04 6.33751996379868735E-03
4.53215984E+00 1.12707037460045678E-01 8.27384903071664603E-03 8.22957149591803522E-02 1.00152864063369151E-03 6.47047145402868031E-03
4.56754801E+00 1.12404161472625691E-01 8.42455229223700378E-03 8.27036585977138083E-02 1.00886645409508312E-03 6.60118037736063309E-03
4.60293581E+00 1.12095406043162385E-01 8.57262430801077578E-03 8.30896709537850692E-02 1.01627518272521069E-03 6.72939458298486923E-03
4.63825022E+00 1.11781507175713335E-01 8.71738770378522806E-03 8.34567114958047751E-02 1.02371885791014035E-03 6.85450193831067291E-03
4.67321720E+00 1.11465104607022192E-01 8.85743228962255005E-03 8.38060058802637536E-02 1.03111724817616908E-03 6.97526660978516153E-03
4.70787422E+00 1.11146123484118203E-01 8.99279533540325686E-03 8.41426487288740588E-02 1.03847618698959632E-03 7.09172508809523174E-03
4.74226006E+00 1.10824449791472393E-01 9.12348466090647826E-03 8.44713058075184930E-02 1.04579207313112142E-03 7.20388481768828842E-03
4.77641444E+00 1.10499942490833544E-01 9.24953882469880737E-03 8.47965960767186611E-02 1.05305884789315689E-03 7.31178347639526056E-03
4.81037762E+00 1.10172441322860193E-01 9.37108541969197857E-03 8.51231092151042007E-02 1.06027453893811976E-03 7.41554664327931205E-03
4.84419008E+00 1.09841768650611779E-01 9.48827829244292507E-03 8.54554310589819149E-02 1.06744069177305422E-03 7.51532531737845576E-03
4.87789223E+00 1.09507731520153445E-01 9.60122821483628749E-03 8.57981652968373004E-02 1.07455711735862116E-03 7.61122690673280995E-03
4.91152413E+00 1.09170125803268278E-01 9.70999308139855639E-03 8.61559487984688427E-02 1.08162047148954482E-03 7.70330544763264506E-03
4.94512527E+00 1.08828741080388230E-01 9.81462839263877972E-03 8.65334563160709419E-02 1.08863944019079069E-03 7.79161201265060437E-03
4.97873435E+00 1.08483362709508924E-01 9.91524656015579410E-03 8.69353784258963952E-02 1.09564893355236634E-03 7.87625418160934308E-03
5.01238906E+00 1.08133769219909304E-01 1.00119334315793250E-02 8.73663777625059562E-02 1.10267519135281620E-03 7.95731315158295163E-03
5.04606084E+00 1.07780421637981988E-01 1.01044621160702574E-02 8.78304756245336798E-02 1.10968086767955932E-03 8.03458689715790333E-03
5.07969132E+00 1.07424115739198064E-01 1.01925416737046002E-02 8.83317792410388963E-02 1.11661111037892322E-03 8.10781873826560244E-03
5.11329916E+00 1.07064846011617115E-01 1.02761420611903465E-02 8.88752523786294629E-02 1.12344274709142876E-03 8.17697523313653217E-03
5.14690160E+00 1.06702618108313926E-01 1.03553424212693215E-02 8.94652247577828463E-02 1.13018351396653306E-03 8.24213150239567864E-03
5.18036506E+00 1.06339078020424277E-01 1.04301149247355493E-02 9.01028468135654514E-02 1.13686494652515948E-03 8.30331518570996165E-03
5.21369971E+00 1.05974312674281368E-01 1.05005827994410980E-02 9.07906939987249834E-02 1.14347544469851100E-03 8.36064312212674542E-03
5.24693854E+00 1.05608138350392372E-01 1.05668596379781803E-02 9.15315044629595176E-02 1.14997336936337765E-03 8.41421418816661569E-03
5.28011191E+00 1.05240386212426970E-01 1.06290528077153563E-02 9.23278645924790614E-02 1.15632188933192741E-03 8.46412288813491731E-03
5.31324790E+00 1.04870903131682694E-01 1.06873238648283811E-02 9.31820963657218060E-02 1.16250906899381429E-03 8.51051958123494844E-03
5.34637263E+00 1.04499547282571603E-01 1.07418889450474377E-02 9.40962267979685157E-02 1.16854275125689573E-03 8.55361108378013130E-03
5.37951054E+00 1.04126183044913001E-01 1.07930791952042630E-02 9.50719734837317393E-02 1.17447004800565235E-03 8.59372137551365524E-03
5.41268460E+00 1.03750670729854028E-01 1.08411600456884850E-02 9.61107373964060485E-02 1.18032377557620465E-03 8.63111161585769851E-03
5.44591654E+00 1.03372865393459024E-01 1.08862865698663557E-02 9.72135858923242335E-02 1.18610432456041489E-03 8.66593536502037638E-03
5.47922704E+00 1.02992623161367383E-01 1.09285088667259306E-02 9.83812194184288807E-02 1.19179990444311080E-03 8.69824311199872760E-03
5.51263591E+00 1.02609804751097766E-01 1.09676878838575031E-02 9.96139291702902718E-02 1.19736827330194106E-03 8.72789756049790512E-03
5.54616222E+00 1.02224282747589129E-01 1.10037596593862887E-02 1.00911562150844292E-01 1.20278395837020982E-03 8.75483692341131985E-03
5.57982447E+00 1.01835939699092520E-01 1.10368459771677495E-02 1.02273573659726350E-01 1.20805736647952491E-03 8.77918549045231429E-03
5.61364069E+00 1.01444659023823436E-01 1.10672020496770853E-02 1.03699043058310694E-01 1.21322833948158586E-03 8.80120190069301651E-03
5.64762855E+00 1.01050314052475915E-01 1.10949529221596906E-02 1.05186717367506566E-01 1.21830616052145632E-03 8.82101627265195233E-03
5.68180544E+00 1.00652769456920033E-01 1.11201275947578181E-02 1.06735037980530093E-01 1.22328897524241775E-03 8.83866383628442200E-03
5.71618855E+00 1.00251885777095456E-01 1.11426478424685466E-02 1.08342083783589199E-01 1.22817626165446512E-03 8.85407294758132866E-03
5.75061582E+00 9.98496112838768157E-02 1.11621440381236298E-02 1.09997316756616240E-01 1.23291208063002681E-03 8.86691392677165131E-03
5.78505777E+00 9.94463650548948891E-02 1.11784380125716752E-02 1.11695014236046705E-01 1.23746935327693109E-03 8.87701377554599158E-03
5.81953110E+00 9.90420378933626472E-02 1.11916299506208631E-02 1.13431559402815130E-01 1.24185313474354186E-03 8.88446518371231730E-03
5.85405072E+00 9.86365433107461581E-02 1.12021372807299922E-02 1.15203449249475176E-01 1.24609171945512087E-03 8.88967671182063976E-03
5.88862980E+00 9.82298019336151490E-02 1.12104468921926867E-02 1.17007127427767393E-01 1.25020730659493469E-03 8.89312684417920170E-03
5.92326642E+00 9.78218921068036429E-02 1.12161441053333297E-02 1.18838230954922033E-01 1.25415936171201811E-03 8.89439494373635287E-03
5.95788838E+00 9.74137329438900385E-02 1.12204900972955237E-02 1.20688889963376997E-01 1.25803589377152035E-03 8.89473879185052885E-03
5.99251789E+00 9.70051118162870152E-02 1.12232616620745931E-02 1.22556053777030979E-01 1.26180175635046870E-03 8.89392230504192256E-03
6.02717671E+00 9.65958254638722563E-02 1.12232388416472605E-02 1.24437144795417606E-01 1.26538473772897626E-03 8.89071223009759749E-03
6.06188620E+00 9.61856996444055840E-02 1.12203753356815809E-02 1.26329948224958494E-01 1.26875521255336737E-03 8.88504274298952852E-03
6.09666721E+00 9.57745788974382201E-02 1.12160965484561052E-02 1.28232189878473568E-01 1.27200670604990041E-03 8.87831565669790559E-03
6.13154006E+00 9.53622667676698038E-02 1.12107718674864208E-02 1.30141800349007297E-01 1.27517122993143443E-03 8.87088173020472368E-03
6.16652443E+00 9.49485556672169384E-02 1.12048952447316545E-02 1.32057258618288154E-01 1.27825315036299595E-03 8.86321862256651133E-03
6.20163928E+00 9.45332433418105550E-02 1.11995404699627762E-02 1.33977345645223123E-01 1.28134160760362027E-03 8.85638654601171409E-03
6.23690284E+00 9.41161025845439342E-02 1.11939694517229210E-02 1.35901081644283356E-01 1.28440082245923613E-03 8.84964211460411571E-03
6.27233240E+00 9.36969266707447096E-02 1.11876873587714570E-02 1.37827605957478144E-01 1.28738180568076666E-03 8.84248483391284791E-03
6.30792282E+00 9.32757963489193320E-02 1.11804633268292163E-02 1.39755069445644864E-01 1.29021980408508823E-03 8.83467617713069690E-03
6.34369026E+00 9.28525643844290705E-02 1.11720891298636646E-02 1.41682895407951731E-01 1.29288206501176027E-03 8.82599749810987488E-03
6.37965308E+00 9.24270785725922889E-02 1.11629485698504349E-02 1.43610785892580722E-01 1.29546988467947426E-03 8.81682058653007576E-03
6.41582939E+00 9.19991744847477033E-02 1.11534639364971478E-02 1.45538762577475722E-01 1.29809465939428968E-03 8.80755964439520339E-03
6.45223703E+00 9.15686591494179192E-02 1.11428280809206821E-02 1.47467040246137882E-01 1.30060408252908591E-03 8.79740679448654840E-03
6.48880469E+00 9.11364185827321788E-02 1.11310405007297927E-02 1.49391068292873685E-01 1.30293692048626033E-03 8.78635678265621799E-03
6.52553468E+00 9.07024858958895980E-02 1.11184739940787918E-02 1.51310258392774011E-01 1.30512405813001356E-03 8.77477823582140104E-03
6.56239129E+00 9.02673324863456222E-02 1.11053827481605930E-02 1.53222280085754586E-01 1.30722464317836436E-03 8.76292429135618230E-03
6.59938134E+00 8.98309085795438306E-02 1.10913863507921141E-02 1.55127064824981176E-01 1.30921104133375479E-03 8.75041967017053078E-03
6.63651230E+00 8.93931638931586420E-02 1.10762879279730098E-02 1.57024600896432220E-01 1.31107630360182423E-03 8.73707386146892889E-03
6.67379212E+00 8.89540479377316506E-02 1.10600550075562153E-02 1.58914965459313579E-01 1.31282995413788974E-03 8.72286210308386573E-03
6.71122926E+00 8.85135028614597863E-02 1.10424024270099671E-02 1.60798284517997381E-01 1.31445044265758875E-03 8.70750918234858284E-03
6.74883268E+00 8.80714774999878519E-02 1.10230331650897420E-02 1.62674643733601687E-01 1.31589601950237193E-03 8.69072772175536606E-03
6.78661003E+00 8.76279581753241499E-02 1.10018444251656772E-02 1.64544012500809272E-01 1.31717327133130274E-03 8.67242259732105281E-03
6.82453425E+00 8.71833506636712358E-02 1.09790280381602580E-02 1.66404687823243941E-01 1.31835376221659732E-03 8.65278888861118617E-03
6.86261434E+00 8.67376299708191856E-02 1.09549955891184853E-02 1.68256722068731018E-01 1.31951789728024867E-03 8.63224457176944328E-03
6.90085977E+00 8.62907300105411196E-02 1.09297010012856591E-02 1.70100252758474152E-01 1.32059765433288905E-03 8.61075397302600402E-03
6.93928055E+00 8.58425634475027260E-02 1.09028563485717173E-02 1.71935349212375105E-01 1.32155178370073237E-03 8.58803981810334072E-03
6.97788721E+00 8.53930416693317457E-02 1.08742164328191008E-02 1.73762076748450539E-01 1.32237928213448596E-03 8.56386459444542607E-03
7.01669090E+00 8.49420851575325153E-02 1.08438063897728417E-02 1.75580643738222492E-01 1.32313242521623102E-03 8.53825813349375767E-03
7.05570350E+00 8.44896058330047994E-02 1.08111692305439353E-02 1.77391392745977372E-01 1.32378173552317470E-03 8.51076818582483137E-03
7.09493776E+00 8.40355267121603439E-02 1.07757474648216139E-02 1.79194701006870849E-01 1.32425591001453539E-03 8.48083812645586410E-03
7.13440743E+00 8.35797982097150755E-02 1.07373211450036646E-02 1.80991008428915440E-01 1.32453883923408424E-03 8.44824242560916067E-03
7.17412741E+00 8.31223887052442434E-02 1.06960785845203864E-02 1.82780865360338218E-01 1.32473848382887649E-03 8.41315923309553064E-03
7.21378674E+00 8.26669923945434343E-02 1.06523823037677837E-02 1.84550795713787463E-01 1.32489542245120963E-03 8.37588748861460390E-03
7.25347092E+00 8.22127332007991929E-02 1.06057790429050641E-02 1.86304767371348934E-01 1.32490758686614005E-03 8.33596899303007052E-03
7.29333828E+00 8.17579455415728823E-02 1.05561690111631266E-02 1.88049981257586180E-01 1.32474514233796347E-03 8.29330856761905690E-03
7.33285389E+00 8.13088400716856785E-02 1.05046371492636664E-02 1.89764341859109786E-01 1.32446604073183484E-03 8.24887107055046094E-03
7.37214272E+00 8.08640678624981957E-02 1.04512345474162844E-02 1.91453749574343995E-01 1.32407346046036867E-03 8.20270102421977003E-03
7.41136618E+00 8.04218977352670200E-02 1.03962649164074748E-02 1.93125842745470011E-01 1.32356312553381038E-03 8.15510422605704617E-03
7.45069264E+00 7.99805420521045168E-02 1.03407283791477917E-02 1.94788486139535172E-01 1.32294652176649457E-03 8.10708684189803339E-03
7.49029201E+00 7.95381659858027806E-02 1.02861723973982615E-02 1.96449402035463072E-01 1.32230962098171963E-03 8.06021045298946012E-03
7.52960538E+00 7.91009087813789868E-02 1.02340508224191013E-02 1.98086722604706000E-01 1.32177054524076757E-03 8.01581473525283562E-03
7.56880130E+00 7.86666677858872537E-02 1.01824910577262857E-02 1.99708011539198316E-01 1.32127847618898403E-03 7.97206363010092602E-03
7.60805566E+00 7.82333562436955815E-02 1.01291939812496838E-02 2.01321384777482931E-01 1.32069256660613489E-03 7.92668959168731264E-03
7.64731114E+00 7.78017061388991821E-02 1.00746451788263670E-02 2.02925348736848365E-01 1.31994368295314289E-03 7.88014191560207529E-03
7.68639830E+00 7.73736959141416020E-02 1.00204664236509793E-02 2.04513713747323772E-01 1.31918971282431294E-03 7.83397857217385703E-03
7.72549918E+00 7.69473751901852687E-02 9.96751524837416643E-03 2.06094034650737779E-01 1.31846999160423065E-03 7.78907398174896910E-03
7.76480847E+00 7.65206195227188662E-02 9.91558640773027890E-03 2.07674417067393813E-01 1.31776492947906546E-03 7.74525223997173367E-03
7.80419860E+00 7.60948074080078918E-02 9.86409150796240496E-03 2.09250270474529099E-01 1.31694722463155311E-03 7.70188968647691954E-03
7.84338831E+00 7.56729987511605695E-02 9.81306130687095192E-03 2.10810714275204147E-01 1.31591698157938145E-03 7.65894396024696840E-03
7.88257761E+00 7.52531107976055352E-02 9.76292424761986306E-03 2.12363073724338797E-01 1.31481064572325115E-03 7.61686379664222070E-03
7.92198110E+00 7.48329107869195181E-02 9.71383297110627909E-03 2.13915239418378589E-01 1.31367359913335991E-03 7.57582977291836827E-03
7.96134321E+00 7.44151560426768305E-02 9.66666053507189357E-03 2.15457170433183076E-01 1.31248512006560975E-03 7.53665022198061335E-03
8.00053855E+00 7.40011348168795047E-02 9.62134965903623830E-03 2.16983806376894683E-01 1.31122871422766703E-03 7.49923849076329554E-03
8.03977801E+00 7.35885818954259419E-02 9.57745639931064340E-03 2.18501721502361634E-01 1.30987354377834920E-03 7.46319209686560538E-03
8.07929219E+00 7.31750970805272460E-02 9.53529007865116206E-03 2.20018766769835783E-01 1.30857404780992405E-03 7.42886490398910609E-03
8.11910478E+00 7.27604438100565576E-02 9.49552320592516284E-03 2.21534703116355036E-01 1.30741276054579061E-03 7.39693848670893838E-03
8.15881212E+00 7.23487182769335518E-02 9.45709992079455872E-03 2.23033539565857919E-01 1.30597897444062515E-03 7.36629608544511587E-03
8.19866660E+00 7.19373051872492231E-02 9.42014996328820013E-03 2.24522738835670921E-01 1.30438938977938301E-03 7.33712627172986541E-03
8.23885182E+00 7.15243282940041802E-02 9.38484989215072028E-03 2.26007112429355450E-01 1.30297480921854193E-03 7.30965533549250007E-03
8.27925720E+00 7.11108908231470466E-02 9.35093586615079291E-03 2.27480783964308708E-01 1.30158481379653271E-03 7.28362547984325644E-03
8.32012443E+00 7.06944874280916180E-02 9.31797411497041136E-03 2.28950113120493348E-01 1.30006420991142556E-03 7.25868222482822095E-03
8.36107430E+00 7.02789332803857025E-02 9.28620322799445820E-03 2.30399905937587329E-01 1.29852517936165511E-03 7.23502392414212582E-03
8.40234528E+00 6.98617407755397074E-02 9.25462585658735730E-03 2.31835773218551505E-01 1.29693053077693365E-03 7.21174322440530906E-03
8.44374017E+00 6.94448763664307911E-02 9.22295087553954077E-03 2.33249062593484324E-01 1.29530143907261941E-03 7.18855328451295256E-03
8.48522319E+00 6.90286671610763486E-02 9.19051913426605950E-03 2.34636495064466405E-01 1.29355934187138028E-03 7.16483071890026881E-03
8.52718015E+00 6.86092671880873389E-02 9.15655317353872809E-03 2.36007980993311245E-01 1.29184993169729925E-03 7.13992221366157188E-03
8.56988703E+00 6.81839752378740754E-02 9.12003166830642822E-03 2.37369268229214003E-01 1.29004968594658874E-03 7.11291776612575123E-03
8.61291973E+00 6.77570969931940020E-02 9.08016655675901452E-03 2.38703941537356440E-01 1.28809963574618032E-03 7.08298088939704647E-03
8.65677310E+00 6.73238828598039657E-02 9.03549302841625927E-03 2.40024178460665649E-01 1.28593034360448603E-03 7.04879958510418441E-03
8.70102047E+00 6.68887646393400009E-02 8.98632739387613538E-03 2.41314594464510507E-01 1.28369921706811751E-03 7.01061552978284302E-03
8.74584899E+00 6.64501004560504593E-02 8.93176185959924755E-03 2.42577580704997520E-01 1.28146520250041712E-03 6.96758203740859613E-03
8.79050200E+00 6.60154544393056902E-02 8.87243750585539788E-03 2.43791016697092577E-01 1.27913385986687259E-03 6.92013912102875522E-03
8.83567006E+00 6.55783245016061944E-02 8.80768543125881598E-03 2.44971205851677670E-01 1.27689562283793000E-03 6.86777159532750252E-03
8.88125027E+00 6.51399441908932231E-02 8.73728536807145961E-03 2.46113898040481838E-01 1.27458490454240847E-03 6.81019817979855360E-03
8.92717976E+00 6.47012007447471255E-02 8.66160509266051225E-03 2.47216405911215020E-01 1.27210791015452311E-03 6.74771076057980278E-03
8.97428172E+00 6.42546273395834533E-02 8.57940246549473463E-03 2.48295203709238216E-01 1.26943524176898479E-03 6.67923463342058859E-03
9.02210487E+00 6.38049517162742330E-02 8.49243390700971969E-03 2.49338587744035112E-01 1.26671514974876164E-03 6.60631195961885933E-03
9.06997216E+00 6.33588295060985296E-02 8.40244430439675977E-03 2.50332135157531721E-01 1.26378672026080025E-03 6.53039321611708842E-03
9.11792283E+00 6.29161163686641767E-02 8.31087801125233484E-03 2.51276966697638937E-01 1.26087132092913830E-03 6.45283771278587232E-03
9.16599662E+00 6.24765861216236840E-02 8.21916216553744521E-03 2.52174911211093589E-01 1.25799722616424213E-03 6.37500568195297108E-03
9.21423405E+00 6.20399496535880002E-02 8.12703874450251655E-03 2.53028203668990093E-01 1.25505882013120002E-03 6.29658806627031876E-03
9.26267696E+00 6.16059264796562089E-02 8.03542933675109421E-03 2.53838978582919206E-01 1.25208964094465831E-03 6.21846811538211836E-03
9.31136906E+00 6.11741932894798446E-02 7.94434378750255923E-03 2.54609669143294970E-01 1.24893731757528257E-03 6.14063704811757156E-03
9.36029524E+00 6.07449709981004726E-02 7.85337854716238772E-03 2.55341879104624525E-01 1.24544326728014045E-03 6.06267111101839624E-03
9.40941775E+00 6.03187023944468451E-02 7.76441768698650590E-03 2.56037073246926428E-01 1.24200059692359177E-03 5.98643764168499404E-03
9.45859232E+00 5.98965993271488931E-02 7.67679462969282373E-03 2.56695775354757627E-01 1.23857906703638216E-03 5.91125134366721639E-03
9.50770946E+00 5.94795394353301934E-02 7.59123468748938018E-03 2.57319104262829612E-01 1.23507503755983759E-03 5.83784058136066139E-03
9.55621087E+00 5.90721194412266518E-02 7.50897152009869558E-03 2.57903565643071486E-01 1.23174937907407798E-03 5.76733549089846788E-03
9.60463056E+00 5.86697005156192122E-02 7.42760045758001936E-03 2.58457534679695122E-01 1.22825375455657207E-03 5.69750321218048198E-03
9.65341581E+00 5.82686358323150910E-02 7.34770583625718628E-03 2.58988253573423699E-01 1.22494808592647428E-03 5.62906212584710595E-03
9.70137622E+00 5.78785895104072176E-02 7.27016220501441966E-03 2.59486619082320569E-01 1.22157560125140557E-03 5.56264564284240232E-03
9.74884987E+00 5.74966595568527361E-02 7.19344573661281385E-03 2.59958167779518079E-01 1.21810163633893215E-03 5.49683597630864010E-03
9.79625497E+00 5.71194658472191502E-02 7.11826936336267500E-03 2.60408335724472029E-01 1.21481121684824476E-03 5.43246150711751592E-03
9.84336283E+00 5.67487562078154012E-02 7.04479525088153122E-03 2.60836959132661639E-01 1.21155909633685697E-03 5.36965531513132477E-03
9.88991668E+00 5.63863847111788843E-02 6.97283582682973503E-03 2.61243864216853527E-01 1.20832248111841026E-03 5.30818916845912647E-03
9.93629369E+00 5.60292556732020636E-02 6.90129126065994625E-03 2.61632428665156958E-01 1.20489309884536902E-03 5.24705925452325760E-03
9.98281526E+00 5.56748788089636917E-02 6.83034413197335620E-03 2.62005713919083838E-01 1.20147586997926986E-03 5.18651719365182968E-03
1.00292847E+01 5.53247471635702759E-02 6.76018810090765320E-03 2.62362382931829285E-01 1.19807437852921528E-03 5.12670567111551869E-03
1.00753798E+01 5.49812303351003701E-02 6.69096682968049576E-03 2.62700060063820628E-01 1.19463434582386843E-03 5.06768333139302144E-03
1.01214153E+01 5.46419423261811366E-02 6.62268362036421560E-03 2.63020311156073272E-01 1.19119817884085887E-03 5.00950529626474975E-03
1.01676671E+01 5.43048672639511384E-02 6.55453175397970999E-03 2.63324254297555294E-01 1.18764142567272723E-03 4.95140559474877614E-03
1.02140240E+01 5.39708629271436272E-02 6.48684858093900168E-03 2.63611343435459777E-01 1.18399349823719363E-03 4.89367257209160147E-03
1.02599606E+01 5.36436710555617466E-02 6.42108878045495515E-03 2.63877198142264346E-01 1.18033609418387547E-03 4.83762687465409767E-03
1.03057309E+01 5.33213844881730917E-02 6.35748438757295555E-03 2.64121551603397287E-01 1.17675232017454019E-03 4.78353925599012478E-03
1.03515711E+01 5.30022648455231518E-02 6.29573501248831789E-03 2.64344143422734323E-01 1.17325789578112834E-03 4.73114727641583705E-03
1.03976988E+01 5.26847650862211497E-02 6.23524013868078167E-03 2.64544123996701019E-01 1.16980938302459225E-03 4.67988595690387466E-03
1.04443107E+01 5.23675574554501866E-02 6.17540693277647199E-03 2.64719878241224116E-01 1.16625909548528440E-03 4.62919184604811389E-03
1.04914673E+01 5.20503127178088068E-02 6.11808176080507957E-03 2.64868897369094580E-01 1.16297417475474322E-03 4.58091067110294632E-03
1.05384995E+01 5.17373111844008221E-02 6.06250909935438474E-03 2.64986794193061537E-01 1.15972950050686010E-03 4.53417893825402030E-03
1.05856146E+01 5.14269631413049599E-02 6.00829596851117087E-03 2.65072543717826514E-01 1.15650384278681443E-03 4.48865804892199880E-03
1.06329894E+01 5.11180360987668961E-02 5.95557111110472069E-03 2.65124182877382819E-01 1.15339183296820930E-03 4.44451783833212533E-03
1.06807722E+01 5.08095288454039409E-02 5.90372723567278782E-03 2.65134709667272483E-01 1.15028722060075842E-03 4.40118768891544290E-03
1.07290844E+01 5.05006621361161825E-02 5.85285569887379273E-03 2.65127648010169525E-01 1.14725350111930338E-03 4.35878920855029776E-03
1.07776775E+01 5.01929878767573834E-02 5.80337605588614625E-03 2.65043337967801940E-01 1.14438652550955173E-03 4.31771371460903681E-03
1.08265796E+01 4.98862455528098978E-02 5.75574401751409968E-03 2.64947626456897789E-01 1.14153111098972901E-03 4.27844158598355336E-03
1.08758572E+01 4.95798379386086924E-02 5.70880695802918319E-03 2.64794161810900652E-01 1.13870145420827146E-03 4.23986186193716415E-03
1.09255732E+01 4.92733061164788363E-02 5.66346756954606324E-03 2.64599609599706520E-01 1.13618366362586804E-03 4.20291169039490198E-03
1.09756342E+01 4.89672049871922241E-02 5.61859069314319271E-03 2.64358827113686190E-01 1.13371359811996952E-03 4.16646902772288639E-03
1.10261255E+01 4.86610642195932017E-02 5.57282867331248925E-03 2.64071938183496058E-01 1.13112398134289729E-03 4.12922092139905370E-03
1.10769472E+01 4.83555904046225615E-02 5.52701459019390266E-03 2.63739466840589909E-01 1.12868440053561728E-03 4.09199338745060755E-03
1.11277756E+01 4.80527616116291079E-02 5.48032901161604052E-03 2.63364683417868117E-01 1.12602353862783881E-03 4.05392822992130773E-03
1.11787554E+01 4.77517774995166455E-02 5.43285384467195182E-03 2.62948711274108904E-01 1.12323646435679271E-03 4.01514066156130178E-03
1.12294953E+01 4.74549878864423819E-02 5.38462973650668912E-03 2.62497319619888536E-01 1.12038708630483506E-03 3.97561173262118116E-03
1.12799077E+01 4.71629042675968183E-02 5.33637248304867119E-03 2.62014816192779110E-01 1.11760859821705117E-03 3.93604504798920982E-03
1.13300790E+01 4.68750140166720938E-02 5.28796564671986380E-03 2.61503769831321786E-01 1.11485239379164832E-03 3.89634123914734971E-03
1.13801257E+01 4.65906467601174476E-02 5.23876244204420777E-03 2.60966683154691237E-01 1.11198623016999952E-03 3.85587470702076964E-03
1.14301809E+01 4.63090717986279765E-02 5.18909420663383938E-03 2.60406010133645394E-01 1.10908828322785506E-03 3.81499677346713167E-03
1.14803835E+01 4.60295411512428310E-02 5.13851588178947105E-03 2.59823809231404634E-01 1.10598662455328733E-03 3.77328360884925107E-03
1.15308704E+01 4.57513646117477246E-02 5.08759871680772736E-03 2.59222350370069687E-01 1.10288448238554139E-03 3.73132169955812899E-03
1.15817701E+01 4.54739228702359805E-02 5.03629484416117084E-03 2.58604014473615862E-01 1.09993414062348259E-03 3.68907563546036618E-03
1.16331984E+01 4.51966247784573796E-02 4.98418796582955712E-03 2.57971513586241596E-01 1.09699955420275832E-03 3.64614454102297862E-03
1.16849838E+01 4.49203975530746286E-02 4.93172476315926599E-03 2.57331574993050816E-01 1.09411586493972823E-03 3.60293701402063325E-03
1.17368342E+01 4.46468134400369310E-02 4.87966180716452747E-03 2.56692835876221381E-01 1.09136540952727316E-03 3.56014288904302765E-03
1.17888647E+01 4.43752579502549732E-02 4.82803733679210839E-03 2.56058744880775180E-01 1.08868474651444697E-03 3.51780711425039947E-03
1.18411920E+01 4.41051217158090619E-02 4.77632487148146791E-03 2.55432783288701282E-01 1.08593737926024596E-03 3.47541169919047101E-03
1.18939295E+01 4.38358517593833222E-02 4.72435998277449896E-03 2.54818528972269587E-01 1.08308619222859375E-03 3.43279710631738981E-03
1.19471841E+01 4.35669578893450593E-02 4.67215136526069608E-03 2.54220055524054744E-01 1.08014856441566087E-03 3.38997439974417399E-03
1.20010542E+01 4.32980158344859201E-02 4.61991561545481953E-03 2.53641687480638589E-01 1.07720766331439771E-03 3.34716092701624422E-03
1.20556289E+01 4.30286670872231589E-02 4.56760994522168243E-03 2.53088264666303964E-01 1.07420071175202188E-03 3.30431417953999098E-03
1.21109881E+01 4.27586214433733139E-02 4.51506881133848913E-03 2.52565114117571543E-01 1.07113623824090886E-03 3.26126811654916214E-03
1.21668843E+01 4.24891678293435882E-02 4.46281394766605624E-03 2.52080999334840794E-01 1.06808189084355238E-03 3.21849051569382582E-03
1.22229107E+01 4.22222788218381412E-02 4.41140790471222267E-03 2.51644734367355849E-01 1.06504693042156514E-03 3.17646992805858475E-03
1.22792419E+01 4.19571089760757618E-02 4.36103107056625902E-03 2.51258737128044474E-01 1.06215980847197645E-03 3.13541610908451077E-03
1.23360645E+01 4.16927658316026614E-02 4.31138849660648010E-03 2.50926138116748465E-01 1.05928338691994839E-03 3.09507086488661036E-03
1.23935743E+01 4.14283448026643367E-02 4.26220690933659749E-03 2.50650503185517015E-01 1.05643287017501879E-03 3.05520195067992629E-03
1.24519752E+01 4.11629426543891550E-02 4.21307909644582507E-03 2.50435862013508703E-01 1.05363650311322029E-03 3.01544624147839129E-03
1.25114785E+01 4.08956791084135948E-02 4.16363017544724330E-03 2.50286576017411222E-01 1.05084643119467071E-03 2.97547400438650297E-03
1.25713089E+01 4.06300796796136565E-02 4.11467101844547808E-03 2.50209687484945154E-01 1.04820411516582811E-03 2.93598524633887194E-03
1.26315459E+01 4.03658002591502085E-02 4.06601507419739310E-03 2.50202465274098673E-01 1.04558664453014327E-03 2.89681838217641097E-03
1.26923957E+01 4.01019870761419733E-02 4.01711967941361953E-03 2.50272784047372909E-01 1.04288834862546211E-03 2.85747326685331345E-03
1.27540835E+01 3.98377684975727911E-02 3.96764907071687437E-03 2.50416616676300552E-01 1.04007886839024778E-03 2.81765700325538196E-03
1.28168511E+01 3.95722658725247978E-02 3.91729340292269225E-03 2.50634083206753011E-01 1.03707899226572128E-03 2.77710336102936174E-03
1.28809536E+01 3.93045971223506471E-02 3.86599271995051886E-03 2.50928954858578468E-01 1.03402070757660437E-03 2.73579843977611765E-03
1.29459294E+01 3.90368419953192949E-02 3.81397830105513567E-03 2.51298039174884968E-01 1.03088819700898333E-03 2.69391213180250133E-03
1.30114446E+01 3.87704805106803066E-02 3.76141703038705439E-03 2.51735692720255588E-01 1.02770170510211646E-03 2.65156858277155235E-03
1.30775486E+01 3.85054180804641558E-02 3.70811593194153837E-03 2.52236152820151216E-01 1.02432605986891635E-03 2.60858849088532003E-03
1.31438146E+01 3.82434524257489750E-02 3.65444547922968597E-03 2.52789904589871162E-01 1.02070271733623865E-03 2.56527868480927942E-03
1.32102416E+01 3.79846408986381293E-02 3.60081900070252257E-03 2.53388134027786538E-01 1.01703224512252662E-03 2.52205387404997195E-03
1.32768289E+01 3.77290136855377573E-02 3.54750677757660312E-03 2.54022977189416521E-01 1.01337356823657859E-03 2.47918741726462421E-03
1.33435760E+01 3.74765731142608152E-02 3.49449891282952200E-03 2.54686067406006522E-01 1.00971339906036741E-03 2.43667337283247050E-03
1.34104828E+01 3.72273119476530592E-02 3.44153148219745108E-03 2.55369505202989400E-01 1.00603395498942362E-03 2.39424968111947396E-03
1.34775496E+01 3.69812311940121499E-02 3.38859735370236831E-03 2.56065679305258476E-01 1.00234088546983981E-03 2.35190622571505251E-03
1.35447772E+01 3.67383400249332373E-02 3.33577625381936086E-03 2.56767463349785063E-01 9.98601174389327417E-04 2.30971564982278971E-03
1.36120623E+01 3.64990129649789899E-02 3.28332506489778346E-03 2.57467453258326873E-01 9.94965505826307705E-04 2.26790856668786624E-03
1.36792416E+01 3.62637966472895978E-02 3.23128889323265464E-03 2.58158437516554651E-01 9.91390531299233754E-04 2.22649311051311815E-03
1.37463326E+01 3.60325837396713380E-02 3.17954011020100740E-03 2.58835843848908620E-01 9.87743495742767494E-04 2.18533111777983666E-03
1.38133542E+01 3.58052763846912064E-02 3.12829906161524564E-03 2.59495936495763857E-01 9.84093673168633587E-04 2.14462967300646859E-03
1.38803273E+01 3.55817674707949727E-02 3.07801275093659999E-03 2.60136038100437395E-01 9.80552281420142818E-04 2.10482170576301855E-03
1.39472589E+01 3.53619476589022985E-02 3.02847512910398584E-03 2.60754074809399938E-01 9.76849748251072984E-04 2.06568970802982520E-03
1.40141182E+01 3.51458274074140375E-02 2.97956390533097703E-03 2.61348757475182658E-01 9.72898921157774117E-04 2.02709470378599531E-03
1.40809256E+01 3.49332801834029982E-02 2.93133878746696481E-03 2.61919960257129769E-01 9.68782951141426967E-04 1.98908395257696435E-03
1.41477032E+01 3.47241842435331571E-02 2.88400391009263363E-03 2.62468119810489842E-01 9.64691327849908731E-04 1.95184838852186849E-03
1.42144745E+01 3.45184027133358731E-02 2.83744516309428728E-03 2.62994179417861185E-01 9.60484387345497421E-04 1.91526256148292812E-03
1.42812642E+01 3.43158031982809669E-02 2.79179262583175488E-03 2.63499856279290734E-01 9.56180688283327844E-04 1.87944566283581725E-03
1.43480625E+01 3.41163543080380480E-02 2.74728975692562633E-03 2.63986914273025786E-01 9.51918807125623012E-04 1.84462722675994193E-03
1.44148611E+01 3.39200004096513810E-02 2.70398951574261004E-03 2.64457454472915909E-01 9.47793590743497465E-04 1.81085026635989283E-03
1.44816837E+01 3.37265827913797722E-02 2.66175994613778322E-03 2.64914173400302655E-01 9.43737480222667344E-04 1.77797983919706780E-03
1.45485544E+01 3.35359581637245455E-02 2.62066562347620545E-03 2.65359960410568474E-01 9.39691238142235626E-04 1.74607737121107030E-03
1.46154979E+01 3.33479695750868652E-02 2.58074795060075132E-03 2.65798453805927037E-01 9.35674183579549294E-04 1.71518341680349960E-03
1.46825331E+01 3.31624755575689115E-02 2.54195102260274582E-03 2.66232733152370893E-01 9.31655776910322517E-04 1.68524227603533130E-03
1.47496447E+01 3.29794531512693639E-02 2.50439266535792526E-03 2.66665532921447013E-01 9.27643648896604657E-04 1.65636683892266012E-03
1.48168575E+01 3.27987714719983128E-02 2.46783950822570836E-03 2.67102136882081065E-01 9.23460651638194764E-04 1.62832586225545401E-03
1.48841963E+01 3.26203255032607789E-02 2.43215560445281817E-03 2.67546390162836045E-01 9.19152950956778503E-04 1.60098449785178666E-03
1.49420981E+01 3.24689099143708540E-02 2.40221171984158609E-03 2.67937711643611798E-01 9.15391224095910873E-04 1.57806521052771681E-03
1.50000000E+01 3.23193346274020799E-02 2.37301537368154536E-03 2.68336625918335347E-01 9.11637843020228576E-04 1.55575625835721967E-03
