#  time, MeanKE MeanKEDR MeanP
0 1.23799080025198585E-01 1.09143034769993547E-03 -1.46012263020141482E-17
5.89048623E-02 1.23694944353482578E-01 1.09119407122200006E-03 3.68912768241593447E-03
1.18429277E-01 1.23604133963988269E-01 1.09306547733092419E-03 3.83569286145485399E-03
1.78018278E-01 1.23517019774008349E-01 1.09690024783791907E-03 3.52001445188829514E-03
2.37697998E-01 1.23430031256299130E-01 1.10263887967988966E-03 3.03581651864921623E-03
2.97497338E-01 1.23341886304569381E-01 1.11025637650683179E-03 2.35686081783727025E-03
3.57445326E-01 1.23252075484417870E-01 1.11974017134082904E-03 1.48842958715938436E-03
4.17570008E-01 1.23160346851958674E-01 1.13108161845414524E-03 4.38697479430645945E-04
4.77897875E-01 1.23066533908121181E-01 1.14427398841908281E-03 -7.82433273106603868E-04
5.38308506E-01 1.22970727149072256E-01 1.15927334457711917E-03 -2.16000968007236090E-03
5.98827976E-01 1.22872804139599223E-01 1.17606001294908130E-03 -3.67942095136937963E-03
6.59485092E-01 1.22772639189046823E-01 1.19461135752599399E-03 -5.32489085588916302E-03
7.20306873E-01 1.22670108003541403E-01 1.21490081377685481E-03 -7.07914028666030686E-03
7.81318270E-01 1.22565087585819646E-01 1.23689912644371928E-03 -8.92330153445105440E-03
8.42541931E-01 1.22457456717513027E-01 1.26057461695137192E-03 -1.08368904750789814E-02
9.03998010E-01 1.22347096563602514E-01 1.28589321675638257E-03 -1.27978105302858445E-02
9.65704043E-01 1.22233891139591197E-01 1.31281942165182219E-03 -1.47823902668249262E-02
1.02767487E+00 1.22117727600107903E-01 1.34131702175397998E-03 -1.67654504737824762E-02
1.08992257E+00 1.21998496604394990E-01 1.37134713525052365E-03 -1.87204123454557253E-02
1.15245637E+00 1.21876093078560427E-01 1.40286288040458165E-03 -2.06194674282872449E-02
1.21528260E+00 1.21750417477841655E-01 1.43580731286747356E-03 -2.24337988945461919E-02
1.27840483E+00 1.21621377029012628E-01 1.47011654818775738E-03 -2.41338718726360375E-02
1.34182402E+00 1.21488886273846242E-01 1.50572401871903279E-03 -2.56898072617592274E-02
1.40553881E+00 1.21352866595999059E-01 1.54256483922121483E-03 -2.70718032276251325E-02
1.46954582E+00 1.21213244931587416E-01 1.58057851328985356E-03 -2.82505836053299417E-02
1.53384005E+00 1.21069952233062189E-01 1.61970891560558709E-03 -2.91978750948094605E-02
1.59841530E+00 1.20922921879898310E-01 1.65990660016414565E-03 -2.98869083476252066E-02
1.66326461E+00 1.20772087434167494E-01 1.70113555952142474E-03 -3.02929285408084538E-02
1.72838076E+00 1.20617379070431963E-01 1.74337667768645387E-03 -3.03936624525374538E-02
1.79375675E+00 1.20458719204812312E-01 1.78662323022411125E-03 -3.01699413589082005E-02
1.85938631E+00 1.20296018831776264E-01 1.83087155456093924E-03 -2.96052821886435523E-02
1.92526441E+00 1.20129175294910406E-01 1.87611674718759342E-03 -2.86875092804410418E-02
1.99138769E+00 1.19958070692311972E-01 1.92235548468506156E-03 -2.74075102283389549E-02
2.05775490E+00 1.19782570024061202E-01 1.96959536110972088E-03 -2.57603266031912678E-02
2.12436734E+00 1.19602517846250145E-01 2.01786791397744756E-03 -2.37449600120455857E-02
2.19122917E+00 1.19417733091088052E-01 2.06723254954176757E-03 -2.13644504558030759E-02
2.25834770E+00 1.19228003973957650E-01 2.11777002556919752E-03 -1.86257833616119070E-02
2.32573367E+00 1.19033084412455345E-01 2.16958111214092531E-03 -1.55396574191981312E-02
2.39340141E+00 1.18832690743953168E-01 2.22279685570075892E-03 -1.21201549265500478E-02
2.46136892E+00 1.18626497393450603E-01 2.27759204516593365E-03 -8.38439293041112581E-03
2.52965801E+00 1.18414132047202900E-01 2.33419571174623124E-03 -4.35218306654950541E-03
2.59829424E+00 1.18195171216763095E-01 2.39289519037540113E-03 -4.56865725574765578E-05
2.66730691E+00 1.17969136703276342E-01 2.45403394263232332E-03 4.51093239643023721E-03
2.73672898E+00 1.17735493034339250E-01 2.51801825858172191E-03 9.29187123395876571E-03
2.80659691E+00 1.17493642892434982E-01 2.58534461639741992E-03 1.42700949457249329E-02
2.87685121E+00 1.17243276042130529E-01 2.65652867391046868E-03 1.94105878888118331E-02
2.94749101E+00 1.16983828255898703E-01 2.73226352337039907E-03 2.46811179274135616E-02
3.01855133E+00 1.16714515078705200E-01 2.81341263213699287E-03 3.00518250828715888E-02
3.09007084E+00 1.16434408650737717E-01 2.90097538082849426E-03 3.54936572218298163E-02
3.16209180E+00 1.16142400959467429E-01 2.99602433767513863E-03 4.09789054504854644E-02
3.23465991E+00 1.15837182047105636E-01 3.09955186168879614E-03 4.64817634251057793E-02
3.30782419E+00 1.15517259239951514E-01 3.21237506878108712E-03 5.19787380397360305E-02
3.38163682E+00 1.15181008123940692E-01 3.33529679441320033E-03 5.74487598881458089E-02
3.45605230E+00 1.14827207320870053E-01 3.46917247919142566E-03 6.28656104673649962E-02
3.53110628E+00 1.14454264309093154E-01 3.61528034027616772E-03 6.82109942045485834E-02
3.60685561E+00 1.14060466351383713E-01 3.77510858568602279E-03 7.34696320278221543E-02
3.68324827E+00 1.13644699785463571E-01 3.94974298605637719E-03 7.86206114471852263E-02
3.76022861E+00 1.13206098973324606E-01 4.13986959183058455E-03 8.36443620115698977E-02
3.83784988E+00 1.12743397298609993E-01 4.34609726660730930E-03 8.85319621958514796E-02
3.91616857E+00 1.12255405762286140E-01 4.56843971914182648E-03 9.32761997448044722E-02
3.99524466E+00 1.11740891911323192E-01 4.80610936420311757E-03 9.78717917391074416E-02
4.07509521E+00 1.11198743452008156E-01 5.05835022018716936E-03 1.02313107459921893E-01
4.15557722E+00 1.10628541046971202E-01 5.32285818458858376E-03 1.06588647556609767E-01
4.23536887E+00 1.10039010105653437E-01 5.59042100414910807E-03 1.10630717554307714E-01
4.31426022E+00 1.09432795539021147E-01 5.85586950081420574E-03 1.14442188013736665E-01
4.39254034E+00 1.08809468819745750E-01 6.11864736510849948E-03 1.18045488198434328E-01
4.47006585E+00 1.08171768925190648E-01 6.37707638563064002E-03 1.21435069032242896E-01
4.54660604E+00 1.07522957323374455E-01 6.62772673953378275E-03 1.24603053132639835E-01
4.62236654E+00 1.06862462263746613E-01 6.86759981743212834E-03 1.27562129171033295E-01
4.69690743E+00 1.06195415058365661E-01 7.09155561502118094E-03 1.30297878832352748E-01
4.76969134E+00 1.05528356408630508E-01 7.29476389185993758E-03 1.32797206415232433E-01
4.84102202E+00 1.04860363058372763E-01 7.47536047564825983E-03 1.35080023616694578E-01
4.91116697E+00 1.04190696073895514E-01 7.63190669188273507E-03 1.37161071471784718E-01
4.98036890E+00 1.03518770708312419E-01 7.76388704725907396E-03 1.39051942907711112E-01
5.04885396E+00 1.02844054068031238E-01 7.87201896014776657E-03 1.40762645999415403E-01
5.11683707E+00 1.02165869239171592E-01 7.95855446109491362E-03 1.42301909231277113E-01
5.18452570E+00 1.01483312991758973E-01 8.02749438590061141E-03 1.43677599778405996E-01
5.25212147E+00 1.00795283797213350E-01 8.08451859756372133E-03 1.44897354977428200E-01
5.31981937E+00 1.00100431240632282E-01 8.13664795782681298E-03 1.45969010483899680E-01
5.38780574E+00 9.93969790876801512E-02 8.19164922274203885E-03 1.46901749397839343E-01
5.45625679E+00 9.86825469041376357E-02 8.25736173098386150E-03 1.47707636071620824E-01
5.52448251E+00 9.79633018179849602E-02 8.33993365530668988E-03 1.48394550407974390E-01
5.59197340E+00 9.72434371724454488E-02 8.44325623731687416E-03 1.48981261356036065E-01
5.65898028E+00 9.65191192796329006E-02 8.56888868296919182E-03 1.49496693614602216E-01
5.72570988E+00 9.57870797279938430E-02 8.71437944193203216E-03 1.49967982886630574E-01
5.79232910E+00 9.50448444473239867E-02 8.87398107867046378E-03 1.50419805814439145E-01
5.85832001E+00 9.42981922194650463E-02 9.03871808416960298E-03 1.50870214602427638E-01
5.92361312E+00 9.35483785782455501E-02 9.19990515614863349E-03 1.51335703175318331E-01
5.98831148E+00 9.27951259830013253E-02 9.35013749406168361E-03 1.51830532502626514E-01
6.05252048E+00 9.20387251229461967E-02 9.48511998616864173E-03 1.52366901500863267E-01
6.11634583E+00 9.12798495939753651E-02 9.60361789617151726E-03 1.52953919132856969E-01
6.17989189E+00 9.05191403230110325E-02 9.70501924632442836E-03 1.53598709331902672E-01
6.24326071E+00 8.97570040695984117E-02 9.78774865755081651E-03 1.54309339507322452E-01
6.30655173E+00 8.89936885902647135E-02 9.84938548194902799E-03 1.55096297863758698E-01
6.36986208E+00 8.82294143222447924E-02 9.88790993035087475E-03 1.55972253008462181E-01
6.43328731E+00 8.74643818674106788E-02 9.90289543783761696E-03 1.56951086632250603E-01
6.49692225E+00 8.66987033635649856E-02 9.89567853680016832E-03 1.58047324170740161E-01
6.56086231E+00 8.59323790323086034E-02 9.86872399264823556E-03 1.59276212379947879E-01
6.62520548E+00 8.51652813933161112E-02 9.82510494390000620E-03 1.60652959780343635E-01
6.69005579E+00 8.43970360744009246E-02 9.76825594032460116E-03 1.62191047177410202E-01
6.75552904E+00 8.36268254284699974E-02 9.70131016484408575E-03 1.63901626721931981E-01
6.82174976E+00 8.28533573813857449E-02 9.62571400426603593E-03 1.65794232557691101E-01
6.88815843E+00 8.20829448171759984E-02 9.54058280894350824E-03 1.67857951816843626E-01
6.95507599E+00 8.13116609771045856E-02 9.44080255616174500E-03 1.70100678452170445E-01
7.02284706E+00 8.05357728970061415E-02 9.32024517429293729E-03 1.72534385291005649E-01
7.09184109E+00 7.97517386945939960E-02 9.17604254257489704E-03 1.75175151705505017E-01
7.16245146E+00 7.89559577493608583E-02 9.01137985705087116E-03 1.78042242821012081E-01
7.23441086E+00 7.81522815640490753E-02 8.83363277065115152E-03 1.81126446242660832E-01
7.30413121E+00 7.73811215916536815E-02 8.65850122455323785E-03 1.84264160152962014E-01
7.37214742E+00 7.66368069915243366E-02 8.49076930891469982E-03 1.87435540136577483E-01
7.43894880E+00 7.59144456650233668E-02 8.33428443715520349E-03 1.90631474115810634E-01
7.50499127E+00 7.52095329153069925E-02 8.19134331532083391E-03 1.93850100602192099E-01
7.57070858E+00 7.45176938521479731E-02 8.06211227366164865E-03 1.97092610048776040E-01
7.63652324E+00 7.38345648505646518E-02 7.94509036730255309E-03 2.00363472979353918E-01
7.70285726E+00 7.31557343834181029E-02 7.83761022899333304E-03 2.03670489096425766E-01
7.77014299E+00 7.24765505833648710E-02 7.73646178570453879E-03 2.07024300012000617E-01
7.83883384E+00 7.17917681085970955E-02 7.63805150670837912E-03 2.10437596227937312E-01
7.90941404E+00 7.10957280336989156E-02 7.53836473343519851E-03 2.13920340801028064E-01
7.98232735E+00 7.03835721259662844E-02 7.43438023861637751E-03 2.17479298584370040E-01
8.05460608E+00 6.96838261578385104E-02 7.32894612877644722E-03 2.20961252312191408E-01
8.12685734E+00 6.89904380191078970E-02 7.22085873757221351E-03 2.24379121500720008E-01
8.19962243E+00 6.82983059419445954E-02 7.11069108180843127E-03 2.27744911974847364E-01
8.27339275E+00 6.76027878618079836E-02 6.99952343507414827E-03 2.31070637943749574E-01
8.34861980E+00 6.68998791896290718E-02 6.88911808763167932E-03 2.34363598539522544E-01
8.42483125E+00 6.61945463044551069E-02 6.78320141931941165E-03 2.37589204121071290E-01
8.50166041E+00 6.54907312607924397E-02 6.68414548050983229E-03 2.40719769296751207E-01
8.57967730E+00 6.47837255222060843E-02 6.59187609685058743E-03 2.43764750316217610E-01
8.65941104E+00 6.40692961478965123E-02 6.50582863572210859E-03 2.46727101386664538E-01
8.74136473E+00 6.33432190895659442E-02 6.42494286925126851E-03 2.49603642869344305E-01
8.82472980E+00 6.26119967635351410E-02 6.34808206207912451E-03 2.52343806016445849E-01
8.90768327E+00 6.18903973489864645E-02 6.27426564068008907E-03 2.54872256121608520E-01
8.98940804E+00 6.11848607672421940E-02 6.20225437011367401E-03 2.57159099234166244E-01
9.07002090E+00 6.04946814605988176E-02 6.13229384998444007E-03 2.59210530383539917E-01
9.15029479E+00 5.98137098443495760E-02 6.06445049682707935E-03 2.61052174419018679E-01
9.23090028E+00 5.91363974411827781E-02 5.99712481342111990E-03 2.62698806483456448E-01
9.31243329E+00 5.84582726450678380E-02 5.92816288592614305E-03 2.64153984857577961E-01
9.39539301E+00 5.77760075953580587E-02 5.85625065258661530E-03 2.65414151020984423E-01
9.47955305E+00 5.70923549875516426E-02 5.77858143733539758E-03 2.66461718020959359E-01
9.56565662E+00 5.64033542353100797E-02 5.69346403115950344E-03 2.67289274484130146E-01
9.65449153E+00 5.57051447351762929E-02 5.60118409538180005E-03 2.67886972934675949E-01
9.74539334E+00 5.50050522519962629E-02 5.50403128541979668E-03 2.68234784441641783E-01
9.83814153E+00 5.43061008170981768E-02 5.40431291137924603E-03 2.68325382654647726E-01
9.93271064E+00 5.36088419881982359E-02 5.30276147100241201E-03 2.68158766570079310E-01
1.00296188E+01 5.29097060003213132E-02 5.20015930177209883E-03 2.67727166154770824E-01
1.01293855E+01 5.22055410974935075E-02 5.09850763314266368E-03 2.67023993450045460E-01
1.02319390E+01 5.14970548956285579E-02 5.00024197568863914E-03 2.66041346973123871E-01
1.03344380E+01 5.08029728521634319E-02 4.90838105847111929E-03 2.64811997328212756E-01
1.04372559E+01 5.01191208340179897E-02 4.81915221835904715E-03 2.63350081128256530E-01
1.05382173E+01 4.94589730144777001E-02 4.73120808014854729E-03 2.61708884727265112E-01
1.06381850E+01 4.88171900691890537E-02 4.64326418541111986E-03 2.59898698527118388E-01
1.07379876E+01 4.81893226827350835E-02 4.55479078718165706E-03 2.57921968776850030E-01
1.08384423E+01 4.75709062527003637E-02 4.46427091665433078E-03 2.55775115985581003E-01
1.09403824E+01 4.69575797873152331E-02 4.37172947691163386E-03 2.53450402739399061E-01
1.10434358E+01 4.63523228925646208E-02 4.27790401145999952E-03 2.50967504893632953E-01
1.11454586E+01 4.57674319821908815E-02 4.18392194573379093E-03 2.48392609749759019E-01
1.12470056E+01 4.51990032766405106E-02 4.08973017565460607E-03 2.45726374290419880E-01
1.13486345E+01 4.46437197862878041E-02 3.99422608726779371E-03 2.42965223615364018E-01
1.14509136E+01 4.40990650399926340E-02 3.89768678892275441E-03 2.40102870060037527E-01
1.15544247E+01 4.35618550900680676E-02 3.80040685689060284E-03 2.37133228104131760E-01
1.16568361E+01 4.30430304085171259E-02 3.70446899493107355E-03 2.34136335319468647E-01
1.17578633E+01 4.25429172823444529E-02 3.61152779089484550E-03 2.31136631599529102E-01
1.18580936E+01 4.20575008675845158E-02 3.52227871617958764E-03 2.28136774442651874E-01
1.19580840E+01 4.15831646602512900E-02 3.43724325527370450E-03 2.25141476337418073E-01
1.20583662E+01 4.11169049551962790E-02 3.35769950017734617E-03 2.22162126268716759E-01
1.21594503E+01 4.06561069963840838E-02 3.28205532546360082E-03 2.19218883469750242E-01
1.22618271E+01 4.01987388213046262E-02 3.20561573743219710E-03 2.16338308084860126E-01
1.23659617E+01 3.97435736450589688E-02 3.12745113708831103E-03 2.13555401319045046E-01
1.24722746E+01 3.92900884320394467E-02 3.05450903871819831E-03 2.10917804848417906E-01
1.25811182E+01 3.88374172040646740E-02 2.99107831904190692E-03 2.08486619750963859E-01
1.26927529E+01 3.83842028293526205E-02 2.93643140718346509E-03 2.06332112859041877E-01
1.28062468E+01 3.79335660028019481E-02 2.88596466874115661E-03 2.04544238047761867E-01
1.29218589E+01 3.74841887010001762E-02 2.83556201381814522E-03 2.03173201012224885E-01
1.30400128E+01 3.70349114261605203E-02 2.78486838023358574E-03 2.02258155458129946E-01
1.31603836E+01 3.65879793066403169E-02 2.73699146296786568E-03 2.01843504460012452E-01
1.32822055E+01 3.61472136716418022E-02 2.69407310488490063E-03 2.01946191101752104E-01
1.34052660E+01 3.57139513265853012E-02 2.65622161199150376E-03 2.02556423894903304E-01
1.35266750E+01 3.52979219216309550E-02 2.62208303761421154E-03 2.03634304530407234E-01
1.36467412E+01 3.48970600964888453E-02 2.58818410110580504E-03 2.05117101585543665E-01
1.37657714E+01 3.45097402506578319E-02 2.55139925607969888E-03 2.06953138437193762E-01
1.38840691E+01 3.41348223496322559E-02 2.50974328588172068E-03 2.09102398111956050E-01
1.40019309E+01 3.37713070414294506E-02 2.46342252290653128E-03 2.11531012668002727E-01
1.41196417E+01 3.34181305264210290E-02 2.41384381846888266E-03 2.14212256553847069E-01
1.42369534E+01 3.30756230708444537E-02 2.36237311891947894E-03 2.17115737044494800E-01
1.43524508E+01 3.27472028469191143E-02 2.31045382867484713E-03 2.20183046772904234E-01
1.44665373E+01 3.24309760516446263E-02 2.25951821436805398E-03 2.23390271246404509E-01
1.45796065E+01 3.21251474814052071E-02 2.21074727635709074E-03 2.26723384884655127E-01
1.46920423E+01 3.18279981925841463E-02 2.16399436804695861E-03 2.30174856161990238E-01
1.48042197E+01 3.15380125581165432E-02 2.11858507495100816E-03 2.33738248335629145E-01
1.49021098E+01 3.12899200091797738E-02 2.07965390717990617E-03 2.36945313257377860E-01
1.50000000E+01 3.10463391423809014E-02 2.04131856055288826E-03 2.40205011102522681E-01
