#  time, MeanKE MeanKEDR MeanP MeanNuT MeanLesProduction
0 1.24699045417004245E-01 4.67622748076392068E-04 -1.16783768910644872E-17 5.73233284473414069E-05 5.31578589125553230E-05
2.94524311E-02 1.24677404548036733E-01 4.67583615864872540E-04 9.35582047479923654E-04 5.73643695156479468E-05 5.31733622214357958E-05
5.89828622E-02 1.24659979659595618E-01 4.67644762363722522E-04 9.24734686228744808E-04 5.74788558465092774E-05 5.32455137734491751E-05
8.85221650E-02 1.24643907876131319E-01 4.67795546918023906E-04 7.95902307135400795E-04 5.76518254820289244E-05 5.33662312481767730E-05
1.18073646E-01 1.24628215906428461E-01 4.68032511947608012E-04 6.10523115894056039E-04 5.78738213541659006E-05 5.35306344986464648E-05
1.47641039E-01 1.24612574732744147E-01 4.68354721282126672E-04 3.61211809863830411E-04 5.81336221573036630E-05 5.37341642433606899E-05
1.77228183E-01 1.24596870906446985E-01 4.68762152647474748E-04 4.80375632473960989E-05 5.84223440785466578E-05 5.39724437712403132E-05
2.06838908E-01 1.24581062953773636E-01 4.69255157958665319E-04 -3.28870087324084853E-04 5.87349027690612719E-05 5.42426659150292345E-05
2.36472412E-01 1.24565135910936153E-01 4.69834186281566589E-04 -7.68666537212227274E-04 5.90679605148671828E-05 5.45431475716917738E-05
2.66116669E-01 1.24549088949373055E-01 4.70499498875610943E-04 -1.27052401960123218E-03 5.94188757786697511E-05 5.48728714601530966E-05
2.95775606E-01 1.24532915447561024E-01 4.71251713581882119E-04 -1.83354997370218059E-03 5.97854533378437838E-05 5.52312467719251669E-05
3.25453082E-01 1.24516609706898387E-01 4.72091553178237324E-04 -2.45679480949893489E-03 6.01660453468935710E-05 5.56180994667411808E-05
3.55152871E-01 1.24500166341349514E-01 4.73019841517666293E-04 -3.13922215475686325E-03 6.05593229231503314E-05 5.60334311010125509E-05
3.84878650E-01 1.24483580072406827E-01 4.74037501005705145E-04 -3.87970081733133567E-03 6.09641416384409672E-05 5.64773131593541763E-05
4.14633986E-01 1.24466845662179887E-01 4.75145550418148510E-04 -4.67699970304122185E-03 6.13795592439360550E-05 5.69499340860692282E-05
4.44422327E-01 1.24449957891839297E-01 4.76345102711392648E-04 -5.52978220091049095E-03 6.18048303575249739E-05 5.74516173829989004E-05
4.74246987E-01 1.24432911555054565E-01 4.77637362711113417E-04 -6.43660017347049990E-03 6.22393764886100071E-05 5.79828057341428933E-05
5.04111137E-01 1.24415701456952188E-01 4.79023624643486320E-04 -7.39588764650609201E-03 6.26827563869451369E-05 5.85440382962743215E-05
5.34017795E-01 1.24398322415528478E-01 4.80505269497305814E-04 -8.40595427458388188E-03 6.31346535476044849E-05 5.91359376127526722E-05
5.63969817E-01 1.24380769264262531E-01 4.82083762212199781E-04 -9.46497865682235581E-03 6.35948757830315188E-05 5.97592074064771603E-05
5.93969891E-01 1.24363036855256320E-01 4.83760648690419485E-04 -1.05710015822727994E-02 6.40633314284798209E-05 6.04146288391979729E-05
6.24020523E-01 1.24345120062714518E-01 4.85537552631695312E-04 -1.17219192924575902E-02 6.45399520207220215E-05 6.11030518534297812E-05
6.54124037E-01 1.24327013786856316E-01 4.87416172190954539E-04 -1.29154768594256456E-02 6.50245965543086029E-05 6.18253867840363569E-05
6.84282567E-01 1.24308712958329542E-01 4.89398276456070648E-04 -1.41492617871829332E-02 6.55170369269374902E-05 6.25826000065018447E-05
7.14489574E-01 1.24290217700702990E-01 4.91485101807304287E-04 -1.54203444973620915E-02 6.60168943132834077E-05 6.33754856138490956E-05
7.44742662E-01 1.24271525677540226E-01 4.93678153865354592E-04 -1.67257685129722743E-02 6.65239205139409506E-05 6.42049739587339862E-05
7.75044144E-01 1.24252631655088736E-01 4.95979319351930875E-04 -1.80626119369626213E-02 6.70380367165772519E-05 6.50721710687200515E-05
8.05396133E-01 1.24233530449886387E-01 4.98390547775499253E-04 -1.94277904479912833E-02 6.75592478675048362E-05 6.59782364026587851E-05
8.35800539E-01 1.24214216924494941E-01 5.00913847071292307E-04 -2.08180485621969162E-02 6.80876299701220077E-05 6.69243805464332848E-05
8.66259062E-01 1.24194685989162071E-01 5.03551279056637692E-04 -2.22299566177918476E-02 6.86233190487513364E-05 6.79118628322702934E-05
8.96773194E-01 1.24174932605432373E-01 5.06304954696821120E-04 -2.36599088590715226E-02 6.91665015456241592E-05 6.89419890259270770E-05
9.27344210E-01 1.24154951790207552E-01 5.09177029180785915E-04 -2.51041227284818785E-02 6.97174031880666025E-05 7.00161090902407489E-05
9.57973174E-01 1.24134738619711485E-01 5.12169696808256313E-04 -2.65586395197857372E-02 7.02762737377801944E-05 7.11356149798461569E-05
9.88660935E-01 1.24114288233141787E-01 5.15285185691313980E-04 -2.80193265493562035E-02 7.08433682775358805E-05 7.23019384048377204E-05
1.01940813E+00 1.24093595835886861E-01 5.18525752274830685E-04 -2.94818809976361389E-02 7.14189305394440018E-05 7.35165484984710675E-05
1.05021517E+00 1.24072656702221229E-01 5.21893675681892868E-04 -3.09418355612285853E-02 7.20031855225653769E-05 7.47809493397779443E-05
1.08108228E+00 1.24051466177369701E-01 5.25391251892999784E-04 -3.23945660317418727E-02 7.25963437062275899E-05 7.60966773210719212E-05
1.11200945E+00 1.24030019678809444E-01 5.29020787771654387E-04 -3.38353008887815054E-02 7.31986117795405870E-05 7.74652983957251935E-05
1.14299648E+00 1.24008312696656783E-01 5.32784594953801408E-04 -3.52591329980192075E-02 7.38102024503510930E-05 7.88884052690546239E-05
1.17404298E+00 1.23986340792992547E-01 5.36684983623871535E-04 -3.66610335354812730E-02 7.44313391733070001E-05 8.03676146065402741E-05
1.20514834E+00 1.23964099599994715E-01 5.40724256205593655E-04 -3.80358682487276847E-02 7.50622556384140499E-05 8.19045643612743141E-05
1.23631179E+00 1.23941584816763054E-01 5.44904701001260971E-04 -3.93784160595794311E-02 7.57031917336424483E-05 8.35009114048418659E-05
1.26753236E+00 1.23918792204723210E-01 5.49228585818820015E-04 -4.06833899086131989E-02 7.63543879588476183E-05 8.51583297997780906E-05
1.29880890E+00 1.23895717581500947E-01 5.53698151632135162E-04 -4.19454597321248027E-02 7.70160800752360292E-05 8.68785102457167354E-05
1.33014012E+00 1.23872356813144457E-01 5.58315606325943646E-04 -4.31592774830742015E-02 7.76884955078251658E-05 8.86631613582474301E-05
1.36152456E+00 1.23848705804562753E-01 5.63083118583113736E-04 -4.43195040768706999E-02 7.83718524999346033E-05 9.05140133184645303E-05
1.39296062E+00 1.23824760488030233E-01 5.68002811977763849E-04 -4.54208380755579330E-02 7.90663620530000528E-05 9.24328238799876416E-05
1.42444656E+00 1.23800516809616096E-01 5.73076759343563885E-04 -4.64580458620763928E-02 7.97722313986896057E-05 9.44213857180164963E-05
1.45598054E+00 1.23775970713428801E-01 5.78306977492089877E-04 -4.74259930061589410E-02 8.04896666286173600E-05 9.64815329679086437E-05
1.48756060E+00 1.23751118123661075E-01 5.83695422361667519E-04 -4.83196764831721540E-02 8.12188717337315128E-05 9.86151441441958371E-05
1.51918469E+00 1.23725954924547590E-01 5.89243984682467003E-04 -4.91342573694297721E-02 8.19600419723821481E-05 1.00824138976738682E-04
1.55085068E+00 1.23700476938496312E-01 5.94954486248509959E-04 -4.98650936087853408E-02 8.27133512318180362E-05 1.03110468348747107E-04
1.58255640E+00 1.23674679902770202E-01 6.00828676890862454E-04 -5.05077724190191382E-02 8.34789364380534188E-05 1.05476100482994041E-04
1.61429962E+00 1.23648559445072942E-01 6.06868232247163982E-04 -5.10581543481004596E-02 8.42568873592194976E-05 1.07923013705650116E-04
1.64607808E+00 1.23622111058155237E-01 6.13074752418774874E-04 -5.15123395043948842E-02 8.50472527952252240E-05 1.10453210967844615E-04
1.67788953E+00 1.23595330072641826E-01 6.19449761595415745E-04 -5.18668323955044780E-02 8.58500658118851702E-05 1.13068761589055542E-04
1.70973173E+00 1.23568211627762353E-01 6.25994708719939015E-04 -5.21184167750265229E-02 8.66653725332245219E-05 1.15771850233647715E-04
1.74160246E+00 1.23540750638677435E-01 6.32710969257917937E-04 -5.22642718698127715E-02 8.74932378312548773E-05 1.18564794484254520E-04
1.77349956E+00 1.23512941761613690E-01 6.39599848154838706E-04 -5.23019629273234546E-02 8.83337197027604914E-05 1.21450014927598109E-04
1.80542094E+00 1.23484779358411789E-01 6.46662584072694286E-04 -5.22294790271629131E-02 8.91868609294421672E-05 1.24430024060879130E-04
1.83736461E+00 1.23456257460620916E-01 6.53900354971107423E-04 -5.20451896919503984E-02 9.00528207504842974E-05 1.27507619386188346E-04
1.86932866E+00 1.23427369726344577E-01 6.61314284978616420E-04 -5.17479579251601540E-02 9.09321962232395641E-05 1.30686387169848050E-04
1.90131136E+00 1.23398109376460383E-01 6.68905452358212324E-04 -5.13370405122474810E-02 9.18256884557987267E-05 1.33970290167272256E-04
1.93331107E+00 1.23368469136586847E-01 6.76674898953312878E-04 -5.08121554296030106E-02 9.27330174227947282E-05 1.37362056310436596E-04
1.96532638E+00 1.23338441237943311E-01 6.84623642015999155E-04 -5.01734588003593870E-02 9.36535077016088010E-05 1.40863998227979819E-04
1.99735601E+00 1.23308017412046278E-01 6.92752687479056685E-04 -4.94215432533981133E-02 9.45868239797989209E-05 1.44479167888228368E-04
2.02939894E+00 1.23277188843182145E-01 7.01063044028144879E-04 -4.85574286353965198E-02 9.55328742527243385E-05 1.48211307076139616E-04
2.06145433E+00 1.23245946108512333E-01 7.09555738399104833E-04 -4.75825492337027811E-02 9.64914186083555748E-05 1.52064296933834549E-04
2.09352160E+00 1.23214279135099664E-01 7.18231832412805299E-04 -4.64987379133802656E-02 9.74616463470000857E-05 1.56041403649703308E-04
2.12560042E+00 1.23182177191799982E-01 7.27092442112909363E-04 -4.53082076519982294E-02 9.84427720936405449E-05 1.60145995265889389E-04
2.15769072E+00 1.23149628863395130E-01 7.36138758056110185E-04 -4.40135306614651833E-02 9.94451416838373724E-05 1.64398064003577564E-04
2.18979272E+00 1.23116621268419490E-01 7.45372052293688915E-04 -4.26176141634602851E-02 1.00463161911732492E-04 1.68794748769459356E-04
2.22190693E+00 1.23083140781120676E-01 7.54793714577678193E-04 -4.11236736128045496E-02 1.01492996941746140E-04 1.73336500557111286E-04
2.25403414E+00 1.23049173141344392E-01 7.64405279244124037E-04 -3.95352108233248539E-02 1.02533407767836494E-04 1.78028254159846080E-04
2.28617547E+00 1.23014703294626021E-01 7.74208447957630379E-04 -3.78559851089005431E-02 1.03583194354713747E-04 1.82876082192932421E-04
2.31833234E+00 1.22979715298509762E-01 7.84205114639110871E-04 -3.60899846741278146E-02 1.04641162762647330E-04 1.87886674217995923E-04
2.35050651E+00 1.22944192270884420E-01 7.94397392408018152E-04 -3.42413987581153059E-02 1.05713920381699412E-04 1.93078466281320504E-04
2.38270003E+00 1.22908115706104382E-01 8.04787626575732980E-04 -3.23145943449249795E-02 1.06814414479461411E-04 1.98477520841538888E-04
2.41491528E+00 1.22871464631095842E-01 8.15378403389028627E-04 -3.03140828773918354E-02 1.07930918507972390E-04 2.04077049502982325E-04
2.44715497E+00 1.22834217280930941E-01 8.26172620844311742E-04 -2.82444834574570244E-02 1.09059031691706633E-04 2.09883127487480109E-04
2.47942211E+00 1.22796351015832583E-01 8.37173520521744389E-04 -2.61105231316318617E-02 1.10197827746965401E-04 2.15907607114343653E-04
2.51172002E+00 1.22757841961802616E-01 8.48384712807300151E-04 -2.39170058720323646E-02 1.11347641325579221E-04 2.22165267842815254E-04
2.54405235E+00 1.22718664708946781E-01 8.59810202883343287E-04 -2.16687901591248386E-02 1.12511060724336537E-04 2.28674688047904160E-04
2.57640657E+00 1.22678812422671438E-01 8.71448454628267143E-04 -1.93719190242834724E-02 1.13691652943711949E-04 2.35452385725829351E-04
2.60878576E+00 1.22638258113360821E-01 8.83303601418683080E-04 -1.70314614476585538E-02 1.14889587609053975E-04 2.42514194216745946E-04
2.64119363E+00 1.22596972379782732E-01 8.95380363903483393E-04 -1.46524345917872899E-02 1.16101555831332301E-04 2.49874079397194846E-04
2.67363423E+00 1.22554924058563192E-01 9.07683984025885247E-04 -1.22398142958237300E-02 1.17325711824821084E-04 2.57547799040296066E-04
2.70611187E+00 1.22512080187340444E-01 9.20220267407710689E-04 -9.79853388099274046E-03 1.18564759356754680E-04 2.65554221343511918E-04
2.73863117E+00 1.22468405698470201E-01 9.32995619583850745E-04 -7.33347275982044935E-03 1.19818110776382340E-04 2.73913008843226151E-04
2.77119701E+00 1.22423863331940247E-01 9.46017086654415257E-04 -4.84945855759883349E-03 1.21081823150280578E-04 2.82644632774453034E-04
2.80381455E+00 1.22378413653191867E-01 9.59292398760202528E-04 -2.35120053499675080E-03 1.22357373846287092E-04 2.91772664565908093E-04
2.83648917E+00 1.22332014738988068E-01 9.72830008352082963E-04 1.56590514362621252E-04 1.23647281756328450E-04 3.01323158596018522E-04
2.86922646E+00 1.22284621865773935E-01 9.86639129152383325E-04 2.66935017094452635E-03 1.24954614559626397E-04 3.11326093167695842E-04
2.90203226E+00 1.22236187045176775E-01 1.00072976750303108E-03 5.18257415786383714E-03 1.26291865006252147E-04 3.21829506000640515E-04
2.93491256E+00 1.22186656956054907E-01 1.01511267808251861E-03 7.69182792927175767E-03 1.27673122182646510E-04 3.32886529653736787E-04
2.96785817E+00 1.22135966226663062E-01 1.02979187099383929E-03 1.01948469722665559E-02 1.29073752185935258E-04 3.44487194604210930E-04
3.00086561E+00 1.22084089093461579E-01 1.04477527243171798E-03 1.26805950784778694E-02 1.30497103091403830E-04 3.56660331905613525E-04
3.03394115E+00 1.22030970819800258E-01 1.06007573427874691E-03 1.51478220231033699E-02 1.31937407347380701E-04 3.69436725037438187E-04
3.06709122E+00 1.21976549553231145E-01 1.07570704662656716E-03 1.75925636320735969E-02 1.33392866155893102E-04 3.82852058924610078E-04
3.10032243E+00 1.21920758541541510E-01 1.09168401178846397E-03 2.00109457683141784E-02 1.34863686614981898E-04 3.96945240852229276E-04
3.13364152E+00 1.21863526690366250E-01 1.10802249210251755E-03 2.23991939798757859E-02 1.36347086274906260E-04 4.11755789580140451E-04
3.16705533E+00 1.21804778700891209E-01 1.12473945094656376E-03 2.47536480109320639E-02 1.37840572948670463E-04 4.27326327233009578E-04
3.20057082E+00 1.21744434982431357E-01 1.14185298778117224E-03 2.70707485169579473E-02 1.39343583219758075E-04 4.43703947000778024E-04
3.23419502E+00 1.21682411396038165E-01 1.15938236595306476E-03 2.93470258803560369E-02 1.40856273836715938E-04 4.60939510831693405E-04
3.26793501E+00 1.21618618937507222E-01 1.17734803482636634E-03 3.15791008324202774E-02 1.42380134113424334E-04 4.79088115127168342E-04
3.30178038E+00 1.21552998117316957E-01 1.19576200031677716E-03 3.37625475652431548E-02 1.43916280858002608E-04 4.98198838834918020E-04
3.33572727E+00 1.21485474158039564E-01 1.21464031757268181E-03 3.58935872009451540E-02 1.45465642408539020E-04 5.18328057725487993E-04
3.36978319E+00 1.21415945067585990E-01 1.23400613712636338E-03 3.79693249868517380E-02 1.47033448405334917E-04 5.39552072874075698E-04
3.40395570E+00 1.21344302021352560E-01 1.25388373712823574E-03 3.99869450409851002E-02 1.48632626681813372E-04 5.61987130029106417E-04
3.43825236E+00 1.21270426828497299E-01 1.27429836775612773E-03 4.19436929908874462E-02 1.50257469367652731E-04 5.85728701350657333E-04
3.47268076E+00 1.21194192257918706E-01 1.29527621703711131E-03 4.38369878352136422E-02 1.51893495437729854E-04 6.10774158083609371E-04
3.50724845E+00 1.21115469906656503E-01 1.31684489436980040E-03 4.56644123764097451E-02 1.53540701324611040E-04 6.37193706074949033E-04
3.54196142E+00 1.21034131456609573E-01 1.33903225513124120E-03 4.74234852172540633E-02 1.55200082076651416E-04 6.65079332217160851E-04
3.57682083E+00 1.20950055071778681E-01 1.36186399787381184E-03 4.91115919542300383E-02 1.56872417923620120E-04 6.94543815715681465E-04
3.61182825E+00 1.20863112613343399E-01 1.38536660315220143E-03 5.07263038114743811E-02 1.58561367714160840E-04 7.25745892513282326E-04
3.64698258E+00 1.20773175860993925E-01 1.40956489330750943E-03 5.22652319647171834E-02 1.60270038560006949E-04 7.58847410767084403E-04
3.68228662E+00 1.20680099326067769E-01 1.43448619859928980E-03 5.37263408059721892E-02 1.61998158654689975E-04 7.93932761369687471E-04
3.71774375E+00 1.20583730500816180E-01 1.46015825791559928E-03 5.51077544421831392E-02 1.63744177998697741E-04 8.31041249306683724E-04
3.75326537E+00 1.20484177658874078E-01 1.48653986843954493E-03 5.64042666839227741E-02 1.65504611603325323E-04 8.70122786404233916E-04
3.78859029E+00 1.20382091972546262E-01 1.51344982842525335E-03 5.76059116543230082E-02 1.67270289048395614E-04 9.10922656063661612E-04
3.82375324E+00 1.20277320022077944E-01 1.54091915811040343E-03 5.87149669031563973E-02 1.69043564207779171E-04 9.53490538484014086E-04
3.85878399E+00 1.20169711490195064E-01 1.56897548219946223E-03 5.97338935618751399E-02 1.70826384650508718E-04 9.97868129345930296E-04
3.89370769E+00 1.20059122118251774E-01 1.59764295389421061E-03 6.06640416439674784E-02 1.72622926571497956E-04 1.04410499924356259E-03
3.92854527E+00 1.19945415090039212E-01 1.62694214688746328E-03 6.15068335181312778E-02 1.74456793147363188E-04 1.09234965067389459E-03
3.96331382E+00 1.19828460474484783E-01 1.65688996898960680E-03 6.22635284001413561E-02 1.76330153817478869E-04 1.14256824021048589E-03
3.99789105E+00 1.19708621016165015E-01 1.68737879366162601E-03 6.29324184615755317E-02 1.78222400832697209E-04 1.19441660664182034E-03
4.03223320E+00 1.19586033303818146E-01 1.71836094756551319E-03 6.35147676613689594E-02 1.80131196708360958E-04 1.24773073155692318E-03
4.06636874E+00 1.19460587462999132E-01 1.74985076482407523E-03 6.40134321545154927E-02 1.82058741414421960E-04 1.30244414345673069E-03
4.10032144E+00 1.19332184282284939E-01 1.78185877925234027E-03 6.44308451005676519E-02 1.84014605921216010E-04 1.35853429931914911E-03
4.13411109E+00 1.19200732554932853E-01 1.81439198720173252E-03 6.47692469780151991E-02 1.85994981018966862E-04 1.41599744125009072E-03
4.16775417E+00 1.19066145476038693E-01 1.84745408293401849E-03 6.50307778706515072E-02 1.88009589006667247E-04 1.47505376331457804E-03
4.20126464E+00 1.18928334842176700E-01 1.88104568838866771E-03 6.52175465677686389E-02 1.90065051521351127E-04 1.53593555634270931E-03
4.23465459E+00 1.18787209293830090E-01 1.91516506058350840E-03 6.53316013970291903E-02 1.92159156978722760E-04 1.59848942529794316E-03
4.26793501E+00 1.18642680171185733E-01 1.94980939974109010E-03 6.53801942430783378E-02 1.94280033739312197E-04 1.66232139303859345E-03
4.30111638E+00 1.18494664800800481E-01 1.98497561219684654E-03 6.53449137681672704E-02 1.96431637004860213E-04 1.72722797187496680E-03
4.33420929E+00 1.18343080360046343E-01 2.02065987780295853E-03 6.52607490602575696E-02 1.98624542139480472E-04 1.79322284543786416E-03
4.36722498E+00 1.18187834812475162E-01 2.05685656518439031E-03 6.51045752956145724E-02 2.00859960576118738E-04 1.86028362573288793E-03
4.40017580E+00 1.18028825036594093E-01 2.09355791232097247E-03 6.48884599429586789E-02 2.03125249242091583E-04 1.92830612519481900E-03
4.43307556E+00 1.17865937595045475E-01 2.13075384262546418E-03 6.46140246313007538E-02 2.05403955064963799E-04 1.99708241894782463E-03
4.46584872E+00 1.17699529130403865E-01 2.16832709229172185E-03 6.42852976237695967E-02 2.07700357684710660E-04 2.06630621593562394E-03
4.49829990E+00 1.17530652892477383E-01 2.20601069241781536E-03 6.39086351378422984E-02 2.09994253782643659E-04 2.13540871933276056E-03
4.53040686E+00 1.17359531489945587E-01 2.24372399704733487E-03 6.34902226627420962E-02 2.12291140181408423E-04 2.20449779570959558E-03
4.56202012E+00 1.17187112408629293E-01 2.28122579034939314E-03 6.30381256907950882E-02 2.14626688301351151E-04 2.27371820050992083E-03
4.59319609E+00 1.17013230544617972E-01 2.31850518212318090E-03 6.25586852922568187E-02 2.16945351762473795E-04 2.34234061212903674E-03
4.62399503E+00 1.16837689320744037E-01 2.35555257786609126E-03 6.20579602166750066E-02 2.19242043232869378E-04 2.41021167451623301E-03
4.65448000E+00 1.16660262842944229E-01 2.39235759122793414E-03 6.15420700880187077E-02 2.21516550602514779E-04 2.47726218853702891E-03
4.68471579E+00 1.16480696747357934E-01 2.42890722763210902E-03 6.10173467984667234E-02 2.23779457189487969E-04 2.54351781130927055E-03
4.71476789E+00 1.16298710400401101E-01 2.46518465191549341E-03 6.04904560849662890E-02 2.26065478700845495E-04 2.60966579635126201E-03
4.74470162E+00 1.16113990833862341E-01 2.50116715340616396E-03 5.99685051863345919E-02 2.28340049919364052E-04 2.67465699553477232E-03
4.77450713E+00 1.15926705788981732E-01 2.53674573637666838E-03 5.94606720144512518E-02 2.30621057029271035E-04 2.73826452520560190E-03
4.80410591E+00 1.15737470274719409E-01 2.57173901239903706E-03 5.89783436484193138E-02 2.32904923852574308E-04 2.80044471813278243E-03
4.83354300E+00 1.15546145583951904E-01 2.60612310765450175E-03 5.85291374184242971E-02 2.35190837051814611E-04 2.86194551493968493E-03
4.86285866E+00 1.15352570727823206E-01 2.63987672479801955E-03 5.81227187782941412E-02 2.37485190589848435E-04 2.92329822866498274E-03
4.89208964E+00 1.15156565198706748E-01 2.67298714628412364E-03 5.77688280516599623E-02 2.39795299153635678E-04 2.98411910938681290E-03
4.92127024E+00 1.14957943298003060E-01 2.70546068845058324E-03 5.74776941014329690E-02 2.42104603472136694E-04 3.04424750832933948E-03
4.95043322E+00 1.14756520561320866E-01 2.73732618224657893E-03 5.72599238856574683E-02 2.44397866948701560E-04 3.10389967368704736E-03
4.97961032E+00 1.14552110527282217E-01 2.76863327940454935E-03 5.71264810010744806E-02 2.46703837817406027E-04 3.16375015946674396E-03
5.00883256E+00 1.14344508090214361E-01 2.79944789105788421E-03 5.70972703480072119E-02 2.49041597320018456E-04 3.22404702200595203E-03
5.03813025E+00 1.14133489361440285E-01 2.82984651662015422E-03 5.71341831956489604E-02 2.51386743222045466E-04 3.28395282420839655E-03
5.06753269E+00 1.13918834043295364E-01 2.85991096718342473E-03 5.73559753470893885E-02 2.53732592590915685E-04 3.34284774212297887E-03
5.09706780E+00 1.13700330852820719E-01 2.88971992790961569E-03 5.76562760863527229E-02 2.56078174765640623E-04 3.40073865091699646E-03
5.12676168E+00 1.13477781291205143E-01 2.91933876294096090E-03 5.81105968343939572E-02 2.58435195307612315E-04 3.45818995848308714E-03
5.15663823E+00 1.13251000876711055E-01 2.94880732112713911E-03 5.87104182364812099E-02 2.60800639265350667E-04 3.51459373366351307E-03
5.18671880E+00 1.13019840942549771E-01 2.97813564802331147E-03 5.94658445256652027E-02 2.63156436795559750E-04 3.56858634407714037E-03
5.21702220E+00 1.12784212182686375E-01 3.00730556712970132E-03 6.03826259631881149E-02 2.65495380994143926E-04 3.61983756497878629E-03
5.24752915E+00 1.12544369429720625E-01 3.03623236763130543E-03 6.14636167587025439E-02 2.67846920227316409E-04 3.66937530619943723E-03
5.27797900E+00 1.12302526821110929E-01 3.06457311213741753E-03 6.26988498605614286E-02 2.70243614124852786E-04 3.71690476104509851E-03
5.30840253E+00 1.12058641656625671E-01 3.09224102661852891E-03 6.40822347280505522E-02 2.72625734998303024E-04 3.76081748809456223E-03
5.33882725E+00 1.11812731061642245E-01 3.11913562815069063E-03 6.56036415281118224E-02 2.74945664379041329E-04 3.79990309186617600E-03
5.36927748E+00 1.11564873009481161E-01 3.14515365891256072E-03 6.72549844631942367E-02 2.77203752346153322E-04 3.83404281471952249E-03
5.39977449E+00 1.11315174301722816E-01 3.17019651231268068E-03 6.90227138648425581E-02 2.79391649875393281E-04 3.86311148553401167E-03
5.43033668E+00 1.11063751108103514E-01 3.19418016770558772E-03 7.08927897404619534E-02 2.81533151023229935E-04 3.88743598787824477E-03
5.46086601E+00 1.10811643822010919E-01 3.21696081522531308E-03 7.28426121071214377E-02 2.83625443264098030E-04 3.90746795845692361E-03
5.49126506E+00 1.10559848579538225E-01 3.23844498882059489E-03 7.48476103931675352E-02 2.85640290814137511E-04 3.92313870897977035E-03
5.52155305E+00 1.10308360977135658E-01 3.25867068945552563E-03 7.68898321738945428E-02 2.87553873096210364E-04 3.93445301842919575E-03
5.55179001E+00 1.10056794555060761E-01 3.27773638815764346E-03 7.89551929280716408E-02 2.89400548192275144E-04 3.94244328464793750E-03
5.58203556E+00 1.09804706642144922E-01 3.29576274641719524E-03 8.10312147666524124E-02 2.91219246363959186E-04 3.94794282756937790E-03
5.61231260E+00 1.09551901373702104E-01 3.31286864830212862E-03 8.31043302750998497E-02 2.93050409110042116E-04 3.95416680606715601E-03
5.64224953E+00 1.09301385949869809E-01 3.32896745543700837E-03 8.51365591072251737E-02 2.94914166563666087E-04 3.96369544010654815E-03
5.67184332E+00 1.09053040617020230E-01 3.34418751565733301E-03 8.71165870204488324E-02 2.96795774452725128E-04 3.97494261145617343E-03
5.70115681E+00 1.08806181422454837E-01 3.35869495550491191E-03 8.90408288766497691E-02 2.98669820557729182E-04 3.98797706404114150E-03
5.73025074E+00 1.08560152879746588E-01 3.37265034515072141E-03 9.09078255978341410E-02 3.00504108940846410E-04 4.00215106240303306E-03
5.75918396E+00 1.08314331912807774E-01 3.38620996963447194E-03 9.27176370830035540E-02 3.02305742765009871E-04 4.01663705729791379E-03
5.78801390E+00 1.08068118789554107E-01 3.39952569182773445E-03 9.44719923388241817E-02 3.04073244730740204E-04 4.03132635243004175E-03
5.81679708E+00 1.07820925415323315E-01 3.41274164190851414E-03 9.61734509354799927E-02 3.05835599550248005E-04 4.04703734788220554E-03
5.84558979E+00 1.07572151401325214E-01 3.42598890476587077E-03 9.78285497502292267E-02 3.07588308713288518E-04 4.06395314955187385E-03
5.87444884E+00 1.07321176301051063E-01 3.43938639553045995E-03 9.94390574950626688E-02 3.09448769019135842E-04 4.08553677900624912E-03
5.90343232E+00 1.07067310337000635E-01 3.45301018447442430E-03 1.01012139003246126E-01 3.11331801571316678E-04 4.10764621076153361E-03
5.93260064E+00 1.06809869595857143E-01 3.46695516693147632E-03 1.02555322646100747E-01 3.13158463957707281E-04 4.12819260392548269E-03
5.96201741E+00 1.06548190488218841E-01 3.48132496974928223E-03 1.04075791885455723E-01 3.14870560368256055E-04 4.14582196288912873E-03
5.99175048E+00 1.06281619793123713E-01 3.49622828099322271E-03 1.05581314599096546E-01 3.16525186716508638E-04 4.16029638603881025E-03
6.02187317E+00 1.06009477523702170E-01 3.51177385124421633E-03 1.07079987060178100E-01 3.18267849415998538E-04 4.17452466267721235E-03
6.05246543E+00 1.05730946141615809E-01 3.52805027988633765E-03 1.08580541282698714E-01 3.20101083005112051E-04 4.19195366633898746E-03
6.08361527E+00 1.05445072755977740E-01 3.54511984755447257E-03 1.10091401420313026E-01 3.22011657514247724E-04 4.21766568158458022E-03
6.11542020E+00 1.05150757154107294E-01 3.56300498875653871E-03 1.11621488322527537E-01 3.23983254747003241E-04 4.25016148117042091E-03
6.14719444E+00 1.04854219978111007E-01 3.58125533745154434E-03 1.13145304434087338E-01 3.25886782258353583E-04 4.28512878771410404E-03
6.17895506E+00 1.04555380096031714E-01 3.59980398517556780E-03 1.14666997682781241E-01 3.27778526580144863E-04 4.32258477872599859E-03
6.21076387E+00 1.04253741545744599E-01 3.61859020491045024E-03 1.16192022556911939E-01 3.29823885248289742E-04 4.36320245227828779E-03
6.24269431E+00 1.03948658056372448E-01 3.63753013720485461E-03 1.17724842967260268E-01 3.31878703092878104E-04 4.40475054261370291E-03
6.27480533E+00 1.03639638966555758E-01 3.65651694742575488E-03 1.19268666305604176E-01 3.33856708830865690E-04 4.44642002326672142E-03
6.30706434E+00 1.03327095248002515E-01 3.67537082911973106E-03 1.20820861660540860E-01 3.35735330522979358E-04 4.48493805971169300E-03
6.33939073E+00 1.03012013144182929E-01 3.69390354564817693E-03 1.22375372522966999E-01 3.37531765458313614E-04 4.51986573990638060E-03
6.37160697E+00 1.02696373534284804E-01 3.71189291410310316E-03 1.23920401590588147E-01 3.39237397059059017E-04 4.55089119854965810E-03
6.40357109E+00 1.02381769447468463E-01 3.72916050284677726E-03 1.25444536070928286E-01 3.40834616917629377E-04 4.57734194216643554E-03
6.43535472E+00 1.02067713020462025E-01 3.74568260613956580E-03 1.26946086398917912E-01 3.42416375710016927E-04 4.60147172913146635E-03
6.46704218E+00 1.01753498171027343E-01 3.76144994208652559E-03 1.28423523468737533E-01 3.43946472551759797E-04 4.62444598423135140E-03
6.49873186E+00 1.01438208709335884E-01 3.77646328239830209E-03 1.29875606524944565E-01 3.45481149407118697E-04 4.64841492924252756E-03
6.53053765E+00 1.01120728165400908E-01 3.79071972831596278E-03 1.31301775153133543E-01 3.47195901717680896E-04 4.67833738130606080E-03
6.56259069E+00 1.00799622913282233E-01 3.80417711457243721E-03 1.32701693683942079E-01 3.48919179660622477E-04 4.70937625401397428E-03
6.59492093E+00 1.00474487371251656E-01 3.81675587486449228E-03 1.34070164940654379E-01 3.50501623141300520E-04 4.73615944249333298E-03
6.62725620E+00 1.00148111552401012E-01 3.82831794009010594E-03 1.35389604048824691E-01 3.51991703278637161E-04 4.76066044816631211E-03
6.65954642E+00 9.98210641930215442E-02 3.83883805501985306E-03 1.36652513308597984E-01 3.53435148481139418E-04 4.78558767014688850E-03
6.69189912E+00 9.94922459815261173E-02 3.84833417864024379E-03 1.37859008817072748E-01 3.54725013169242080E-04 4.80630880286363974E-03
6.72452479E+00 9.91596011835976093E-02 3.85689379684745013E-03 1.39013128338833558E-01 3.55895341016540154E-04 4.82193397804850810E-03
6.75734488E+00 9.88240405208344608E-02 3.86456101742441768E-03 1.40108775507111677E-01 3.57090214626139030E-04 4.83403687968013158E-03
6.78980030E+00 9.84913895898927721E-02 3.87131611541066938E-03 1.41127158831230559E-01 3.58429343897231879E-04 4.84609131903063380E-03
6.82211109E+00 9.81593561847508844E-02 3.87729386279465470E-03 1.42076473803324915E-01 3.59899843965995727E-04 4.85659778526787485E-03
6.85448629E+00 9.78255432982076539E-02 3.88259438903485864E-03 1.42964175293724016E-01 3.61397801761849033E-04 4.86410369717124504E-03
6.88712318E+00 9.74877322511779193E-02 3.88731738138362645E-03 1.43797615463498868E-01 3.62866207785494368E-04 4.86913625014536236E-03
6.91999602E+00 9.71461031422554827E-02 3.89152293517502912E-03 1.44578643120555045E-01 3.64179989972348574E-04 4.87243540064355267E-03
6.95301839E+00 9.68015409721501852E-02 3.89526235799673602E-03 1.45308388732233673E-01 3.65361260940127172E-04 4.87591396777596608E-03
6.98630837E+00 9.64528360012687491E-02 3.89860633327372653E-03 1.45993551440412067E-01 3.66504164283766956E-04 4.88265178466531103E-03
7.01987088E+00 9.60999351371132071E-02 3.90158320653205288E-03 1.46639531020203023E-01 3.67553102562998848E-04 4.88945306038071018E-03
7.05325577E+00 9.57476888685982325E-02 3.90418896433000935E-03 1.47244335058608344E-01 3.68629119952284363E-04 4.89462889523676909E-03
7.08679224E+00 9.53926941951504098E-02 3.90646536657283244E-03 1.47819371773613012E-01 3.69872557241380248E-04 4.90105691690465115E-03
7.12027853E+00 9.50369536032653617E-02 3.90837366438969921E-03 1.48369077519285575E-01 3.71194835212609940E-04 4.90749088347708102E-03
7.15366734E+00 9.46809351912007574E-02 3.90991026591661506E-03 1.48900942710857132E-01 3.72508438501783948E-04 4.91255310257218778E-03
7.18639183E+00 9.43307585238996604E-02 3.91106694936081429E-03 1.49415027561449476E-01 3.73632859264368903E-04 4.91357186433999220E-03
7.21882307E+00 9.39826235311991137E-02 3.91188775260740279E-03 1.49922073209865031E-01 3.74586220335283162E-04 4.91028761833862872E-03
7.25130075E+00 9.36328925092988207E-02 3.91237429300571402E-03 1.50433514791399686E-01 3.75466345583606300E-04 4.90508497931297412E-03
7.28414120E+00 9.32781985316003259E-02 3.91251229294116865E-03 1.50960364698201122E-01 3.76622076987649234E-04 4.90633692785217689E-03
7.31669942E+00 9.29253920731399757E-02 3.91221081658905175E-03 1.51502892677114115E-01 3.77776022051557435E-04 4.91108851521178304E-03
7.34869510E+00 9.25775019393828835E-02 3.91140395802004864E-03 1.52059773825177047E-01 3.78886403302785202E-04 4.91754455833782154E-03
7.38049399E+00 9.22306240478106137E-02 3.91002857977388457E-03 1.52640864050934327E-01 3.79936781895342515E-04 4.92391534826104940E-03
7.41242452E+00 9.18812823438686227E-02 3.90804384599560944E-03 1.53257631247163767E-01 3.80930964618392406E-04 4.92868601420516118E-03
7.44478791E+00 9.15263010051597381E-02 3.90543971431889236E-03 1.53921377583888325E-01 3.81804041686832499E-04 4.93007907624870914E-03
7.47716513E+00 9.11704349316182355E-02 3.90230239574598835E-03 1.54630940201862549E-01 3.82510568736573809E-04 4.92683727962049331E-03
7.50943161E+00 9.08152645451736074E-02 3.89874937010380521E-03 1.55386402841252880E-01 3.83195361654583037E-04 4.92077685791481555E-03
7.54175472E+00 9.04590784905049822E-02 3.89488254221931731E-03 1.56193179814101968E-01 3.83974458151442762E-04 4.91405882749352835E-03
7.57374471E+00 9.01062103423870830E-02 3.89087165940217540E-03 1.57045724584958191E-01 3.84798511923741459E-04 4.90575564047016424E-03
7.60542622E+00 8.97564245269958511E-02 3.88685435739096396E-03 1.57943980170495157E-01 3.85613231279263681E-04 4.89537164147205855E-03
7.63707305E+00 8.94067269860858715E-02 3.88294219871828956E-03 1.58894816341125983E-01 3.86373649619668952E-04 4.88383091203851809E-03
7.66895141E+00 8.90541714039249782E-02 3.87924223633125381E-03 1.59908121515672491E-01 3.87070827559663963E-04 4.87334833066208322E-03
7.69989975E+00 8.87115937561161472E-02 3.87598747813067308E-03 1.60955161282078735E-01 3.87869921133609488E-04 4.87420214026864588E-03
7.73014524E+00 8.83763595352795445E-02 3.87316877070895821E-03 1.62036502452107933E-01 3.88667771502487259E-04 4.87680241601115387E-03
7.76001444E+00 8.80447849451058279E-02 3.87078475504959180E-03 1.63157506295644988E-01 3.89359433176069325E-04 4.87974515639444818E-03
7.78979295E+00 8.77136639556767156E-02 3.86884294982858291E-03 1.64326835963006151E-01 3.89981512362706697E-04 4.88254601661155044E-03
7.81973621E+00 8.73801440220386694E-02 3.86735584107972567E-03 1.65553784687543282E-01 3.90586832186712828E-04 4.88628094564592681E-03
7.84943712E+00 8.70487551677422838E-02 3.86634383295116502E-03 1.66822778585036913E-01 3.91289890597322574E-04 4.89492274768238943E-03
7.87874448E+00 8.67210827765086539E-02 3.86574858006522547E-03 1.68122944497886950E-01 3.91894923162684208E-04 4.90223848811440887E-03
7.90797110E+00 8.63936847994742491E-02 3.86552166886595158E-03 1.69461850201407527E-01 3.92439289199029051E-04 4.90805033621219411E-03
7.93709473E+00 8.60669043706799447E-02 3.86561726083127109E-03 1.70835779682791872E-01 3.92864074394788166E-04 4.91369800462154727E-03
7.96553732E+00 8.57473415489542617E-02 3.86596072936177875E-03 1.72214988656129331E-01 3.93203871836801330E-04 4.92241670913590255E-03
7.99360603E+00 8.54315975505506864E-02 3.86644962695755195E-03 1.73604911531994865E-01 3.93544801196478748E-04 4.93572446241725710E-03
8.02157683E+00 8.51165732163625260E-02 3.86697503261860132E-03 1.75013057847990511E-01 3.93977815921324806E-04 4.95333662338081574E-03
8.04970491E+00 8.47993641225806699E-02 3.86741317013023205E-03 1.76448905461472322E-01 3.94444892333191584E-04 4.97244525256853274E-03
8.07823292E+00 8.44772132870153236E-02 3.86763306653377641E-03 1.77922580595894747E-01 3.94899034774973416E-04 4.99159496624654309E-03
8.10739531E+00 8.41474403291263412E-02 3.86749078901808862E-03 1.79444418063300942E-01 3.95306016679144989E-04 5.00894142659664542E-03
8.13738799E+00 8.38078095548488305E-02 3.86682642552409542E-03 1.81023017780586631E-01 3.95704286966851680E-04 5.02297377920751711E-03
8.16730278E+00 8.34686429243718664E-02 3.86552134012230946E-03 1.82613189997377273E-01 3.96173662685154570E-04 5.03444208053835038E-03
8.19740819E+00 8.31269571448890049E-02 3.86343606069708325E-03 1.84222672338538035E-01 3.96653559843007739E-04 5.04536628873510171E-03
8.22792060E+00 8.27803556463832663E-02 3.86040144771638769E-03 1.85858414814973089E-01 3.97129414355346772E-04 5.05984360018903439E-03
8.25891644E+00 8.24280109478520429E-02 3.85622863716031687E-03 1.87522036588024604E-01 3.97620647226442964E-04 5.07701693824157401E-03
8.29092253E+00 8.20639911849679465E-02 3.85065448371322552E-03 1.89237386548641501E-01 3.98136872264117053E-04 5.09116682414554721E-03
8.32287824E+00 8.17004785681329643E-02 3.84376562862299813E-03 1.90951207992867161E-01 3.98570914661781212E-04 5.09551788867665823E-03
8.35526694E+00 8.13322458479715377E-02 3.83546889340649188E-03 1.92682102379931247E-01 3.99052876092999959E-04 5.09178166349699701E-03
8.38821440E+00 8.09580857775627216E-02 3.82572842425499401E-03 1.94433220960621378E-01 3.99502892266612630E-04 5.08064659195509201E-03
8.42031245E+00 8.05941867016128216E-02 3.81507936557845019E-03 1.96133343806895649E-01 3.99720621121333946E-04 5.06178334676865137E-03
8.45223660E+00 8.02331756814323727E-02 3.80353947481641870E-03 1.97808182932183801E-01 3.99887292104790634E-04 5.03904731400587214E-03
8.48465051E+00 7.98677329116932039E-02 3.79104033778852921E-03 1.99486758527398694E-01 4.00050200170520994E-04 5.01572699945718268E-03
8.51829009E+00 7.94897493698981245E-02 3.77745384675979819E-03 2.01203572357525007E-01 4.00101046718956866E-04 4.98624422191853989E-03
8.55137311E+00 7.91194565124888755E-02 3.76373373113597426E-03 2.02873759907088086E-01 4.00130698500450954E-04 4.95111244131756639E-03
8.58404434E+00 7.87553130518822003E-02 3.75008680522290324E-03 2.04499294185070096E-01 4.00307246741508492E-04 4.91650284507194092E-03
8.61724012E+00 7.83868370093099703E-02 3.73631403331867043E-03 2.06119642892933996E-01 4.00540976981947014E-04 4.88396694226249806E-03
8.65200092E+00 7.80024664806279744E-02 3.72212973015951121E-03 2.07779395528208621E-01 4.00661946631938653E-04 4.85053582770908140E-03
8.68612845E+00 7.76264579926440185E-02 3.70854839851096282E-03 2.09380885718065179E-01 4.00568616635424977E-04 4.81332013850787731E-03
8.72042698E+00 7.72499958310581963E-02 3.69537995215014252E-03 2.10955123049607951E-01 4.00610733429083174E-04 4.77856081774172790E-03
8.75605298E+00 7.68603716646370227E-02 3.68226201952628592E-03 2.12548338695033701E-01 4.00796964186772445E-04 4.74927842024737163E-03
8.79200956E+00 7.64683187597646058E-02 3.66958471643500338E-03 2.14117835867120243E-01 4.00938058245634758E-04 4.72380665728604991E-03
8.82849535E+00 7.60715687740002033E-02 3.65731017839897874E-03 2.15667281956532980E-01 4.01071434419054843E-04 4.69731596383646862E-03
8.86551060E+00 7.56700861125016722E-02 3.64549570388530931E-03 2.17193030203618215E-01 4.00968496933639068E-04 4.66424231833183992E-03
8.90268525E+00 7.52679720211458653E-02 3.63435450404247596E-03 2.18676315001270855E-01 4.00679510249885723E-04 4.62833947688201172E-03
8.94000176E+00 7.48655127427073769E-02 3.62396332167478708E-03 2.20111294645724959E-01 4.00460684236201984E-04 4.60591242585179500E-03
8.97744969E+00 7.44625779742149607E-02 3.61425624360620090E-03 2.21493397120615859E-01 4.00240106005685136E-04 4.58749449747812045E-03
9.01468685E+00 7.40627540545215068E-02 3.60524159315726584E-03 2.22810152518991084E-01 4.00052744507212361E-04 4.57072228927909996E-03
9.05161768E+00 7.36670643996145125E-02 3.59682794496478473E-03 2.24056544609412572E-01 3.99670171306449901E-04 4.55346040267004103E-03
9.08850360E+00 7.32728002995250011E-02 3.58883798929341812E-03 2.25239303036533001E-01 3.99282075715383822E-04 4.53965796870046349E-03
9.12584102E+00 7.28747093214454772E-02 3.58101322834742785E-03 2.26369486752637600E-01 3.98950577798228012E-04 4.52487032703513710E-03
9.16191046E+00 7.24911462792626748E-02 3.57356087227062328E-03 2.27402468378401695E-01 3.98837333379191742E-04 4.51255492188964730E-03
9.19757812E+00 7.21129425076574709E-02 3.56617727761057452E-03 2.28362902553997965E-01 3.98783821300212620E-04 4.50308102381185779E-03
9.23358142E+00 7.17323646918812396E-02 3.55860030385462840E-03 2.29268810455779792E-01 3.98509838199982149E-04 4.48980258128388581E-03
9.27002822E+00 7.13484946365691847E-02 3.55075792571459426E-03 2.30121164117882332E-01 3.98223722497276212E-04 4.47048238105934252E-03
9.30596427E+00 7.09714115493044473E-02 3.54281768047810027E-03 2.30899679016778631E-01 3.97774772898067965E-04 4.44524263889218164E-03
9.34197736E+00 7.05950598892464559E-02 3.53467808807198490E-03 2.31619219744829380E-01 3.97287446528377119E-04 4.42020620816786607E-03
9.37819262E+00 7.02182325459022455E-02 3.52632133924793466E-03 2.32284021076192448E-01 3.96951769321795872E-04 4.39987731961466889E-03
9.41387748E+00 6.98484712590398127E-02 3.51788285149902099E-03 2.32886484899262586E-01 3.96685429584555619E-04 4.38256954832172852E-03
9.44943748E+00 6.94815318511455143E-02 3.50924108079232484E-03 2.33436601983212089E-01 3.96292815953471747E-04 4.36471541097719924E-03
9.48526163E+00 6.91135047898919497E-02 3.50029303534868212E-03 2.33942254789813314E-01 3.95715950542269341E-04 4.34509777941797983E-03
9.52172985E+00 6.87407162381213910E-02 3.49094313815000688E-03 2.34410647069652867E-01 3.95134630070658951E-04 4.32630352655561344E-03
9.55922263E+00 6.83595085744675285E-02 3.48104649559135030E-03 2.34846871769734039E-01 3.94872337081115350E-04 4.31274094329316127E-03
9.59704937E+00 6.79769575291100520E-02 3.47069094714180359E-03 2.35245446686221077E-01 3.94632219725868101E-04 4.29896428277919129E-03
9.63471297E+00 6.75981459277951724E-02 3.45996905624369440E-03 2.35603801908697535E-01 3.94219168296653863E-04 4.28157489534696737E-03
9.67248312E+00 6.72204934399500131E-02 3.44879233856019074E-03 2.35926521020693669E-01 3.93558917392054482E-04 4.26193107571348415E-03
9.71062727E+00 6.68415421268597348E-02 3.43704941674069378E-03 2.36217122582967676E-01 3.92675287424653025E-04 4.24435407830817818E-03
9.74866235E+00 6.64661917578874273E-02 3.42481872472340026E-03 2.36473309268104837E-01 3.91690910577610532E-04 4.22850510097018493E-03
9.78638143E+00 6.60965652574234674E-02 3.41210667878898057E-03 2.36693940591018281E-01 3.90883059886673438E-04 4.21240001921419169E-03
9.82399236E+00 6.57306940065751910E-02 3.39879418797122117E-03 2.36879724860277391E-01 3.90315786594841094E-04 4.19405719556163997E-03
9.86169498E+00 6.53667331525568523E-02 3.38478498374118796E-03 2.37029527490989683E-01 3.89635090454460212E-04 4.16933449616513699E-03
9.89971804E+00 6.50026855831439682E-02 3.37001555951289356E-03 2.37140958077743297E-01 3.88753679047386391E-04 4.13949450060828276E-03
9.93776741E+00 6.46416107530072559E-02 3.35464884848688362E-03 2.37209684703917428E-01 3.87829954108590924E-04 4.11049600304613013E-03
9.97567404E+00 6.42852232614727903E-02 3.33879168929998582E-03 2.37228163632614342E-01 3.86983662517970204E-04 4.08329065492752611E-03
1.00132006E+01 6.39357543481602203E-02 3.32258615885903507E-03 2.37221205294204124E-01 3.86111783472374993E-04 4.05402637590681660E-03
1.00502940E+01 6.35936820258523605E-02 3.30613634696168019E-03 2.37111841742293272E-01 3.85235767207628530E-04 4.02250709483022943E-03
1.00873655E+01 6.32552456566904814E-02 3.28935457021971864E-03 2.36964355541611188E-01 3.84333217088791328E-04 3.98797232627264627E-03
1.01248066E+01 6.29169904281289688E-02 3.27215306932698803E-03 2.36751865956945362E-01 3.83353920886637467E-04 3.94927389026810804E-03
1.01630042E+01 6.25756576114689100E-02 3.25444111527162976E-03 2.36460093367161978E-01 3.82161383814066849E-04 3.90589827357994092E-03
1.02014044E+01 6.22363919210331129E-02 3.23655632554328571E-03 2.36085842128663376E-01 3.80965151972939694E-04 3.86350015930859558E-03
1.02399197E+01 6.18999704431350550E-02 3.21858647727436354E-03 2.35625861207901383E-01 3.80029626974756065E-04 3.82432086223383899E-03
1.02789913E+01 6.15624884397323879E-02 3.20032984736387744E-03 2.35071572825933800E-01 3.79107100204430691E-04 3.78535936435842523E-03
1.03184033E+01 6.12257496475773280E-02 3.18189175876380792E-03 2.34424166828088365E-01 3.78188021815932583E-04 3.74498449068281754E-03
1.03585567E+01 6.08863217722016292E-02 3.16310085701147466E-03 2.33673849052388388E-01 3.77373732408391117E-04 3.70305298746827173E-03
1.03994599E+01 6.05441995945721484E-02 3.14396377704285199E-03 2.32815262035643677E-01 3.76484765369200969E-04 3.65930126401076789E-03
1.04407760E+01 6.02022880343715192E-02 3.12466220705218340E-03 2.31853280445052989E-01 3.75500961116989780E-04 3.61426792327001383E-03
1.04819874E+01 5.98648974302239609E-02 3.10548264873074416E-03 2.30801011589447463E-01 3.74416631122215715E-04 3.56793894746020154E-03
1.05235461E+01 5.95283799247607326E-02 3.08629311149567591E-03 2.29649069274956236E-01 3.73271304474796935E-04 3.52164370966969505E-03
1.05658897E+01 5.91892772963401453E-02 3.06696559090955572E-03 2.28385344167077897E-01 3.72110804958256396E-04 3.47462431111726080E-03
1.06087940E+01 5.88494459493163688E-02 3.04765902530858409E-03 2.27016091717946178E-01 3.71193319113972031E-04 3.43013723591792429E-03
1.06523227E+01 5.85083133372820488E-02 3.02835397823098809E-03 2.25539789768244348E-01 3.70407661824540273E-04 3.38742303202411305E-03
1.06963306E+01 5.81669554197760674E-02 3.00911144156737649E-03 2.23961223007213495E-01 3.69736373375697343E-04 3.34761339541427439E-03
1.07409857E+01 5.78240294635218033E-02 2.98986385935962051E-03 2.22273808781473181E-01 3.69031308199331966E-04 3.30669066377064754E-03
1.07863562E+01 5.74790700916441230E-02 2.97063856619564099E-03 2.20473852835769646E-01 3.68168268975199036E-04 3.26454157767922578E-03
1.08321580E+01 5.71342974151410957E-02 2.95162899745263999E-03 2.18571953772765420E-01 3.67157890401117158E-04 3.22194999089049899E-03
1.08777258E+01 5.67946188749940545E-02 2.93317340512919177E-03 2.16598450327507797E-01 3.66097749641464099E-04 3.18027349636935920E-03
1.09233142E+01 5.64580200291218554E-02 2.91524115756307397E-03 2.14542731898627520E-01 3.65240504347577990E-04 3.14205157792180187E-03
1.09691882E+01 5.61224518900635128E-02 2.89779237358843466E-03 2.12390199564733595E-01 3.64643146195495324E-04 3.10533323473417182E-03
1.10152586E+01 5.57884168682586529E-02 2.88089975307193741E-03 2.10144224365681448E-01 3.64218285684727368E-04 3.06960328167464602E-03
1.10612236E+01 5.54579485745794812E-02 2.86467129019683277E-03 2.07819687084152216E-01 3.63691376237856325E-04 3.03345744633996568E-03
1.11074489E+01 5.51284216672922253E-02 2.84896278754200602E-03 2.05399262247555586E-01 3.63025121367236412E-04 2.99706472158742590E-03
1.11542899E+01 5.47974177662454362E-02 2.83361773691544888E-03 2.02866155463963221E-01 3.62334066429343381E-04 2.96233507059349586E-03
1.12013586E+01 5.44678029718280721E-02 2.81867578028474576E-03 2.00246546926653973E-01 3.61625635126851415E-04 2.93150091022200722E-03
1.12485921E+01 5.41400662850414841E-02 2.80402188894180457E-03 1.97552866814144967E-01 3.60923288304963264E-04 2.90333915191938550E-03
1.12963031E+01 5.38120803969531977E-02 2.78943332999172493E-03 1.94779000941085439E-01 3.60254472413209256E-04 2.87605585730345585E-03
1.13448073E+01 5.34818054355810021E-02 2.77471254717551706E-03 1.91922627848307131E-01 3.59693064833937982E-04 2.84916879281108849E-03
1.13940526E+01 5.31496947014009138E-02 2.75977844541110302E-03 1.89008724041747955E-01 3.59265111661857275E-04 2.82137795411726558E-03
1.14425349E+01 5.28257886716676298E-02 2.74499625766041729E-03 1.86154818316763282E-01 3.58767358114422572E-04 2.79198867593887651E-03
1.14907196E+01 5.25068478679688866E-02 2.73019306417343057E-03 1.83358682148636098E-01 3.58143382994573396E-04 2.76237326116013501E-03
1.15391033E+01 5.21895332547023874E-02 2.71520512344377478E-03 1.80618472948340658E-01 3.57510590137853526E-04 2.73455266247311403E-03
1.15878000E+01 5.18730214408260545E-02 2.69997677253929749E-03 1.77965132769265955E-01 3.56876253665683351E-04 2.70669865865773599E-03
1.16362280E+01 5.15609939387528735E-02 2.68468201161519782E-03 1.75471241959621077E-01 3.56363795531899744E-04 2.67930316127448732E-03
1.16845274E+01 5.12524098827129293E-02 2.66927307273019014E-03 1.73165231973512607E-01 3.55954647549112924E-04 2.65193855714514638E-03
1.17328678E+01 5.09460967146540059E-02 2.65368621193022049E-03 1.71074141035446631E-01 3.55422304669036784E-04 2.62374338848347845E-03
1.17814373E+01 5.06408729457863763E-02 2.63785588526126418E-03 1.69227627021933780E-01 3.54699693266021182E-04 2.59445279045029823E-03
1.18304334E+01 5.03355987028081542E-02 2.62172283589671550E-03 1.67658953367234992E-01 3.53888420700492899E-04 2.56466872230517529E-03
1.18800558E+01 5.00291184326781130E-02 2.60521200291908813E-03 1.66408022737291605E-01 3.53087814850510935E-04 2.53528435591310200E-03
1.19305023E+01 4.97202734807222560E-02 2.58823918905682097E-03 1.65516893576740459E-01 3.52399250869509125E-04 2.50612849303953264E-03
1.19806726E+01 4.94157575005772856E-02 2.57116748212353474E-03 1.65041674659797272E-01 3.51700529879246421E-04 2.47541544947720883E-03
1.20299160E+01 4.91194264072412137E-02 2.55425280045858951E-03 1.64987878896274254E-01 3.50899971376386285E-04 2.44574795266774749E-03
1.20788420E+01 4.88275626334768176E-02 2.53731372794451047E-03 1.65318382355307825E-01 3.50041189587786108E-04 2.41607783334013950E-03
1.21280018E+01 4.85369342954626304E-02 2.52018194528250790E-03 1.66057457768263639E-01 3.49234968559095419E-04 2.38417366843594793E-03
1.21779104E+01 4.82446318968342072E-02 2.50269664347861111E-03 1.67178733991469153E-01 3.48382546984692240E-04 2.35010749863302695E-03
1.22290452E+01 4.79480838422448458E-02 2.48470827576962152E-03 1.68707251861900664E-01 3.47313290603526133E-04 2.31355130311803594E-03
1.22797062E+01 4.76572591912061902E-02 2.46684175619709973E-03 1.70575507127928572E-01 3.46117954764409738E-04 2.27648516532712696E-03
1.23304450E+01 4.73690192980943670E-02 2.44894301467970914E-03 1.72746264828543911E-01 3.44965683713537421E-04 2.24057203538893194E-03
1.23817760E+01 4.70805112724543839E-02 2.43085791840826591E-03 1.75192059510448639E-01 3.43992331334114275E-04 2.20738183394316584E-03
1.24341955E+01 4.67890234563881346E-02 2.41241870375868105E-03 1.77891942170844725E-01 3.43243830365729809E-04 2.17689662167822951E-03
1.24876279E+01 4.64950179899691965E-02 2.39365466505117672E-03 1.80792151214508673E-01 3.42562410745459486E-04 2.14916065924082014E-03
1.25415365E+01 4.62014000717293760E-02 2.37475681253440261E-03 1.83802314161237684E-01 3.41888639709972267E-04 2.12351519153941744E-03
1.25947129E+01 4.59145648377898216E-02 2.35616047477310792E-03 1.86791380651697425E-01 3.41099002726772999E-04 2.09791747149213129E-03
1.26473729E+01 4.56331891238385134E-02 2.33784021966388506E-03 1.89708712901452359E-01 3.40243097775769254E-04 2.07113783623234793E-03
1.26996759E+01 4.53563402823705525E-02 2.31980793262475012E-03 1.92515288282597952E-01 3.39279654687920794E-04 2.04292708491890084E-03
1.27512258E+01 4.50860263791798138E-02 2.30225438602857640E-03 1.95156192325406180E-01 3.38254116377786603E-04 2.01362443748375960E-03
1.28020800E+01 4.48218528798270469E-02 2.28519257375259330E-03 1.97609986740276355E-01 3.37390503179198415E-04 1.98442087367200733E-03
1.28524273E+01 4.45627168624826778E-02 2.26855480638074722E-03 1.99872547649790400E-01 3.36609490121564186E-04 1.95611108965056558E-03
1.29024531E+01 4.43075600159444291E-02 2.25225008887313533E-03 2.01946200655650915E-01 3.35966224459745538E-04 1.92934405317422711E-03
1.29523396E+01 4.40553943681917110E-02 2.23617515095294195E-03 2.03839271812416623E-01 3.35290957448105252E-04 1.90422544171336993E-03
1.30020814E+01 4.38062280053750086E-02 2.22028168073243543E-03 2.05553534668529048E-01 3.34478314689277381E-04 1.87931845946917673E-03
1.30512757E+01 4.35620742948163650E-02 2.20466688576890796E-03 2.07084595717357267E-01 3.33526644570723027E-04 1.85431640575241794E-03
1.31000921E+01 4.33220750940033206E-02 2.18926731112914410E-03 2.08453381438620605E-01 3.32551407818887487E-04 1.82923386848093061E-03
1.31486961E+01 4.30854114357173829E-02 2.17403364804207933E-03 2.09677514295979389E-01 3.31608824992259891E-04 1.80398472021506338E-03
1.31972496E+01 4.28512986729698286E-02 2.15892248982572183E-03 2.10775849188133579E-01 3.30761696237169046E-04 1.77868056865433969E-03
1.32459115E+01 4.26189726165868699E-02 2.14388928037482791E-03 2.11766484534993499E-01 3.30198433259980869E-04 1.75428748875116822E-03
1.32946077E+01 4.23887460792738077E-02 2.12894799278451471E-03 2.12664780743398452E-01 3.29774267170355464E-04 1.73083800130555241E-03
1.33430179E+01 4.21620594242318666E-02 2.11418711780035412E-03 2.13481074551244876E-01 3.29284597226436708E-04 1.70777903723220840E-03
1.33912852E+01 4.19381902474390347E-02 2.09956616750261527E-03 2.14233915086493920E-01 3.28713151902245348E-04 1.68521867649725496E-03
1.34395476E+01 4.17164766152429353E-02 2.08505281882966726E-03 2.14940960027798666E-01 3.28005152344856051E-04 1.66233662652716147E-03
1.34879390E+01 4.14963300601427151E-02 2.07062920754241733E-03 2.15618358722388659E-01 3.27176238034652955E-04 1.63932502133499114E-03
1.35365892E+01 4.12771908877317267E-02 2.05627972735456703E-03 2.16280640223562692E-01 3.26377299623897290E-04 1.61710263074535464E-03
1.35852800E+01 4.10600184397120899E-02 2.04207609972287697E-03 2.16938368595896908E-01 3.25602443530313311E-04 1.59551796020448349E-03
1.36339765E+01 4.08449208235052222E-02 2.02802931770888458E-03 2.17604535113631536E-01 3.24892878565320991E-04 1.57456710498681571E-03
1.36822979E+01 4.06335003496743272E-02 2.01424808331024429E-03 2.18287044376016426E-01 3.24351718944697570E-04 1.55486912090891023E-03
1.37303786E+01 4.04250624637443393E-02 2.00069132994548171E-03 2.18999524837166892E-01 3.23889499055200324E-04 1.53600745363809631E-03
1.37783509E+01 4.02189571941527768E-02 1.98732230450484812E-03 2.19752510002569290E-01 3.23354828859045073E-04 1.51697977608396479E-03
1.38263453E+01 4.00145994553785661E-02 1.97411016098579832E-03 2.20555527298377185E-01 3.22818496212822566E-04 1.49800790319193637E-03
1.38744891E+01 3.98114367806305935E-02 1.96102054777049081E-03 2.21418154322598731E-01 3.22296200639173860E-04 1.47945559582631924E-03
1.39229070E+01 3.96089414673834531E-02 1.94801193685620777E-03 2.22350024842460081E-01 3.21770763602371361E-04 1.46132493711801531E-03
1.39713092E+01 3.94083170570102004E-02 1.93514717391326239E-03 2.23350637264872753E-01 3.21215945372640434E-04 1.44403118415561992E-03
1.40195670E+01 3.92100641469141017E-02 1.92243535066099255E-03 2.24422861164125520E-01 3.20586806555871716E-04 1.42735600733841705E-03
1.40678004E+01 3.90136729613609137E-02 1.90981687638749550E-03 2.25570773069434877E-01 3.19903545602787792E-04 1.41169041788182631E-03
1.41161286E+01 3.88186559486388139E-02 1.89722735704936883E-03 2.26798810971436032E-01 3.19212908700667588E-04 1.39720801304084275E-03
1.41646698E+01 3.86245282772826395E-02 1.88459622985441663E-03 2.28110928137503444E-01 3.18457922595310008E-04 1.38247926100481438E-03
1.42135399E+01 3.84308552731781952E-02 1.87186781242044205E-03 2.29510679406092682E-01 3.17722863800485233E-04 1.36769059726557746E-03
1.42627098E+01 3.82377871033669006E-02 1.85902949342523459E-03 2.30996534701257972E-01 3.16929320754952358E-04 1.35219010945308448E-03
1.43119030E+01 3.80464427383284606E-02 1.84614522664085776E-03 2.32557713266433486E-01 3.16145224991441699E-04 1.33667540892398197E-03
1.43610105E+01 3.78572428740607120E-02 1.83323613900292204E-03 2.34186527754438767E-01 3.15373751986024642E-04 1.32150588979627025E-03
1.44101055E+01 3.76698832239590886E-02 1.82027786772818220E-03 2.35878582325435404E-01 3.14614582724997819E-04 1.30639911167967676E-03
1.44591344E+01 3.74845473125571191E-02 1.80728095164147274E-03 2.37626374140598950E-01 3.13846886411383804E-04 1.29136336541186419E-03
1.45079700E+01 3.73016915490125486E-02 1.79427675890404554E-03 2.39418634842620520E-01 3.13022375423869658E-04 1.27634467494120102E-03
1.45566849E+01 3.71210159979462051E-02 1.78124732239664510E-03 2.41250425227280046E-01 3.12155827259257403E-04 1.26128480627931208E-03
1.46053560E+01 3.69422193450748837E-02 1.76817480991802475E-03 2.43117011805196431E-01 3.11370882874691210E-04 1.24705827351447029E-03
1.46540633E+01 3.67649794228589386E-02 1.75503321530951699E-03 2.45014317084649297E-01 3.10586715015268413E-04 1.23305961584080836E-03
1.47028889E+01 3.65889928908605389E-02 1.74179807343775210E-03 2.46938665100232213E-01 3.09725905483909322E-04 1.21885467161512669E-03
1.47519157E+01 3.64139834066934329E-02 1.72845060525147272E-03 2.48886497989006528E-01 3.08789674513182573E-04 1.20442291343486347E-03
1.48010333E+01 3.62403727153197894E-02 1.71502824967814551E-03 2.50846339326435130E-01 3.07940298297941181E-04 1.19052994225419032E-03
1.48501507E+01 3.60684754783384826E-02 1.70155865422541726E-03 2.52806840372194253E-01 3.06990040793933539E-04 1.17633337279732198E-03
1.48993505E+01 3.58980172069721867E-02 1.68803148395869755E-03 2.54763719101790631E-01 3.05925076547679730E-04 1.16162147630875486E-03
1.49485119E+01 3.57294383391979498E-02 1.67449690197668272E-03 2.56704835442504664E-01 3.04801279383913788E-04 1.14655253092683647E-03
1.49742560E+01 3.56418597549143235E-02 1.66739839774874589E-03 2.57719412904051093E-01 3.04220190557175844E-04 1.13858669873163898E-03
1.50000000E+01 3.55547721447894635E-02 1.66030027998378201E-03 2.58723433245264478E-01 3.03659233954380297E-04 1.13062650835074542E-03
