#  time, MeanKE MeanKEDR MeanP
0 1.24924716013033330E-01 4.68467768164619505E-04 -5.53602782891480650E-18
1.47262156E-02 1.24915981161203060E-01 4.82701739978611357E-04 2.36070879984477114E-04
2.94623693E-02 1.24908354803716926E-01 4.82704505942543806E-04 2.49066901883164874E-04
4.41998299E-02 1.24901094840716251E-01 4.82730817210970289E-04 2.25489264360679935E-04
5.89390158E-02 1.24893952016341153E-01 4.82779670975459893E-04 1.86386139197859322E-04
7.36804029E-02 1.24886842808097615E-01 4.82850747551840146E-04 1.30332211173486018E-04
8.84244851E-02 1.24879738989024561E-01 4.82943960605005155E-04 5.73928864703466204E-05
1.03171761E-01 1.24872630767681653E-01 4.83059306872809428E-04 -3.27406897617611711E-05
1.17921918E-01 1.24865514890311807E-01 4.83196807941967588E-04 -1.39901045676974628E-04
1.32673633E-01 1.24858390640767536E-01 4.83356485116499324E-04 -2.64051478649991885E-04
1.47427412E-01 1.24851257106479333E-01 4.83538382822697090E-04 -4.05138952910269175E-04
1.62183754E-01 1.24844113603279058E-01 4.83742554321740803E-04 -5.63105340388489473E-04
1.76943159E-01 1.24836959523432281E-01 4.83969060852890056E-04 -7.37887895446640452E-04
1.91706121E-01 1.24829794285023277E-01 4.84217971369897931E-04 -9.29419153602975188E-04
2.06473132E-01 1.24822617315061501E-01 4.84489362414946580E-04 -1.13762689221447427E-03
2.21244678E-01 1.24815428043872190E-01 4.84783318037694674E-04 -1.36243404192286669E-03
2.36021242E-01 1.24808225903265221E-01 4.85099929728692700E-04 -1.60375857402673657E-03
2.50803300E-01 1.24801010325915937E-01 4.85439296356618769E-04 -1.86151337379330400E-03
2.65591325E-01 1.24793780745201852E-01 4.85801524105881964E-04 -2.13560610272205435E-03
2.80385780E-01 1.24786536595159564E-01 4.86186726413341747E-04 -2.42593905062983258E-03
2.95187125E-01 1.24779277310510375E-01 4.86595023903719809E-04 -2.73240897829257886E-03
3.09995813E-01 1.24772002326682910E-01 4.87026544323407144E-04 -3.05490695146424639E-03
3.24811016E-01 1.24764711705073209E-01 4.87481383016065591E-04 -3.39328883164980713E-03
3.39632038E-01 1.24757405445010933E-01 4.87959638289991006E-04 -3.74740208088272493E-03
3.54459337E-01 1.24750082975867316E-01 4.88461447955480365E-04 -4.11711253565034529E-03
3.69293364E-01 1.24742743727785238E-01 4.88986957249456741E-04 -4.50228017505721265E-03
3.84134563E-01 1.24735387131579667E-01 4.89536318282831023E-04 -4.90275875261002390E-03
3.98983369E-01 1.24728012618720463E-01 4.90109689963521612E-04 -5.31839550058724533E-03
4.13840212E-01 1.24720619621385323E-01 4.90707237917621100E-04 -5.74903092295165914E-03
4.28705508E-01 1.24713207572478918E-01 4.91329134408735645E-04 -6.19449858081438671E-03
4.43579669E-01 1.24705775905702781E-01 4.91975558255341007E-04 -6.65462487195468601E-03
4.58463094E-01 1.24698324055590060E-01 4.92646694746133465E-04 -7.12922880472535107E-03
4.73356175E-01 1.24690851457549962E-01 4.93342735553298412E-04 -7.61812176558543993E-03
4.88259292E-01 1.24683357547936385E-01 4.94063878643801043E-04 -8.12110728315939244E-03
5.03172816E-01 1.24675841764073564E-01 4.94810328188573256E-04 -8.63798078672881227E-03
5.18097107E-01 1.24668303544322595E-01 4.95582294469609774E-04 -9.16852936120599905E-03
5.33032515E-01 1.24660742328119217E-01 4.96379993784711883E-04 -9.71253149927230400E-03
5.47978944E-01 1.24653157775785617E-01 4.97203624478069722E-04 -1.02697405493274337E-02
5.62935193E-01 1.24645550107552863E-01 4.98053325240026355E-04 -1.08398571451808305E-02
5.77901622E-01 1.24637918750903631E-01 4.98929320969296775E-04 -1.14226293218748134E-02
5.92878577E-01 1.24630263134677594E-01 4.99831843661287700E-04 -1.20177960286114612E-02
6.07866396E-01 1.24622582688886596E-01 5.00761131020522731E-04 -1.26250867835201574E-02
6.22865403E-01 1.24614876844703584E-01 5.01717426355082364E-04 -1.32442214018814227E-02
6.37875911E-01 1.24607145034477729E-01 5.02700978469017095E-04 -1.38749097464523075E-02
6.52898222E-01 1.24599386691777947E-01 5.03712041552733386E-04 -1.45168514817598897E-02
6.67932622E-01 1.24591601251447900E-01 5.04750875071315421E-04 -1.51697358317980265E-02
6.82979389E-01 1.24583788149656705E-01 5.05817743650906031E-04 -1.58332413407176395E-02
6.98038786E-01 1.24575946823946668E-01 5.06912916963028282E-04 -1.65070356401704997E-02
7.13111063E-01 1.24568076713287137E-01 5.08036669606998551E-04 -1.71907752225333339E-02
7.28196458E-01 1.24560177258117424E-01 5.09189280990243937E-04 -1.78841052200151319E-02
7.43295194E-01 1.24552247900396207E-01 5.10371035206553408E-04 -1.85866591949951053E-02
7.58407483E-01 1.24544288083654101E-01 5.11582220912272533E-04 -1.92980589373262616E-02
7.73533523E-01 1.24536297253026146E-01 5.12823131200482261E-04 -2.00179142755680765E-02
7.88673496E-01 1.24528274855304377E-01 5.14094063473319253E-04 -2.07458228971221098E-02
8.03827575E-01 1.24520220338977416E-01 5.15395319312521283E-04 -2.14813701857222879E-02
8.18995914E-01 1.24512133154274771E-01 5.16727204348325074E-04 -2.22241290709655724E-02
8.34178658E-01 1.24504012753190910E-01 5.18090028126714955E-04 -2.29736598955466755E-02
8.49375935E-01 1.24495858589534131E-01 5.19484103975088266E-04 -2.37295103012379882E-02
8.64586864E-01 1.24487670655685251E-01 5.20909656016024444E-04 -2.44911645610224708E-02
8.79811476E-01 1.24479448451289609E-01 5.22366990666154815E-04 -2.52581405504187229E-02
8.95049911E-01 1.24471191413663598E-01 5.23856430123884487E-04 -2.60299493808099150E-02
9.10302294E-01 1.24462898982065598E-01 5.25378300297692918E-04 -2.68060893208169025E-02
9.25568734E-01 1.24454570597678629E-01 5.26932930478675042E-04 -2.75860459147891368E-02
9.40849329E-01 1.24446205703592466E-01 5.28520653198157552E-04 -2.83692920088493526E-02
9.56144160E-01 1.24437803744840605E-01 5.30141804083603119E-04 -2.91552877899882192E-02
9.71453296E-01 1.24429364168415366E-01 5.31796721713074030E-04 -2.99434808540656079E-02
9.86776790E-01 1.24420886423317445E-01 5.33485747468247771E-04 -3.07333063048558751E-02
1.00211468E+00 1.24412369960555255E-01 5.35209225386063035E-04 -3.15241868871798392E-02
1.01746700E+00 1.24403814233179283E-01 5.36967502009208248E-04 -3.23155331505360979E-02
1.03283375E+00 1.24395218696299756E-01 5.38760926235458447E-04 -3.31067436540177992E-02
1.04821494E+00 1.24386582807091764E-01 5.40589849166011227E-04 -3.38972052015955386E-02
1.06361055E+00 1.24377906024817353E-01 5.42454623952998041E-04 -3.46862931203782837E-02
1.07902054E+00 1.24369187810826162E-01 5.44355605646185711E-04 -3.54733715764782576E-02
1.09444488E+00 1.24360427628550013E-01 5.46293151039163268E-04 -3.62577939318819015E-02
1.10988351E+00 1.24351624943507988E-01 5.48267618515037758E-04 -3.70389031429655333E-02
1.12533635E+00 1.24342779223292108E-01 5.50279367891874063E-04 -3.78160322015279951E-02
1.14080333E+00 1.24333889937549125E-01 5.52328760268086484E-04 -3.85885046204862275E-02
1.15628435E+00 1.24324956557960775E-01 5.54416157867866307E-04 -3.93556349625477156E-02
1.17177929E+00 1.24315978558212914E-01 5.56541923886930958E-04 -4.01167294153177423E-02
1.18728804E+00 1.24306955413961376E-01 5.58706422338743581E-04 -4.08710864107605654E-02
1.20281045E+00 1.24297886602785221E-01 5.60910017901380975E-04 -4.16179972906267764E-02
1.21834639E+00 1.24288771604138829E-01 5.63153075765288947E-04 -4.23567470184010933E-02
1.23389569E+00 1.24279609899289253E-01 5.65435961482134018E-04 -4.30866149356539871E-02
1.24945818E+00 1.24270400971252873E-01 5.67759040814877882E-04 -4.38068755649403535E-02
1.26503368E+00 1.24261144304713828E-01 5.70122679589393495E-04 -4.45167994561964028E-02
1.28062199E+00 1.24251839385949747E-01 5.72527243547817522E-04 -4.52156540772890997E-02
1.29622291E+00 1.24242485702726627E-01 5.74973098203880248E-04 -4.59027047476764302E-02
1.31183622E+00 1.24233082744204346E-01 5.77460608700416152E-04 -4.65772156126348993E-02
1.32746170E+00 1.24223630000826327E-01 5.79990139669520695E-04 -4.72384506571482399E-02
1.34309910E+00 1.24214126964187752E-01 5.82562055095381393E-04 -4.78856747587526888E-02
1.35874819E+00 1.24204573126909773E-01 5.85176718180364431E-04 -4.85181547732637941E-02
1.37440870E+00 1.24194967982503499E-01 5.87834491214521393E-04 -4.91351606571549249E-02
1.39008038E+00 1.24185311025197920E-01 5.90535735448972986E-04 -4.97359666169216730E-02
1.40576294E+00 1.24175601749795195E-01 5.93280810973458158E-04 -5.03198522879475044E-02
1.42145610E+00 1.24165839651476123E-01 5.96070076598565466E-04 -5.08861039374589111E-02
1.43715958E+00 1.24156024225624648E-01 5.98903889742934733E-04 -5.14340156858170347E-02
1.45287307E+00 1.24146154967613831E-01 6.01782606325928300E-04 -5.19628907488216066E-02
1.46859628E+00 1.24136231372595579E-01 6.04706580666161523E-04 -5.24720426886132463E-02
1.48432890E+00 1.24126252935278236E-01 6.07676165386390700E-04 -5.29607966761971166E-02
1.50007059E+00 1.24116219149679921E-01 6.10691711325111672E-04 -5.34284907579142543E-02
1.51582105E+00 1.24106129508865237E-01 6.13753567455481886E-04 -5.38744771212595272E-02
1.53157994E+00 1.24095983504691920E-01 6.16862080811853009E-04 -5.42981233577866026E-02
1.54734694E+00 1.24085780627516198E-01 6.20017596424499683E-04 -5.46988137162880764E-02
1.56312170E+00 1.24075520365899750E-01 6.23220457263064936E-04 -5.50759503417463797E-02
1.57890388E+00 1.24065202206291414E-01 6.26471004189103572E-04 -5.54289544993696731E-02
1.59469315E+00 1.24054825632715582E-01 6.29769575918301622E-04 -5.57572677709986739E-02
1.61048915E+00 1.24044390126410872E-01 6.33116508992855541E-04 -5.60603532253765649E-02
1.62629154E+00 1.24033895165488545E-01 6.36512137764708706E-04 -5.63376965511559191E-02
1.64209997E+00 1.24023340224561657E-01 6.39956794389908465E-04 -5.65888071455284206E-02
1.65791409E+00 1.24012724774347605E-01 6.43450808835008899E-04 -5.68132191533100642E-02
1.67373355E+00 1.24002048281279253E-01 6.46994508895851043E-04 -5.70104924488713388E-02
1.68955800E+00 1.23991310207079763E-01 6.50588220229543707E-04 -5.71802135578333981E-02
1.70538709E+00 1.23980510008338277E-01 6.54232266400169536E-04 -5.73219965172967472E-02
1.72122048E+00 1.23969647136053143E-01 6.57926968939000515E-04 -5.74354836544464856E-02
1.73705781E+00 1.23958721035170374E-01 6.61672647419769572E-04 -5.75203462121319786E-02
1.75289876E+00 1.23947731144100792E-01 6.65469619549856751E-04 -5.75762843903508889E-02
1.76874298E+00 1.23936676894226785E-01 6.69318201278019768E-04 -5.76030220519252040E-02
1.78459013E+00 1.23925557709381878E-01 6.73218706919117378E-04 -5.76006723819579153E-02
1.80043990E+00 1.23914373005334907E-01 6.77171449298273782E-04 -5.75677159989766568E-02
1.81629195E+00 1.23903122189163509E-01 6.81176739910486747E-04 -5.75059917142377516E-02
1.83214578E+00 1.23891804792342575E-01 6.85234841972914843E-04 -5.74138609809218825E-02
1.84800106E+00 1.23880420220124410E-01 6.89346056870243835E-04 -5.72917342525542106E-02
1.86385753E+00 1.23868967828576260E-01 6.93510699796306453E-04 -5.71394755815659156E-02
1.87971492E+00 1.23857446960803835E-01 6.97729086672317016E-04 -5.69570399395207538E-02
1.89557299E+00 1.23845856946262989E-01 7.02001534191408504E-04 -5.67444152862810192E-02
1.91143149E+00 1.23834197100070514E-01 7.06328360139532553E-04 -5.65016216879255448E-02
1.92729021E+00 1.23822466722291524E-01 7.10709883738366789E-04 -5.62287109738178262E-02
1.94314894E+00 1.23810665097199124E-01 7.15146426010997041E-04 -5.59257664303589655E-02
1.95900746E+00 1.23798791492553739E-01 7.19638310170761237E-04 -5.55929024213034015E-02
1.97486561E+00 1.23786845158817493E-01 7.24185862034003335E-04 -5.52302318362269742E-02
1.99072322E+00 1.23774825328398341E-01 7.28789410456548827E-04 -5.48380340329454943E-02
2.00658012E+00 1.23762731214834179E-01 7.33449287795579961E-04 -5.44163918767105945E-02
2.02243617E+00 1.23750562012000215E-01 7.38165830396454443E-04 -5.39655977066492640E-02
2.03829098E+00 1.23738317111066753E-01 7.42939295672372406E-04 -5.34859118333932682E-02
2.05414435E+00 1.23725995739304068E-01 7.47769997428357589E-04 -5.29776278976740872E-02
2.06999613E+00 1.23713597075931436E-01 7.52658265563946392E-04 -5.24410654456382852E-02
2.08584620E+00 1.23701120279348750E-01 7.57604435116727634E-04 -5.18765698460819380E-02
2.10169444E+00 1.23688564486258964E-01 7.62608846650990541E-04 -5.12845115356602640E-02
2.11754076E+00 1.23675928810771121E-01 7.67671846893329814E-04 -5.06652850693258480E-02
2.13338509E+00 1.23663212343460394E-01 7.72793789397538248E-04 -5.00193081106147311E-02
2.14922737E+00 1.23650414150443977E-01 7.77975035239501182E-04 -4.93470203911472935E-02
2.16506756E+00 1.23637533272416847E-01 7.83215953741827784E-04 -4.86488826395937227E-02
2.18090564E+00 1.23624568723670947E-01 7.88516923229065202E-04 -4.79253754958952477E-02
2.19674162E+00 1.23611519491107130E-01 7.93878331812977516E-04 -4.71769984019940886E-02
2.21257553E+00 1.23598384533218655E-01 7.99300578208693132E-04 -4.64042684882117820E-02
2.22840739E+00 1.23585162779070015E-01 8.04784072581069963E-04 -4.56077194464752020E-02
2.24423728E+00 1.23571853127242962E-01 8.10329237422034764E-04 -4.47879004086581406E-02
2.26006529E+00 1.23558454444790994E-01 8.15936508458456940E-04 -4.39453748207105227E-02
2.27589152E+00 1.23544965566157794E-01 8.21606335590832041E-04 -4.30807193320530135E-02
2.29171609E+00 1.23531385292088000E-01 8.27339183862876274E-04 -4.21945226878772464E-02
2.30753917E+00 1.23517712388531598E-01 8.33135534461952273E-04 -4.12873846463087738E-02
2.32336093E+00 1.23503945585524827E-01 8.38995885750613737E-04 -4.03599149062111792E-02
2.33918155E+00 1.23490083576068971E-01 8.44920754329414776E-04 -3.94127320655248137E-02
2.35500127E+00 1.23476125014986837E-01 8.50910676131254578E-04 -3.84464625997304188E-02
2.37082031E+00 1.23462068517769974E-01 8.56966207547389235E-04 -3.74617398749944874E-02
2.38663895E+00 1.23447906773767352E-01 8.63087713796945499E-04 -3.64516569518556766E-02
2.40245748E+00 1.23433641782868059E-01 8.69275922337692740E-04 -3.54324157404999271E-02
2.41827621E+00 1.23419273430038404E-01 8.75531512341607646E-04 -3.43966862341582025E-02
2.43409546E+00 1.23404800619687102E-01 8.81855153863539279E-04 -3.33450692422480946E-02
2.44991559E+00 1.23390221901232042E-01 8.88247530878804453E-04 -3.22782224323653819E-02
2.46573555E+00 1.23375537012607325E-01 8.94708775340753216E-04 -3.11968994930264948E-02
2.48155513E+00 1.23360744850101525E-01 9.01239353927209231E-04 -3.01018013176638406E-02
2.49737471E+00 1.23345843770624186E-01 9.07839974731149114E-04 -2.89935938405496210E-02
2.51319466E+00 1.23330832077749308E-01 9.14511381539306889E-04 -2.78729415244184583E-02
2.52901539E+00 1.23315708023263942E-01 9.21254350710093385E-04 -2.67405072510200556E-02
2.54483731E+00 1.23300469806774768E-01 9.28069692784136814E-04 -2.55969519312092691E-02
2.56066088E+00 1.23285115574692100E-01 9.34958254099772313E-04 -2.44429339731973665E-02
2.57648657E+00 1.23269643418960365E-01 9.41920918440538528E-04 -2.32791087879745395E-02
2.59231485E+00 1.23254051375723331E-01 9.48958608725551699E-04 -2.21061283397390937E-02
2.60814625E+00 1.23238337423941885E-01 9.56072288748337933E-04 -2.09246407385222100E-02
2.62398129E+00 1.23222499483994080E-01 9.63262964968222618E-04 -1.97352898742610729E-02
2.63982051E+00 1.23206535416245447E-01 9.70531688357527292E-04 -1.85387150955692061E-02
2.65566450E+00 1.23190443019619247E-01 9.77879556308439059E-04 -1.73355509258451661E-02
2.67151337E+00 1.23174220509540258E-01 9.85307500842626856E-04 -1.61264621382016388E-02
2.68736546E+00 1.23157867919022015E-01 9.92815655725650184E-04 -1.49122459672350778E-02
2.70322135E+00 1.23141382967641558E-01 1.00040518278265837E-03 -1.36935273962558932E-02
2.71908164E+00 1.23124763306498061E-01 1.00807732351035112E-03 -1.24709243609750376E-02
2.73494695E+00 1.23108006517787999E-01 1.01583337563592867E-03 -1.12450478598517204E-02
2.75081791E+00 1.23091110113592292E-01 1.02367469548220701E-03 -1.00165022948167995E-02
2.76669519E+00 1.23074071534392079E-01 1.03160270039470443E-03 -8.78588542714217602E-03
2.78257944E+00 1.23056888147464960E-01 1.03961887125225043E-03 -7.55378836133677525E-03
2.79847135E+00 1.23039557245216868E-01 1.04772475507306363E-03 -6.32079555709858226E-03
2.81437162E+00 1.23022076043483572E-01 1.05592196772503772E-03 -5.08748486748667600E-03
2.83028097E+00 1.23004441679785692E-01 1.06421219674889423E-03 -3.85442760217552787E-03
2.84619974E+00 1.22986651650110787E-01 1.07259700364391959E-03 -2.62221865130446213E-03
2.86212584E+00 1.22968706136150643E-01 1.08107675123965559E-03 -1.39163308374866727E-03
2.87806001E+00 1.22950602148649044E-01 1.08965325337238026E-03 -1.63223551773474261E-04
2.89400300E+00 1.22932336610149517E-01 1.09832844718124102E-03 1.06246483987592288E-03
2.90995556E+00 1.22913906354889177E-01 1.10710435653847651E-03 2.28489406517047838E-03
2.92591847E+00 1.22895308127413144E-01 1.11598309568725789E-03 3.50353278212587466E-03
2.94189251E+00 1.22876538580714623E-01 1.12496687300769134E-03 4.71785613297650945E-03
2.95787846E+00 1.22857594274177195E-01 1.13405799494738549E-03 5.92734554074091525E-03
2.97387715E+00 1.22838471671387311E-01 1.14325887013724836E-03 7.13148849321800470E-03
2.98988936E+00 1.22819167137836874E-01 1.15257201370768726E-03 8.32977832397538941E-03
3.00591525E+00 1.22799677769357171E-01 1.16199966298999682E-03 9.52166369913591375E-03
3.02195280E+00 1.22780003266744847E-01 1.17154288518135402E-03 1.07064404205563200E-02
3.03800283E+00 1.22760139807237989E-01 1.18120441995609045E-03 1.18836236988476788E-02
3.05406620E+00 1.22740083456747778E-01 1.19098718141462498E-03 1.30527347287610306E-02
3.07014375E+00 1.22719830169502386E-01 1.20089421331865558E-03 1.42133001548485644E-02
3.08623634E+00 1.22699375785988024E-01 1.21092869476900774E-03 1.53648518466584626E-02
3.10234483E+00 1.22678716030207968E-01 1.22109394610970764E-03 1.65069266298634443E-02
3.11847007E+00 1.22657846506611837E-01 1.23139343510478456E-03 1.76390660172319885E-02
3.13461296E+00 1.22636762696760493E-01 1.24183078341278319E-03 1.87608159440410815E-02
3.15077434E+00 1.22615459955781797E-01 1.25240977337482697E-03 1.98717265023896812E-02
3.16695192E+00 1.22593937781710419E-01 1.26313230295959072E-03 2.09711354397505954E-02
3.18314605E+00 1.22572192103849537E-01 1.27400200563797640E-03 2.20585733821185709E-02
3.19935762E+00 1.22550217994505800E-01 1.28502309344491906E-03 2.31336128321265773E-02
3.21558753E+00 1.22528010382238595E-01 1.29619997826499423E-03 2.41958297593986779E-02
3.23183669E+00 1.22505564048757246E-01 1.30753726809013505E-03 2.52448035789844608E-02
3.24810601E+00 1.22482873624538843E-01 1.31903977557731975E-03 2.62801169228811630E-02
3.26439638E+00 1.22459933583786137E-01 1.33071252689706955E-03 2.73013553670470935E-02
3.28070870E+00 1.22436738238906606E-01 1.34256077088970170E-03 2.83081071548334853E-02
3.29704389E+00 1.22413281734556900E-01 1.35458998852675395E-03 2.92999629264901230E-02
3.31339958E+00 1.22389562786323403E-01 1.36680355617881740E-03 3.02763216659816328E-02
3.32977611E+00 1.22365576186471869E-01 1.37920683485534415E-03 3.12367554557690212E-02
3.34617441E+00 1.22341315661682909E-01 1.39180594300781862E-03 3.21808759536420519E-02
3.36259540E+00 1.22316774742956130E-01 1.40460728303155608E-03 3.31082959481324018E-02
3.37904000E+00 1.22291946759559012E-01 1.41761753475982293E-03 3.40186295764356231E-02
3.39550915E+00 1.22266824831289825E-01 1.43084366584285915E-03 3.49114921203783068E-02
3.41200375E+00 1.22241401859803048E-01 1.44429294212381236E-03 3.57864997025408513E-02
3.42852472E+00 1.22215670519285294E-01 1.45797293798030181E-03 3.66432689800735983E-02
3.44507295E+00 1.22189623274053055E-01 1.47189153250344338E-03 3.74814159543028977E-02
3.46164545E+00 1.22163258564743013E-01 1.48605373587456027E-03 3.83003644272690361E-02
3.47824316E+00 1.22136568461322925E-01 1.50046785140655237E-03 3.90997497680397876E-02
3.49486703E+00 1.22109544761185407E-01 1.51514265720379933E-03 3.98792058517170242E-02
3.51151798E+00 1.22082178982603734E-01 1.53008727984536895E-03 4.06383648610133125E-02
3.52819694E+00 1.22054462354676554E-01 1.54531120231698148E-03 4.13768578121884029E-02
3.54490484E+00 1.22026385805914378E-01 1.56082427095314961E-03 4.20943142017547386E-02
3.56164258E+00 1.21997939952264919E-01 1.57663670129375524E-03 4.27903616565385239E-02
3.57841107E+00 1.21969115084901575E-01 1.59275908266930393E-03 4.34646255822928110E-02
3.59521021E+00 1.21939902910754808E-01 1.60920144226569519E-03 4.41166897804063027E-02
3.61203797E+00 1.21910298287057836E-01 1.62597223298214274E-03 4.47460689943888004E-02
3.62889529E+00 1.21880290621215692E-01 1.64308288170223350E-03 4.53524010566944968E-02
3.64578310E+00 1.21849868949518853E-01 1.66054531067688009E-03 4.59353188495851272E-02
3.66270232E+00 1.21819021932170785E-01 1.67837179903132104E-03 4.64944505676869319E-02
3.67965386E+00 1.21787737846071040E-01 1.69657497342316083E-03 4.70294201763852282E-02
3.69660671E+00 1.21756064865668007E-01 1.71513430634034946E-03 4.75388753381095208E-02
3.71352630E+00 1.21724060715840368E-01 1.73402145248910465E-03 4.80215749880305715E-02
3.73041600E+00 1.21691712829775728E-01 1.75324627699717322E-03 4.84775472271546520E-02
3.74727907E+00 1.21659008326878121E-01 1.77282076828161783E-03 4.89067735983715682E-02
3.76411862E+00 1.21625934094096833E-01 1.79275698629364870E-03 4.93092066354341302E-02
3.78093766E+00 1.21592476815913245E-01 1.81306703885093291E-03 4.96847816639812423E-02
3.79772722E+00 1.21558647131668598E-01 1.83374911716454821E-03 5.00331657643053110E-02
3.81447644E+00 1.21524460574034224E-01 1.85479732734581066E-03 5.03540595194292145E-02
3.83118890E+00 1.21489903601070287E-01 1.87622198180203178E-03 5.06475042002273793E-02
3.84786808E+00 1.21454962411891923E-01 1.89803424036339308E-03 5.09135092009428344E-02
3.86451739E+00 1.21419622982631717E-01 1.92024514690516002E-03 5.11520598455107584E-02
3.88114017E+00 1.21383871085387701E-01 1.94286559314135222E-03 5.13631221040794853E-02
3.89773969E+00 1.21347692306160715E-01 1.96590627517130882E-03 5.15466426527053725E-02
3.91431913E+00 1.21311072066718831E-01 1.98937764485545296E-03 5.17025488653615820E-02
3.93088162E+00 1.21273995651348832E-01 2.01328985770589299E-03 5.18307486437582093E-02
3.94742941E+00 1.21236450021187520E-01 2.03765163380016960E-03 5.19311244563915447E-02
3.96393742E+00 1.21198485723134519E-01 2.06243226553691353E-03 5.20034049746174731E-02
3.98040659E+00 1.21160095393354095E-01 2.08763308136023255E-03 5.20475741677302942E-02
3.99684001E+00 1.21121266452680787E-01 2.11326015456318479E-03 5.20571844042714282E-02
4.01324085E+00 1.21081986061533212E-01 2.13931938453001610E-03 5.20623529207383182E-02
4.02961228E+00 1.21042241145319765E-01 2.16581632250023408E-03 5.20084720683667290E-02
4.04595752E+00 1.21002018405647796E-01 2.19275617757984679E-03 5.19441441462258693E-02
4.06227983E+00 1.20961304321378374E-01 2.22014382034855465E-03 5.18474387621041394E-02
4.07858252E+00 1.20920085154530718E-01 2.24798378401664441E-03 5.17227771905944336E-02
4.09486893E+00 1.20878346955578642E-01 2.27628026240273224E-03 5.15696406387792655E-02
4.11114247E+00 1.20836075570786183E-01 2.30503710414158751E-03 5.13879666589307366E-02
4.12740658E+00 1.20793256650792102E-01 2.33425780281727247E-03 5.11776198881386743E-02
4.14366474E+00 1.20749875660021572E-01 2.36394548338476592E-03 5.09384602701676431E-02
4.15992048E+00 1.20705917886419989E-01 2.39410288609884052E-03 5.06703390335442733E-02
4.17617038E+00 1.20661363495772597E-01 2.42471755014883822E-03 5.03729877080427990E-02
4.19239719E+00 1.20616272631426907E-01 2.45575348652569969E-03 5.00470746946794914E-02
4.20860470E+00 1.20570637826314941E-01 2.48720831731647201E-03 4.96924970495218124E-02
4.22475583E+00 1.20524567089929022E-01 2.51900534134948725E-03 4.93101892232418529E-02
4.24070193E+00 1.20478503037087736E-01 2.55084851272883301E-03 4.89042004761700774E-02
4.25646647E+00 1.20432399415291852E-01 2.58274137323752503E-03 4.84752774180707210E-02
4.27207068E+00 1.20386211361444020E-01 2.61470539693317485E-03 4.80239112411358915E-02
4.28753371E+00 1.20339896862680373E-01 2.64675964593086939E-03 4.75505123628013893E-02
4.30287275E+00 1.20293417237295155E-01 2.67892077213106308E-03 4.70554780612111243E-02
4.31809185E+00 1.20246772614598763E-01 2.71118039625666213E-03 4.65395897350892734E-02
4.33319588E+00 1.20199960449532101E-01 2.74353029506938179E-03 4.60036574690722080E-02
4.34816786E+00 1.20153047610538272E-01 2.77591806800401263E-03 4.54493274213836548E-02
4.36293726E+00 1.20106277077585449E-01 2.80817713328466480E-03 4.48804732935686387E-02
4.37752894E+00 1.20059591109395222E-01 2.84032624128824785E-03 4.42977655927440025E-02
4.39196526E+00 1.20012935074462548E-01 2.87239296160460462E-03 4.37017875193330685E-02
4.40626626E+00 1.19966258289068220E-01 2.90440120247874214E-03 4.30931544485779125E-02
4.42044988E+00 1.19919514126619178E-01 2.93637138366181641E-03 4.24725482278860561E-02
4.43453213E+00 1.19872659858147254E-01 2.96832058431646846E-03 4.18407360486282437E-02
4.44852733E+00 1.19825656371043573E-01 3.00026271138155876E-03 4.11985867208869219E-02
4.46244821E+00 1.19778467812171455E-01 3.03220870375581078E-03 4.05470840854639178E-02
4.47630618E+00 1.19731061173535172E-01 3.06416677091198800E-03 3.98873375578034511E-02
4.49011147E+00 1.19683405835813605E-01 3.09614265713854158E-03 3.92205898010774337E-02
4.50387337E+00 1.19635473090105318E-01 3.12813992141927838E-03 3.85482216852244611E-02
4.51760035E+00 1.19587235664702557E-01 3.16016022184399323E-03 3.78717548469747617E-02
4.53124293E+00 1.19538874867352179E-01 3.19207823155574820E-03 3.71956722841206427E-02
4.54481891E+00 1.19490333954527836E-01 3.22390690995859753E-03 3.65213081882954094E-02
4.55835095E+00 1.19441534491020102E-01 3.25567949022119701E-03 3.58497648726756879E-02
4.57186224E+00 1.19392392611244222E-01 3.28743095457049040E-03 3.51822182930943347E-02
4.58534360E+00 1.19342942559415160E-01 3.31912500118384038E-03 3.45215394877722986E-02
4.59878652E+00 1.19293217980056876E-01 3.35072200936901207E-03 3.38706293046399584E-02
4.61220020E+00 1.19243186565361550E-01 3.38222114195106107E-03 3.32315443747509889E-02
4.62559364E+00 1.19192815278341330E-01 3.41362347061819650E-03 3.26063933908582182E-02
4.63897590E+00 1.19142069925772920E-01 3.44492984737793106E-03 3.19973383802412900E-02
4.65235619E+00 1.19090914747291929E-01 3.47614108143474206E-03 3.14065698040173341E-02
4.66570740E+00 1.19039455789174312E-01 3.50717869295232541E-03 3.08378542344509600E-02
4.67902445E+00 1.18987716441631169E-01 3.53800704716534945E-03 3.02937913471416596E-02
4.69230944E+00 1.18935692129252590E-01 3.56860873143735298E-03 2.97765170561367053E-02
4.70556496E+00 1.18883375890399948E-01 3.59896818406586381E-03 2.92880285041966087E-02
4.71879413E+00 1.18830758563288147E-01 3.62907143666646101E-03 2.88301534426883728E-02
4.73200048E+00 1.18777828954989589E-01 3.65890699539551901E-03 2.84045299991527340E-02
4.74518793E+00 1.18724574071185113E-01 3.68846647471083710E-03 2.80125940423858223E-02
4.75836069E+00 1.18670979429023882E-01 3.71774455652597270E-03 2.76555683388527672E-02
4.77152314E+00 1.18617029445619554E-01 3.74673815259440402E-03 2.73344533678284984E-02
4.78467978E+00 1.18562707872139059E-01 3.77544504533444463E-03 2.70500198040951635E-02
4.79783511E+00 1.18507998230233211E-01 3.80386251147280365E-03 2.68028029891755476E-02
4.81099354E+00 1.18452884208562356E-01 3.83198643726792619E-03 2.65931001737094615E-02
4.82415930E+00 1.18397349993502474E-01 3.85981128205199796E-03 2.64209719961538171E-02
4.83733644E+00 1.18341380546670719E-01 3.88733094330578725E-03 2.62862508054282143E-02
4.85052870E+00 1.18284961875989539E-01 3.91454013715864489E-03 2.61885590332343703E-02
4.86373956E+00 1.18228081287341316E-01 3.94143556320006565E-03 2.61273157831012834E-02
4.87697220E+00 1.18170727509688697E-01 3.96801626371127633E-03 2.61171517017696544E-02
4.89022952E+00 1.18112890624494982E-01 3.99428314781081779E-03 2.61051275107943466E-02
4.90351424E+00 1.18054561831076196E-01 4.02023807365930672E-03 2.61137616430323349E-02
4.91682888E+00 1.17995733101631139E-01 4.04588298689689211E-03 2.62337086575423033E-02
4.93017590E+00 1.17936396782263198E-01 4.07121942221571383E-03 2.63215392724971860E-02
4.94355776E+00 1.17876545178283831E-01 4.09624839284612394E-03 2.64564285593517912E-02
4.95697705E+00 1.17816170119202923E-01 4.12097065834886832E-03 2.66123602820579619E-02
4.97043653E+00 1.17755262515512091E-01 4.14538741348728472E-03 2.67958852594054157E-02
4.98393924E+00 1.17693811923782518E-01 4.16950128796164839E-03 2.70024832016890169E-02
4.99748861E+00 1.17631806145977499E-01 4.19331731131478581E-03 2.72312941705839043E-02
5.01108845E+00 1.17569230883637757E-01 4.21684337827076938E-03 2.74807181608235189E-02
5.02474308E+00 1.17506069458839749E-01 4.24008986817582274E-03 2.77494912094625006E-02
5.03845731E+00 1.17442302600992907E-01 4.26306843530213728E-03 2.80364660254584369E-02
5.05223644E+00 1.17377908291073363E-01 4.28579042364203230E-03 2.83406805213147310E-02
5.06608633E+00 1.17312861652277098E-01 4.30826559990348142E-03 2.86613614499231749E-02
5.08001308E+00 1.17247135949076750E-01 4.33050149984258448E-03 2.89979287670173343E-02
5.09398238E+00 1.17180895611285640E-01 4.35244456562691034E-03 2.93490179260286893E-02
5.10795870E+00 1.17114313583618540E-01 4.37403974692795842E-03 2.97132234784553487E-02
5.12190878E+00 1.17047553925356221E-01 4.39524060335142689E-03 3.00892275411872023E-02
5.13584415E+00 1.16980567458906143E-01 4.41606895870016222E-03 3.04769535888440440E-02
5.14977560E+00 1.16913306617772161E-01 4.43655008788065072E-03 3.08765297702102461E-02
5.16370683E+00 1.16845756358503583E-01 4.45669910097917961E-03 3.12880447437985931E-02
5.17763376E+00 1.16777938397277806E-01 4.47651961392784344E-03 3.17114544262925083E-02
5.19156693E+00 1.16709802199802884E-01 4.49603462277852264E-03 3.21472030730477268E-02
5.20551553E+00 1.16641302082691134E-01 4.51526747320824678E-03 3.25957881062191174E-02
5.21948723E+00 1.16572398110837944E-01 4.53424231603790501E-03 3.30577226289304679E-02
5.23348809E+00 1.16503056713160191E-01 4.55298603185424599E-03 3.35335032262925117E-02
5.24752249E+00 1.16433250938043312E-01 4.57152975363307994E-03 3.40235857751266108E-02
5.26159327E+00 1.16362960271361504E-01 4.58990934604103316E-03 3.45283661837310907E-02
5.27570182E+00 1.16292169966296557E-01 4.60816432451237757E-03 3.50481669415267927E-02
5.28984842E+00 1.16220869946499383E-01 4.62633596422066737E-03 3.55832300099270110E-02
5.30403257E+00 1.16149053376355407E-01 4.64446539435678374E-03 3.61337168322883109E-02
5.31824772E+00 1.16076743692114098E-01 4.66258533434856740E-03 3.66994958999307674E-02
5.33248118E+00 1.16003996027199019E-01 4.68071799170806119E-03 3.72801012330794754E-02
5.34673826E+00 1.15930772711930002E-01 4.69890378653889298E-03 3.78759777814241319E-02
5.36102350E+00 1.15857042855146058E-01 4.71717607341631817E-03 3.84866779596823999E-02
5.37534090E+00 1.15782777941503059E-01 4.73556330859737154E-03 3.91124886485286205E-02
5.38969419E+00 1.15707950811170454E-01 4.75408995899563851E-03 3.97534065374829521E-02
5.40408709E+00 1.15632534651856689E-01 4.77277763461005002E-03 4.04093950600782278E-02
5.41852354E+00 1.15556501878042950E-01 4.79164595437089197E-03 4.10803992917616947E-02
5.43300789E+00 1.15479823146445573E-01 4.81071329864674914E-03 4.17663603988804241E-02
5.44754498E+00 1.15402466683260013E-01 4.82999757664973571E-03 4.24672252870292241E-02
5.46214015E+00 1.15324398039849077E-01 4.84951705673219383E-03 4.31829512570091542E-02
5.47679912E+00 1.15245580335685424E-01 4.86929118305863985E-03 4.39135049726789364E-02
5.49152784E+00 1.15165974985175307E-01 4.88934061126944982E-03 4.46588556818898058E-02
5.50630095E+00 1.15085712653845609E-01 4.90964652229720824E-03 4.54173966028526346E-02
5.52108174E+00 1.15004988988635953E-01 4.93017112693585041E-03 4.61868108733377442E-02
5.53587050E+00 1.14923800438369000E-01 4.95092135649679958E-03 4.69665485097108953E-02
5.55066040E+00 1.14842182450853425E-01 4.97189749700200148E-03 4.77557164554674798E-02
5.56545247E+00 1.14760127340771387E-01 4.99310849025727966E-03 4.85538077523150341E-02
5.58024773E+00 1.14677627004137042E-01 5.01456441676610947E-03 4.93603130270297077E-02
5.59504722E+00 1.14594673045674458E-01 5.03627583942817866E-03 5.01747133241139051E-02
5.60985196E+00 1.14511256896632746E-01 5.05825277299807273E-03 5.09964775752261915E-02
5.62466298E+00 1.14427369888384589E-01 5.08050316363135683E-03 5.18250631061917266E-02
5.63948126E+00 1.14343003271933016E-01 5.10303216063577939E-03 5.26599168559741468E-02
5.65430777E+00 1.14258148186996714E-01 5.12584277344324459E-03 5.35004773485288146E-02
5.66914344E+00 1.14172795598400240E-01 5.14893737718791558E-03 5.43461774662769848E-02
5.68398912E+00 1.14086936226274499E-01 5.17231921908795945E-03 5.51964477773162418E-02
5.69884560E+00 1.14000560498342729E-01 5.19599377195819993E-03 5.60507202572222626E-02
5.71371357E+00 1.13913658536249546E-01 5.21996973455105939E-03 5.69084324876145478E-02
5.72859365E+00 1.13826220166254100E-01 5.24425890319928610E-03 5.77690322842102019E-02
5.74348633E+00 1.13738234923748932E-01 5.26887484914004105E-03 5.86319824725194325E-02
5.75839200E+00 1.13649692007082956E-01 5.29383127419715861E-03 5.94967655897513381E-02
5.77331096E+00 1.13560580177936674E-01 5.31914140099275321E-03 6.03628880890021424E-02
5.78824341E+00 1.13470887644511215E-01 5.34481875349146658E-03 6.12298835021955756E-02
5.80318944E+00 1.13380601966321576E-01 5.37087872532149985E-03 6.20973148869203989E-02
5.81809585E+00 1.13290035723304511E-01 5.39725438141245521E-03 6.29617582286435273E-02
5.83293541E+00 1.13199349727550802E-01 5.42391326520688059E-03 6.38212541711680736E-02
5.84774740E+00 1.13108297164414048E-01 5.45093830127982640E-03 6.46776842871440022E-02
5.86257421E+00 1.13016604546164953E-01 5.47843526032890105E-03 6.55332154570492792E-02
5.87746216E+00 1.12923967021435687E-01 5.50652592514246694E-03 6.63902582110719730E-02
5.89220240E+00 1.12831681879369872E-01 5.53489443802986526E-03 6.72369267630592710E-02
5.90683831E+00 1.12739486103707862E-01 5.56359920984944231E-03 6.80752923018719813E-02
5.92141949E+00 1.12647068674185002E-01 5.59275047338753366E-03 6.89080855613184995E-02
5.93599729E+00 1.12554099656066553E-01 5.62245856959551864E-03 6.97381264136284207E-02
5.95039246E+00 1.12461732622498867E-01 5.65238992116596194E-03 7.05554384849675920E-02
5.96460410E+00 1.12369997367692182E-01 5.68245651161416489E-03 7.13597350613102005E-02
5.97866489E+00 1.12278703796783910E-01 5.71264948925439327E-03 7.21528117778914846E-02
5.99258342E+00 1.12187815166330127E-01 5.74291183144735266E-03 7.29351456666069015E-02
6.00639126E+00 1.12097142456182366E-01 5.77322423316183660E-03 7.37084243431818664E-02
6.02011638E+00 1.12006516192015543E-01 5.80357073284431570E-03 7.44741372003928093E-02
6.03378326E+00 1.11915786170367321E-01 5.83393245969677718E-03 7.52335456778850942E-02
6.04741369E+00 1.11824816766379509E-01 5.86428340079917388E-03 7.59877295370152278E-02
6.06102753E+00 1.11733481927189071E-01 5.89458880757849895E-03 7.67376313553267270E-02
6.07464357E+00 1.11641659863234100E-01 5.92481059511225198E-03 7.74841015519988213E-02
6.08826857E+00 1.11549307541633697E-01 5.95489336856821171E-03 7.82273206446191111E-02
6.10176878E+00 1.11457342573768575E-01 5.98451872765401720E-03 7.89600180822228465E-02
6.11517164E+00 1.11365593931609136E-01 6.01366142431991255E-03 7.96833520297798303E-02
6.12850205E+00 1.11273902020151985E-01 6.04233318403903270E-03 8.03985766575176092E-02
6.14178327E+00 1.11182114764088666E-01 6.07053609999264835E-03 8.11068158408600748E-02
6.15503771E+00 1.11090082159622461E-01 6.09826753226168361E-03 8.18091439684649341E-02
6.16828782E+00 1.10997650667630191E-01 6.12553286169044160E-03 8.25066292123122907E-02
6.18155681E+00 1.10904658077570592E-01 6.15235861338664890E-03 8.32003694095106994E-02
6.19486923E+00 1.10810929262179905E-01 6.17879694953887924E-03 8.38915213932525106E-02
6.20819469E+00 1.10716675902594472E-01 6.20482177194195059E-03 8.45784851482596495E-02
6.22153615E+00 1.10621876582741765E-01 6.23046083930904777E-03 8.52612975576244464E-02
6.23491895E+00 1.10526349370962201E-01 6.25577735948748635E-03 8.59411707189375595E-02
6.24836828E+00 1.10429909160357900E-01 6.28081981555805684E-03 8.66193140294409941E-02
6.26190961E+00 1.10332364590772974E-01 6.30562112206368292E-03 8.72969215524316694E-02
6.27556901E+00 1.10233514767643037E-01 6.33020786380633985E-03 8.79751948652092441E-02
6.28937369E+00 1.10133145634162516E-01 6.35460838370227338E-03 8.86553594988009896E-02
6.30335243E+00 1.10031025566206947E-01 6.37886059945661898E-03 8.93386847700151226E-02
6.31753631E+00 1.09926900286011819E-01 6.40302465232572490E-03 9.00265104411448747E-02
6.33192956E+00 1.09820708532861161E-01 6.42715196997190388E-03 9.07188980221842189E-02
6.34639435E+00 1.09713444788499134E-01 6.45111929441988339E-03 9.14093658841628326E-02
6.36095327E+00 1.09604929206872773E-01 6.47504822329401670E-03 9.20986531972886602E-02
6.37562093E+00 1.09495038884808021E-01 6.49907340431135540E-03 9.27874122307128096E-02
6.39040472E+00 1.09383704935712450E-01 6.52328505388668177E-03 9.34758837021901212E-02
6.40530608E+00 1.09270904626943999E-01 6.54771521026780746E-03 9.41640109026309902E-02
6.42032250E+00 1.09156647650206787E-01 6.57234488693408947E-03 9.48515330107772003E-02
6.43545005E+00 1.09040957069372627E-01 6.59712698941185803E-03 9.55381040826530775E-02
6.45056768E+00 1.08924761453846691E-01 6.62183569082764982E-03 9.62183505696038027E-02
6.46566538E+00 1.08808150688020897E-01 6.64638496404820756E-03 9.68915564686470138E-02
6.48074270E+00 1.08691140970841246E-01 6.67073164271441126E-03 9.75576276002411286E-02
6.49579931E+00 1.08573746692799469E-01 6.69484978532846730E-03 9.82164722406366625E-02
6.51083491E+00 1.08455981368746526E-01 6.71873359497442667E-03 9.88679979977457324E-02
6.52584917E+00 1.08337858658203112E-01 6.74240683698663652E-03 9.95121119245890723E-02
6.54084161E+00 1.08219393578140449E-01 6.76593220572050194E-03 1.00148717591298730E-01
6.55581156E+00 1.08100603747403171E-01 6.78940097289333199E-03 1.00777711737151915E-01
6.57075810E+00 1.07981510320852112E-01 6.81289696741133825E-03 1.01398980736788560E-01
6.58568000E+00 1.07862138496892940E-01 6.83646175201878085E-03 1.02012398203070162E-01
6.60057577E+00 1.07742517574883387E-01 6.86008159056663604E-03 1.02617824601981808E-01
6.61544360E+00 1.07622680674490837E-01 6.88370032736249169E-03 1.03215108691762078E-01
6.63028141E+00 1.07502664157595365E-01 6.90724663812224571E-03 1.03804094761058549E-01
6.64508692E+00 1.07382506542472791E-01 6.93066802515216168E-03 1.04384630888681038E-01
6.65985769E+00 1.07262247685944986E-01 6.95393949994868414E-03 1.04956580109421618E-01
6.67459120E+00 1.07141928235903433E-01 6.97701936551221608E-03 1.05519835791740527E-01
6.68928494E+00 1.07021588318716054E-01 6.99982373412491414E-03 1.06074330199149233E-01
6.70393650E+00 1.06901265739413609E-01 7.02228725993895436E-03 1.06620037087900160E-01
6.71854362E+00 1.06780996368660300E-01 7.04440161548800740E-03 1.07156983314382268E-01
6.73310429E+00 1.06660813182844427E-01 7.06616917418949244E-03 1.07685256597293888E-01
6.74761680E+00 1.06540745722559588E-01 7.08755320473768158E-03 1.08205009699584700E-01
6.76207981E+00 1.06420819938208497E-01 7.10843804048913799E-03 1.08716465856146055E-01
6.77649233E+00 1.06301057443772481E-01 7.12866443905735628E-03 1.09219919468391879E-01
6.79085378E+00 1.06181474393938685E-01 7.14811262956695920E-03 1.09715734609607790E-01
6.80516397E+00 1.06062080181169624E-01 7.16676211621274702E-03 1.10204341144393314E-01
6.81942311E+00 1.05942876612775405E-01 7.18471558782431737E-03 1.10686230694739415E-01
6.83363176E+00 1.05823859640959125E-01 7.20215648545088905E-03 1.11161960630723713E-01
6.84779082E+00 1.05705021614407674E-01 7.21921330554650340E-03 1.11632161404908628E-01
6.86190151E+00 1.05586351217240290E-01 7.23590225206128309E-03 1.12097530752088517E-01
6.87596532E+00 1.05467832862233310E-01 7.25219222059452634E-03 1.12558825338604160E-01
6.88998400E+00 1.05349446403488062E-01 7.26807531115958479E-03 1.13016847017882352E-01
6.90395955E+00 1.05231167575657383E-01 7.28358657992080570E-03 1.13472429317311774E-01
6.91789416E+00 1.05112968915001853E-01 7.29878925424700797E-03 1.13926430489896161E-01
6.93178821E+00 1.04994838542537855E-01 7.31376681203192974E-03 1.14379667402076265E-01
6.94563357E+00 1.04876838187470511E-01 7.32861001201539145E-03 1.14832704232798288E-01
6.95943197E+00 1.04758946955914825E-01 7.34341779678226135E-03 1.15286382247896974E-01
6.97318545E+00 1.04641141776139646E-01 7.35827222836591636E-03 1.15741564411099201E-01
6.98689633E+00 1.04523397253321187E-01 7.37320917564696695E-03 1.16199105524108212E-01
7.00056722E+00 1.04405685979642740E-01 7.38820679763242932E-03 1.16659847168263386E-01
7.01420104E+00 1.04287979224784971E-01 7.40320185882313575E-03 1.17124612877244863E-01
7.02780103E+00 1.04170247068933963E-01 7.41813588078568068E-03 1.17594207579267501E-01
7.04137073E+00 1.04052457525266803E-01 7.43301085302327386E-03 1.18069416791824491E-01
7.05491405E+00 1.03934575285308417E-01 7.44794368874466921E-03 1.18551004139575589E-01
7.06843526E+00 1.03816561871302962E-01 7.46310856871339971E-03 1.19039715761332973E-01
7.08193904E+00 1.03698374696471474E-01 7.47862517802087758E-03 1.19536282124984766E-01
7.09543049E+00 1.03579965375036956E-01 7.49454121985865165E-03 1.20041419895453416E-01
7.10891518E+00 1.03461278550939229E-01 7.51086224255451910E-03 1.20555836394175414E-01
7.12239920E+00 1.03342251518264580E-01 7.52758743785675484E-03 1.21080230350698800E-01
7.13588912E+00 1.03222814319673062E-01 7.54475090678342463E-03 1.21615289397449630E-01
7.14939210E+00 1.03102891393509713E-01 7.56244691498640653E-03 1.22161693870875415E-01
7.16291587E+00 1.02982404338185105E-01 7.58077518375994356E-03 1.22720139134502901E-01
7.17646875E+00 1.02861272680139781E-01 7.59978036017644638E-03 1.23291348223713473E-01
7.19005969E+00 1.02739413090982612E-01 7.61943572245304870E-03 1.23876076526952233E-01
7.20369821E+00 1.02616737688337387E-01 7.63968152331532136E-03 1.24475110553077251E-01
7.21739448E+00 1.02493151932641122E-01 7.66048105585256673E-03 1.25089262549611696E-01
7.23115920E+00 1.02368552955217088E-01 7.68186790663709981E-03 1.25719366534916138E-01
7.24500366E+00 1.02242830051573308E-01 7.70393300881673775E-03 1.26366278266969084E-01
7.25892531E+00 1.02115997153529203E-01 7.72672221411323332E-03 1.27030231412600753E-01
7.27292483E+00 1.01988038766500103E-01 7.75021491489878353E-03 1.27711508723984152E-01
7.28701389E+00 1.01858836887016857E-01 7.77436068879662490E-03 1.28410858938561329E-01
7.30120453E+00 1.01728265789200245E-01 7.79912775430632432E-03 1.29129084430801844E-01
7.31550904E+00 1.01596192349958633E-01 7.82456320449994615E-03 1.29867022075263155E-01
7.32990867E+00 1.01462767971847320E-01 7.85074807488442619E-03 1.30623986389818064E-01
7.34443178E+00 1.01327702083312807E-01 7.87787362288541564E-03 1.31401458813971528E-01
7.35893335E+00 1.01192327687885011E-01 7.90583886980347414E-03 1.32192200323228370E-01
7.37329331E+00 1.01057768960403166E-01 7.93443446928236359E-03 1.32989222650515493E-01
7.38759676E+00 1.00923223964078171E-01 7.96373186879130272E-03 1.33795877817426467E-01
7.40193194E+00 1.00787838632574817E-01 7.99387252882319439E-03 1.34616616865727123E-01
7.41625336E+00 1.00652017349201650E-01 8.02480597185349469E-03 1.35449049721479697E-01
7.43047965E+00 1.00516518492522425E-01 8.05641309973620552E-03 1.36288231348671823E-01
7.44471602E+00 1.00380317728688467E-01 8.08893841592516621E-03 1.37139222080635059E-01
7.45907214E+00 1.00242323637139100E-01 8.12269468767985725E-03 1.38008181871363184E-01
7.47354567E+00 1.00102512615997383E-01 8.15775498187585463E-03 1.38895289677583245E-01
7.48789239E+00 9.99632331267463758E-02 8.19361770002879040E-03 1.39786238860597545E-01
7.50219379E+00 9.98236877617984797E-02 8.23041414603290465E-03 1.40684499262542534E-01
7.51635546E+00 9.96847930144435235E-02 8.26799467116055842E-03 1.41584014229381550E-01
7.53039684E+00 9.95463543916275673E-02 8.30640966340488555E-03 1.42485187134154451E-01
7.54434627E+00 9.94080795226052333E-02 8.34575951380830960E-03 1.43389229780248151E-01
7.55822870E+00 9.92697011450311556E-02 8.38614097225300927E-03 1.44297368162751738E-01
7.57197432E+00 9.91319031690121588E-02 8.42739647970639459E-03 1.45204980446729054E-01
7.58560868E+00 9.89944198223699084E-02 8.46957403523843598E-03 1.46113009480835165E-01
7.59915803E+00 9.88569703642958736E-02 8.51277311409351714E-03 1.47022708148811215E-01
7.61264657E+00 9.87192881870870287E-02 8.55712064677299593E-03 1.47935352069212933E-01
7.62609612E+00 9.85811261810783657E-02 8.60275531579386861E-03 1.48852108126219407E-01
7.63952583E+00 9.84422601777003303E-02 8.64978405148186108E-03 1.49774004236294167E-01
7.65295212E+00 9.83024905301150970E-02 8.69824660028750522E-03 1.50701912336335370E-01
7.66638876E+00 9.81616421759208824E-02 8.74811947853469316E-03 1.51636542246249728E-01
7.67984703E+00 9.80195633572432390E-02 8.79935671949210428E-03 1.52578449084143031E-01
7.69333606E+00 9.78761229138538913E-02 8.85194052399200862E-03 1.53528049867196287E-01
7.70686323E+00 9.77312064290715155E-02 8.90590655076667001E-03 1.54485644116218818E-01
7.72043469E+00 9.75847116586961300E-02 8.96131989399994409E-03 1.55451439025685034E-01
7.73405592E+00 9.74365433443655504E-02 9.01822419332039965E-03 1.56425582142683400E-01
7.74773220E+00 9.72866076518330292E-02 9.07661433180943777E-03 1.57408201740201120E-01
7.76144912E+00 9.71350302582112274E-02 9.13637695638600672E-03 1.58398077605378385E-01
7.77520650E+00 9.69817855314303034E-02 9.19742594562722796E-03 1.59394884393590980E-01
7.78897288E+00 9.68272050374406335E-02 9.25953853928858026E-03 1.60396162893511163E-01
7.80270765E+00 9.66717411846550190E-02 9.32242397473166673E-03 1.61398696736081593E-01
7.81642861E+00 9.65151940563444971E-02 9.38604456393229980E-03 1.62403211696267841E-01
7.83015333E+00 9.63573630498342631E-02 9.45042503424819297E-03 1.63410593845450258E-01
7.84389909E+00 9.61980484117885420E-02 9.51555213104923400E-03 1.64421771929771310E-01
7.85766931E+00 9.60372120304120724E-02 9.58130491416537070E-03 1.65436711354192384E-01
7.87140173E+00 9.58755977855516028E-02 9.64725197258320920E-03 1.66450744722234256E-01
7.88512362E+00 9.57129089831973423E-02 9.71330935822803908E-03 1.67465213476644253E-01
7.89886318E+00 9.55488301023871278E-02 9.77946168964258927E-03 1.68481746185932535E-01
7.91264965E+00 9.53830264845835496E-02 9.84567901134211776E-03 1.69502123059755483E-01
7.92636909E+00 9.52169022077449384E-02 9.91129857929425040E-03 1.70518095935399294E-01
7.93996578E+00 9.50511908789571786E-02 9.97579086657245095E-03 1.71525027737063573E-01
7.95347588E+00 9.48855107191961117E-02 1.00391093151797478E-02 1.72524763601301312E-01
7.96694147E+00 9.47193939838206211E-02 1.01013956815855181E-02 1.73519900582926934E-01
7.98041105E+00 9.45522821095074045E-02 1.01628685818507553E-02 1.74513555057045022E-01
7.99393887E+00 9.43835332535974680E-02 1.02236794987607300E-02 1.75509221917304142E-01
8.00758383E+00 9.42124362678293387E-02 1.02838051909771525E-02 1.76510667736586302E-01
8.02139901E+00 9.40383413577394189E-02 1.03430574813903071E-02 1.77521187417318344E-01
8.03512267E+00 9.38645939577745225E-02 1.04002243271603088E-02 1.78522310815789703E-01
8.04871481E+00 9.36917775327182623E-02 1.04549789968987894E-02 1.79510012622824316E-01
8.06222745E+00 9.35193024899936137E-02 1.05076286532147529E-02 1.80487019258741277E-01
8.07570916E+00 9.33466109342176581E-02 1.05584519119187523E-02 1.81456234429836383E-01
8.08920627E+00 9.31731659642300730E-02 1.06075592004610947E-02 1.82420384819317272E-01
8.10276378E+00 9.29984402532234161E-02 1.06549457868695928E-02 1.83381998606559821E-01
8.11642619E+00 9.28219041241994669E-02 1.07005055610954244E-02 1.84343440953341264E-01
8.13023806E+00 9.26430153234969189E-02 1.07441757447462524E-02 1.85306933249254374E-01
8.14408669E+00 9.24632671257550193E-02 1.07856814442360092E-02 1.86264328713150573E-01
8.15787511E+00 9.22839577667566580E-02 1.08248502354957501E-02 1.87208224695360442E-01
8.17142516E+00 9.21074515691542167E-02 1.08614006428215740E-02 1.88126303250379656E-01
8.18483453E+00 9.19325182660189616E-02 1.08955140618414957E-02 1.89023812368874056E-01
8.19818999E+00 9.17580536052530482E-02 1.09273441881058558E-02 1.89905993616337865E-01
8.21157017E+00 9.15830481649793637E-02 1.09569282392533839E-02 1.90777400428302407E-01
8.22504783E+00 9.14065610218345592E-02 1.09842482050226987E-02 1.91641927897450270E-01
8.23869191E+00 9.12276913111222526E-02 1.10093124739308289E-02 1.92502921671272975E-01
8.25256964E+00 9.10455461201618160E-02 1.10323405638834190E-02 1.93363295263084184E-01
8.26628987E+00 9.08652503899018693E-02 1.10533911273734426E-02 1.94199839264486723E-01
8.27996653E+00 9.06852990926165919E-02 1.10730225033733934E-02 1.95017211989878037E-01
8.29369940E+00 9.05043520584500466E-02 1.10918046947249289E-02 1.95820795427689959E-01
8.30746732E+00 9.03226558275356389E-02 1.11098594960034967E-02 1.96609089102493501E-01
8.32105891E+00 9.01429866635295590E-02 1.11268396031788848E-02 1.97370557790006673E-01
8.33466309E+00 8.99628489063388354E-02 1.11425365691377627E-02 1.98113912244566287E-01
8.34847045E+00 8.97797106458512600E-02 1.11570603962492833E-02 1.98848829392015591E-01
8.36269090E+00 8.95907693149087386E-02 1.11706941832401142E-02 1.99584609840689847E-01
8.37743619E+00 8.93945124964199561E-02 1.11836808958726257E-02 2.00324885966821270E-01
8.39168742E+00 8.92045144040524846E-02 1.11957095611628366E-02 2.01022755735852265E-01
8.40558067E+00 8.90190247072601970E-02 1.12062496715344528E-02 2.01681702005329144E-01
8.41929614E+00 8.88356655599923800E-02 1.12152655663047031E-02 2.02311901748856771E-01
8.43298274E+00 8.86524520489898465E-02 1.12227017728947064E-02 2.02920340761813978E-01
8.44650085E+00 8.84712598182996190E-02 1.12286035240898828E-02 2.03502464660069105E-01
8.45991970E+00 8.82911841340540127E-02 1.12330673977607022E-02 2.04060724314374387E-01
8.47338895E+00 8.81102447636504804E-02 1.12361320447182007E-02 2.04601394928227320E-01
8.48705070E+00 8.79265637201081113E-02 1.12375102351695184E-02 2.05129831898701681E-01
8.50104989E+00 8.77382238791674651E-02 1.12366422105742592E-02 2.05650618344595304E-01
8.51516748E+00 8.75482020097263364E-02 1.12331813859927639E-02 2.06156575775245515E-01
8.52898239E+00 8.73622017552892621E-02 1.12273285132829803E-02 2.06633796260559111E-01
8.54242678E+00 8.71811739038197558E-02 1.12195861604071617E-02 2.07079733669365412E-01
8.55568564E+00 8.70026550886485867E-02 1.12104430241482846E-02 2.07501250266584308E-01
8.56890568E+00 8.68246915984870055E-02 1.12002284051102349E-02 2.07904098802364296E-01
8.58180213E+00 8.66511395635425341E-02 1.11894457756152917E-02 2.08282421973331494E-01
8.59451083E+00 8.64802050908770187E-02 1.11779317690036510E-02 2.08638881914612523E-01
8.60718859E+00 8.63098156440076092E-02 1.11654926393767538E-02 2.08979354462603656E-01
8.61997443E+00 8.61381428381312736E-02 1.11519127823931190E-02 2.09307602174476221E-01
8.63299614E+00 8.59635163492786930E-02 1.11369827168833549E-02 2.09626722466896259E-01
8.64637314E+00 8.57843880122061281E-02 1.11205223483767761E-02 2.09939010829799988E-01
8.65991335E+00 8.56033828756658233E-02 1.11028259645712685E-02 2.10128774849529049E-01
8.67339881E+00 8.54234625664728187E-02 1.10842339710844374E-02 2.10679380795478044E-01
8.68703202E+00 8.52419835089805594E-02 1.10644047683227751E-02 2.10711591914760021E-01
8.70082822E+00 8.50588044601533200E-02 1.10432033121621830E-02 2.11130796552387590E-01
8.71444433E+00 8.48785125268130408E-02 1.10210136639817911E-02 2.11190728082819690E-01
8.72779459E+00 8.47022484852071322E-02 1.09978749207499012E-02 2.11680832521206258E-01
8.74105157E+00 8.45277374767995637E-02 1.09735308501195915E-02 2.11697263930608615E-01
8.75436444E+00 8.43530285710510364E-02 1.09478360111829234E-02 2.11986405102543074E-01
8.76786812E+00 8.41763759655014682E-02 1.09207342873544628E-02 2.12045283066570944E-01
8.78168817E+00 8.39961753537575989E-02 1.08922665011440684E-02 2.12473567427998861E-01
8.79589049E+00 8.38116154922898537E-02 1.08626226766379095E-02 2.12481380067017167E-01
8.80991897E+00 8.36299260515239729E-02 1.08331780191504266E-02 2.12602550448597799E-01
8.82384051E+00 8.34502227480585224E-02 1.08037727037964132E-02 2.12968485536233182E-01
8.83774093E+00 8.32713782951303993E-02 1.07741216665577962E-02 2.12970007935867262E-01
8.85148593E+00 8.30950802354716855E-02 1.07445515104326855E-02 2.13031747703207347E-01
8.86514496E+00 8.29203938480115588E-02 1.07150694444073658E-02 2.13379015793881827E-01
8.87882264E+00 8.27459475861797161E-02 1.06856095591129213E-02 2.13372052373502430E-01
8.89263240E+00 8.25702732398996692E-02 1.06561189826122095E-02 2.13406295972317167E-01
8.90669563E+00 8.23918185906363648E-02 1.06265600262618626E-02 2.13676140333872833E-01
8.92080050E+00 8.22132582659900746E-02 1.05975082319046381E-02 2.13683449765106781E-01
8.93472653E+00 8.20373583101723508E-02 1.05692982917161005E-02 2.13727972829673096E-01
8.94861999E+00 8.18622531098507356E-02 1.05413187831061954E-02 2.13982701913539991E-01
8.96261438E+00 8.16862497756440514E-02 1.05130262806422820E-02 2.13975202364413392E-01
8.97635899E+00 8.15137324083988063E-02 1.04850331705344663E-02 2.13994192709958758E-01
8.98976328E+00 8.13458077298595122E-02 1.04575875809907268E-02 2.14065555931183316E-01
9.00294619E+00 8.11809687088398818E-02 1.04306024665659133E-02 2.14326119126384135E-01
9.01602671E+00 8.10177236711067672E-02 1.04039625595374764E-02 2.14295530206442597E-01
9.02912258E+00 8.08546093375730607E-02 1.03774950486408453E-02 2.14277565645169255E-01
9.04235097E+00 8.06901824797745942E-02 1.03510025851100713E-02 2.14304632233536102E-01
9.05582976E+00 8.05230046120155030E-02 1.03242921093393315E-02 2.14419715909143216E-01
9.06967878E+00 8.03516289538941941E-02 1.02971472939068446E-02 2.14490019668717058E-01
9.08380609E+00 8.01772346905276490E-02 1.02697072222065946E-02 2.14556428317908554E-01
9.09832866E+00 7.99984301219126281E-02 1.02415881396499975E-02 2.14612202538344149E-01
9.11296444E+00 7.98187293280682025E-02 1.02131460694119321E-02 2.14654755992961799E-01
9.12738600E+00 7.96421656810040457E-02 1.01848698336450619E-02 2.14698095955501378E-01
9.14165263E+00 7.94680208339106769E-02 1.01566087847286355E-02 2.14744447089864621E-01
9.15560939E+00 7.92981772883139951E-02 1.01287616327029630E-02 2.14798741089309103E-01
9.16922263E+00 7.91330219043515498E-02 1.01014717357206553E-02 2.14843050472472041E-01
9.18271623E+00 7.89698265875091732E-02 1.00742326982272944E-02 2.14884703009442068E-01
9.19629510E+00 7.88061198255368828E-02 1.00464417011872989E-02 2.14923790871352549E-01
9.21016359E+00 7.86394643868084942E-02 1.00174078639020739E-02 2.14961465324669976E-01
9.22397056E+00 7.84740861456138528E-02 9.98771781129812256E-03 2.15000204503153575E-01
9.23694784E+00 7.83191251024936419E-02 9.95918982807816010E-03 2.15042206087347171E-01
9.24941627E+00 7.81706861112043683E-02 9.93148241433774830E-03 2.15085447178807954E-01
9.26161271E+00 7.80259114218805755E-02 9.90438273651730351E-03 2.15126982793615446E-01
9.27373152E+00 7.78824740302126867E-02 9.87759935102940426E-03 2.15165359780385368E-01
9.28594862E+00 7.77382884068438806E-02 9.85070530570553160E-03 2.15201311891329738E-01
9.29843862E+00 7.75913067681684304E-02 9.82314886503771016E-03 2.15237146605726404E-01
9.31138988E+00 7.74393417386270988E-02 9.79432615718700723E-03 2.15275505746640478E-01
9.32495820E+00 7.72806076021079480E-02 9.76380896903537160E-03 2.15318435460634616E-01
9.33797014E+00 7.71288027047164759E-02 9.73436045993743629E-03 2.15374605129388275E-01
9.35068924E+00 7.69808087970202531E-02 9.70579371989276074E-03 2.15431105552422758E-01
9.36332169E+00 7.68342085580262651E-02 9.67799839302797144E-03 2.15484205443796567E-01
9.37604384E+00 7.66869537500170506E-02 9.65082865889010412E-03 2.15534414347176739E-01
9.38901854E+00 7.65371732594502668E-02 9.62408058459577817E-03 2.15585268006706327E-01
9.40240620E+00 7.63830441239657099E-02 9.59748292784366741E-03 2.15640854946795940E-01
9.41637340E+00 7.62226944971938214E-02 9.57071322051270858E-03 2.15703930429639840E-01
9.43080399E+00 7.60575046882224770E-02 9.54395922418599385E-03 2.15804815807122768E-01
9.44541472E+00 7.58907475880785942E-02 9.51764187256482451E-03 2.15859323312318163E-01
9.46039057E+00 7.57203528784553409E-02 9.49127767664609094E-03 2.15927842118239094E-01
9.47486249E+00 7.55561968463485806E-02 9.46628820819406941E-03 2.16146862046288690E-01
9.48909338E+00 7.53952772970700458E-02 9.44199821827338553E-03 2.16133722116550298E-01
9.50330273E+00 7.52351100091949720E-02 9.41787913481825258E-03 2.16151932398180646E-01
9.51769191E+00 7.50734372989303317E-02 9.39344961917979414E-03 2.16362442260540522E-01
9.53246148E+00 7.49080346268798519E-02 9.36833138511260211E-03 2.16384485740825805E-01
9.54723818E+00 7.47430897571628033E-02 9.34331173509446791E-03 2.16494675675960341E-01
9.56180067E+00 7.45810570205117512E-02 9.31902274035817726E-03 2.16731681840928031E-01
9.57637299E+00 7.44194444497933427E-02 9.29527820470125825E-03 2.16734583287168298E-01
9.59117427E+00 7.42558525285951926E-02 9.27167986750853344E-03 2.16787963267473155E-01
9.60643765E+00 7.40877647589216481E-02 9.24749670385703604E-03 2.17091042762582676E-01
9.62243104E+00 7.39123231802612246E-02 9.22172103998449531E-03 2.17096741773892016E-01
9.63831139E+00 7.37387991920532004E-02 9.19529824871020626E-03 2.17160918932866570E-01
9.65354488E+00 7.35729710767075995E-02 9.16904885636097081E-03 2.17508725324464053E-01
9.66845363E+00 7.34112864479063293E-02 9.14261490067775490E-03 2.17502401284515118E-01
9.68329378E+00 7.32509424765308698E-02 9.11584636074251782E-03 2.17542472148805982E-01
9.69829051E+00 7.30894945172485405E-02 9.08865422760228060E-03 2.17857351413093842E-01
9.71366119E+00 7.29246065275429428E-02 9.06098577972778985E-03 2.17864333167006735E-01
9.72963381E+00 7.27538563776733843E-02 9.03275545701077986E-03 2.17929070130951308E-01
9.74636007E+00 7.25756429267329223E-02 9.00392422284496986E-03 2.18267703043201006E-01
9.76299909E+00 7.23989323170312477E-02 8.97601387403670209E-03 2.18265370900162625E-01
9.77956469E+00 7.22235331689342341E-02 8.94883663361617857E-03 2.18310374509584709E-01
9.79607156E+00 7.20492553252913559E-02 8.92236148577733347E-03 2.18628168156010216E-01
9.81253492E+00 7.18759042976479523E-02 8.89668004260982595E-03 2.18626785275838592E-01
9.82897010E+00 7.17032852497061779E-02 8.87193780486268332E-03 2.18665680465479934E-01
9.84539219E+00 7.15312085824045818E-02 8.84823509770943199E-03 2.18933475735009403E-01
9.86181566E+00 7.13594943611202265E-02 8.82560157551624987E-03 2.18932138956767913E-01
9.87823622E+00 7.11881627027348279E-02 8.80407461362516137E-03 2.18961959427266872E-01
9.89463513E+00 7.10173879337973879E-02 8.78370116114536581E-03 2.19165823930801723E-01
9.91096777E+00 7.08476159710357545E-02 8.76452990568796740E-03 2.19166659558151233E-01
9.92724883E+00 7.06786795958449510E-02 8.74645546098325698E-03 2.19188429417194186E-01
9.94349335E+00 7.05104124253607134E-02 8.72928495655842830E-03 2.19245199229372245E-01
9.95971611E+00 7.03426525678766262E-02 8.71283334060707695E-03 2.19352047181108956E-01
9.97593121E+00 7.01752478129592933E-02 8.69699344272804355E-03 2.19379537386160395E-01
9.99215176E+00 7.00080588345606686E-02 8.68172510895891779E-03 2.19395425375722569E-01
1.00083897E+01 6.98409607997355908E-02 8.66700167654694403E-03 2.19404038008164631E-01
1.00246554E+01 6.96738432505056293E-02 8.65279406932547082E-03 2.19408072961948475E-01
1.00409583E+01 6.95066092572166339E-02 8.63911008873859652E-03 2.19407448252168541E-01
1.00573062E+01 6.93391739594721723E-02 8.62596930234147893E-03 2.19400080306351136E-01
1.00737059E+01 6.91714624345363682E-02 8.61336828784012298E-03 2.19383490367335870E-01
1.00901633E+01 6.90034072974192586E-02 8.60127379011435197E-03 2.19356162857898357E-01
1.01066837E+01 6.88349470135950492E-02 8.58965392660729007E-03 2.19313627405671646E-01
1.01232721E+01 6.86660236574090921E-02 8.57852126033208963E-03 2.19264021564897910E-01
1.01398423E+01 6.84975064588686788E-02 8.56801103740472900E-03 2.19184999098794853E-01
1.01563874E+01 6.83294550750118967E-02 8.55819841829723489E-03 2.19150455501103736E-01
1.01729311E+01 6.81616170361739881E-02 8.54909234031468387E-03 2.19071091498151266E-01
1.01895012E+01 6.79936978454408480E-02 8.54067375566102197E-03 2.19019213046758809E-01
1.02061282E+01 6.78253707796955679E-02 8.53294732695092026E-03 2.18833278212386878E-01
1.02228448E+01 6.76562882516273251E-02 8.52591829638226634E-03 2.18837839533420619E-01
1.02394598E+01 6.74883612829034474E-02 8.51964428275817608E-03 2.18806506099630593E-01
1.02559644E+01 6.73216623809004266E-02 8.51396465775977433E-03 2.18558963362252667E-01
1.02725519E+01 6.71542281764284238E-02 8.50864599823889303E-03 2.18555482140174229E-01
1.02893924E+01 6.69843351581822649E-02 8.50358687922786807E-03 2.18502666030233994E-01
1.03060220E+01 6.68166451453732074E-02 8.49901273035244542E-03 2.18212067840060281E-01
1.03226573E+01 6.66489667197965319E-02 8.49474368933082931E-03 2.18218328923856758E-01
1.03395290E+01 6.64789622784525414E-02 8.49066004786304743E-03 2.18175807743829886E-01
1.03563187E+01 6.63098173592880508E-02 8.48683850627190289E-03 2.17886016275139344E-01
1.03727300E+01 6.61444949932688403E-02 8.48332582166866529E-03 2.17885352468633497E-01
1.03889946E+01 6.59806459223842984E-02 8.48004461643316054E-03 2.17834503669055102E-01
1.04053179E+01 6.58161826896691560E-02 8.47702365758569096E-03 2.17540336412828800E-01
1.04218891E+01 6.56491844806307845E-02 8.47425806292835711E-03 2.17546013379959047E-01
1.04388865E+01 6.54778396493743003E-02 8.47168356135406982E-03 2.17502632390385475E-01
1.04556527E+01 6.53087661811732056E-02 8.46945698136222606E-03 2.17218758025151892E-01
1.04722686E+01 6.51411567926114266E-02 8.46742390325408087E-03 2.17222551687214660E-01
1.04889086E+01 6.49732639037852028E-02 8.46551565506890522E-03 2.17186686773593984E-01
1.05057295E+01 6.48035100664356573E-02 8.46361362196274870E-03 2.16920456725510163E-01
1.05226225E+01 6.46329925360195207E-02 8.46162061801898624E-03 2.16926146730111236E-01
1.05395074E+01 6.44625242630964268E-02 8.45945110563670229E-03 2.16897017014718030E-01
1.05565445E+01 6.42904963656724115E-02 8.45707712334680707E-03 2.16667382084411608E-01
1.05737745E+01 6.41165093248470541E-02 8.45458352311800714E-03 2.16670655413100238E-01
1.05907419E+01 6.39451869873144951E-02 8.45205937723175760E-03 2.16644649869885797E-01
1.06076006E+01 6.37750098741339533E-02 8.44915479942897826E-03 2.16453551165435160E-01
1.06244943E+01 6.36045645258964537E-02 8.44559223555106653E-03 2.16459780932746843E-01
1.06415578E+01 6.34325231425089675E-02 8.44118605644221878E-03 2.16444235375212402E-01
1.06588930E+01 6.32578945308839569E-02 8.43593388008415622E-03 2.16389706356445416E-01
1.06760047E+01 6.30856943095899070E-02 8.43018812298266390E-03 2.16197354872400160E-01
1.06930346E+01 6.29145338203791760E-02 8.42380843119617910E-03 2.16229164482815955E-01
1.07101133E+01 6.27431363026277888E-02 8.41662233804310080E-03 2.16256310329015017E-01
1.07273632E+01 6.25703132708698428E-02 8.40840526326657768E-03 2.16253799407981506E-01
1.07448989E+01 6.23949536361009457E-02 8.39896765148336576E-03 2.16220185152875805E-01
1.07622655E+01 6.22216316396526775E-02 8.38861705301916991E-03 2.16166289690767455E-01
1.07795185E+01 6.20498097131842313E-02 8.37733095894504023E-03 2.16127113494307327E-01
1.07967883E+01 6.18782128531358763E-02 8.36511075618860851E-03 2.16117753578069310E-01
1.08141956E+01 6.17056690242186665E-02 8.35190738579144783E-03 2.16129941136652320E-01
1.08318537E+01 6.15310894446045656E-02 8.33760985101036391E-03 2.16154326405695818E-01
1.08495831E+01 6.13562794182087520E-02 8.32235997666552069E-03 2.16181313176167039E-01
1.08671303E+01 6.11837542850647148E-02 8.30639792638058691E-03 2.16206140956451270E-01
1.08846337E+01 6.10121684041682877E-02 8.28962790781955818E-03 2.16229022558628775E-01
1.09022201E+01 6.08403069484635545E-02 8.27197286262724291E-03 2.16253488950673423E-01
1.09200068E+01 6.06670528805943049E-02 8.25329188620698220E-03 2.16283682329888038E-01
1.09381044E+01 6.04913654043398724E-02 8.23343671313783027E-03 2.16322155858005127E-01
1.09562004E+01 6.03162975751128372E-02 8.21280135750829081E-03 2.16374126288014279E-01
1.09742276E+01 6.01425001607906462E-02 8.19148140439477507E-03 2.16430230528039697E-01
1.09923353E+01 5.99685407438215537E-02 8.16924283151375559E-03 2.16487589957277071E-01
1.10106642E+01 5.97930881620137716E-02 8.14578154499064760E-03 2.16545753699648846E-01
1.10292605E+01 5.96157258281621513E-02 8.12093447816300551E-03 2.16606471008772200E-01
1.10476365E+01 5.94411057673924839E-02 8.09544201753949026E-03 2.16695515402196004E-01
1.10659623E+01 5.92676040366206039E-02 8.06926557999395819E-03 2.16745820909756109E-01
1.10843946E+01 5.90937472538298064E-02 8.04232449348626054E-03 2.16806112959453789E-01
1.11030826E+01 5.89181498592431796E-02 8.01442830071048308E-03 2.16911817051434003E-01
1.11221276E+01 5.87398926583515904E-02 7.98540793303313678E-03 2.16969218908309391E-01
1.11412496E+01 5.85616170844191278E-02 7.95568209513286204E-03 2.17068794930984771E-01
1.11604570E+01 5.83832538437931980E-02 7.92528945667907506E-03 2.17150289735145496E-01
1.11797185E+01 5.82051046412438433E-02 7.89440780501783450E-03 2.17231129562465819E-01
1.11988656E+01 5.80287232437532094E-02 7.86346642854807674E-03 2.17318873219727676E-01
1.12179501E+01 5.78536270816917692E-02 7.83250073551802761E-03 2.17409664871062280E-01
1.12370113E+01 5.76794518231597067E-02 7.80146082538557290E-03 2.17499380706413586E-01
1.12557343E+01 5.75090552742553093E-02 7.77078066271799737E-03 2.17588811932187876E-01
1.12741731E+01 5.73419162992193157E-02 7.74030426956967641E-03 2.17676235048737565E-01
1.12923877E+01 5.71774672865306491E-02 7.70996785676392269E-03 2.17761650507626359E-01
1.13104407E+01 5.70151237763986962E-02 7.67977422643851149E-03 2.17845693332787138E-01
1.13283955E+01 5.68543045491004054E-02 7.64968595921042532E-03 2.17928560147519157E-01
1.13463145E+01 5.66944434078028164E-02 7.61958716119157890E-03 2.18010100180400263E-01
1.13642587E+01 5.65349954562150217E-02 7.58931694661276347E-03 2.18090143530993458E-01
1.13822869E+01 5.63754400000219050E-02 7.55876681983555510E-03 2.18168570550787644E-01
1.14004057E+01 5.62157201389602776E-02 7.52803623857722145E-03 2.18245291868250618E-01
1.14183192E+01 5.60584244401322734E-02 7.49778562820664195E-03 2.18320249508766190E-01
1.14360825E+01 5.59030432525548515E-02 7.46805317542798518E-03 2.18390795997380233E-01
1.14537491E+01 5.57490852120135147E-02 7.43881047103027698E-03 2.18442749711830864E-01
1.14713704E+01 5.55960847935179706E-02 7.41001364334709176E-03 2.18524374778006764E-01
1.14889950E+01 5.54436085001302759E-02 7.38164336735038906E-03 2.18570738812035231E-01
1.15066681E+01 5.52912590352281560E-02 7.35365478036810374E-03 2.18618114149037174E-01
1.15244316E+01 5.51386763799768947E-02 7.32593490683149454E-03 2.18665229090771740E-01
1.15423235E+01 5.49855371118519107E-02 7.29833315717148736E-03 2.18708034597502293E-01
1.15603782E+01 5.48315530761525061E-02 7.27072770182520412E-03 2.18739824934693100E-01
1.15785699E+01 5.46769493001780793E-02 7.24316360934549718E-03 2.18763707814090769E-01
1.15967898E+01 5.45226506563238830E-02 7.21585435179141702E-03 2.18777853680194118E-01
1.16150790E+01 5.43683070186772241E-02 7.18876269190935578E-03 2.18780878013085878E-01
1.16334738E+01 5.42136208275045620E-02 7.16181219330715504E-03 2.18771951691756922E-01
1.16520043E+01 5.40583487449318931E-02 7.13491355342022338E-03 2.18747381719448297E-01
1.16706525E+01 5.39026522612717218E-02 7.10807478331187091E-03 2.18711053332986016E-01
1.16894134E+01 5.37465849144549701E-02 7.08134643118666501E-03 2.18581108358996773E-01
1.17082922E+01 5.35901127613901337E-02 7.05481225156810807E-03 2.18591914026354417E-01
1.17273085E+01 5.34330841316970756E-02 7.02853533884100368E-03 2.18567180770828429E-01
1.17464982E+01 5.32752165328962274E-02 7.00250438348515563E-03 2.18343834341117454E-01
1.17658962E+01 5.31162381971300585E-02 6.97662963964332337E-03 2.18335428473114657E-01
1.17855362E+01 5.29558940099343900E-02 6.95075750578735569E-03 2.18128906778281006E-01
1.18054133E+01 5.27942451400230106E-02 6.92477223593920138E-03 2.18069993635570225E-01
1.18253611E+01 5.26326560742192487E-02 6.89880729104251286E-03 2.17771435805814484E-01
1.18454098E+01 5.24708907954026527E-02 6.87279376400094441E-03 2.17734579622696101E-01
1.18655900E+01 5.23087155583324276E-02 6.84671376263876977E-03 2.17356539704236101E-01
1.18859317E+01 5.21459030978309521E-02 6.82057345288592486E-03 2.17292088461407212E-01
1.19064641E+01 5.19822387409241762E-02 6.79437109611497406E-03 2.16900017605658219E-01
1.19272146E+01 5.18175270268527305E-02 6.76806051752637788E-03 2.16724167873739521E-01
1.19482080E+01 5.16515977941515714E-02 6.74153851950615862E-03 2.16417371614097021E-01
1.19694661E+01 5.14843114876862226E-02 6.71467981921231374E-03 2.16116684652766150E-01
1.19910069E+01 5.13155629536001592E-02 6.68740068042529470E-03 2.15793307294065012E-01
1.20128443E+01 5.11452827511052685E-02 6.65970034086114417E-03 2.15453054640218716E-01
1.20345555E+01 5.09767779041297303E-02 6.63217171859797373E-03 2.15103162009365023E-01
1.20562551E+01 5.08091611897389037E-02 6.60470012702808751E-03 2.14743544923339746E-01
1.20784395E+01 5.06386383978455965E-02 6.57664985604161471E-03 2.14366389694855136E-01
1.21009218E+01 5.04666844143967161E-02 6.54818032225779837E-03 2.13976762052731279E-01
1.21232162E+01 5.02970046098682733E-02 6.51978335596123480E-03 2.13586020333724674E-01
1.21455020E+01 5.01282148399130739E-02 6.49122826515984453E-03 2.13192396868723794E-01
1.21679496E+01 4.99590227190001637E-02 6.46249851396009638E-03 2.12794154802599389E-01
1.21907200E+01 4.97882312377510503E-02 6.43357565568165694E-03 2.12390473243452504E-01
1.22138338E+01 4.96157101898602668E-02 6.40451039580613047E-03 2.11983364074039754E-01
1.22370932E+01 4.94429541908467732E-02 6.37550510319133054E-03 2.11579102283739579E-01
1.22604313E+01 4.92704716813380586E-02 6.34651168840583320E-03 2.11181150513872595E-01
1.22837570E+01 4.90989427592386091E-02 6.31753102951371909E-03 2.10793203966079007E-01
1.23071094E+01 4.89280894744326886E-02 6.28846530342198982E-03 2.10416593278485525E-01
1.23305278E+01 4.87576378802858715E-02 6.25925822688117375E-03 2.10052761016148809E-01
1.23540521E+01 4.85873200495408469E-02 6.22984709534738293E-03 2.09703381254089133E-01
1.23777222E+01 4.84168758151682435E-02 6.20013085810729864E-03 2.09370235664618293E-01
1.24014067E+01 4.82472756782760942E-02 6.17017280706722536E-03 2.09057793912796774E-01
1.24251410E+01 4.80782840464955216E-02 6.13981414845722693E-03 2.08767477320102035E-01
1.24489634E+01 4.79096528966821145E-02 6.10891742219924622E-03 2.08500677782567700E-01
1.24729120E+01 4.77411345009467331E-02 6.07736567247692868E-03 2.08259060828685838E-01
1.24970256E+01 4.75724814023742795E-02 6.04505841060726332E-03 2.08044352177174124E-01
1.25212901E+01 4.74038113914675707E-02 6.01201731478316452E-03 2.07858829357336211E-01
1.25454843E+01 4.72366619540161431E-02 5.97863464001647735E-03 2.07706161450810944E-01
1.25695997E+01 4.70710800174720598E-02 5.94505916136289954E-03 2.07632663716892873E-01
1.25936354E+01 4.69070593224611143E-02 5.91139420489147915E-03 2.07438315496151798E-01
1.26175977E+01 4.67445427647135009E-02 5.87769327532258485E-03 2.07439456489370982E-01
1.26414986E+01 4.65834324735173652E-02 5.84401052941459654E-03 2.07438540752105188E-01
1.26653538E+01 4.64236054425610570E-02 5.81040792843106474E-03 2.07438811403126172E-01
1.26891802E+01 4.62649315401956335E-02 5.77690293203433555E-03 2.07459687422883149E-01
1.27129931E+01 4.61072915466107444E-02 5.74346637730657056E-03 2.07622356986663620E-01
1.27368036E+01 4.59505934748888137E-02 5.71006307249061380E-03 2.07633318967958974E-01
1.27606166E+01 4.57947853548659883E-02 5.67670017260999468E-03 2.07869933772010573E-01
1.27843900E+01 4.56401166320696758E-02 5.64350810995029126E-03 2.07984258912302294E-01
1.28080416E+01 4.54870892801243348E-02 5.61071705175009670E-03 2.08201633279589210E-01
1.28315557E+01 4.53357648943402483E-02 5.57845553203096828E-03 2.08426305400564810E-01
1.28549214E+01 4.51861730715703430E-02 5.54680740193407885E-03 2.08679637499340404E-01
1.28781334E+01 4.50383082393561590E-02 5.51582276025539432E-03 2.08954682982330830E-01
1.29011888E+01 4.48921488411721872E-02 5.48554915845154891E-03 2.09250745342752287E-01
1.29240329E+01 4.47480006902876010E-02 5.45610299674535466E-03 2.09565158679768077E-01
1.29466659E+01 4.46058236022889507E-02 5.42751599394167110E-03 2.09895902928178252E-01
1.29690937E+01 4.44655472445463426E-02 5.39979288420857836E-03 2.10241122813484976E-01
1.29913267E+01 4.43270800847065313E-02 5.37290950774044207E-03 2.10599139085475090E-01
1.30133779E+01 4.41903195770077598E-02 5.34680145976933457E-03 2.10968415930532505E-01
1.30352615E+01 4.40551615254610382E-02 5.32137805571855638E-03 2.11347540697517600E-01
1.30569916E+01 4.39215082899180875E-02 5.29654839572050572E-03 2.11735194068575022E-01
1.30785806E+01 4.37892753021193390E-02 5.27223680137427556E-03 2.12130118528230605E-01
1.31000384E+01 4.36583953120389459E-02 5.24838444734714461E-03 2.12531092224381407E-01
1.31213724E+01 4.35288199626969741E-02 5.22494175413512098E-03 2.12936911741094637E-01
1.31425871E+01 4.34005183777129780E-02 5.20186276543723250E-03 2.13346388413001770E-01
1.31636853E+01 4.32734729500527798E-02 5.17910415881167596E-03 2.13758358637900908E-01
1.31846684E+01 4.31476731481320944E-02 5.15661840911967213E-03 2.14171703687210113E-01
1.32055382E+01 4.30231081873655649E-02 5.13434350029027316E-03 2.14585375844827092E-01
1.32262979E+01 4.28997595005998558E-02 5.11220876956186392E-03 2.14998427445620199E-01
1.32469529E+01 4.27775940926054463E-02 5.09015684081110323E-03 2.15410034879463363E-01
1.32675124E+01 4.26565596626989826E-02 5.06816258756664310E-03 2.15819515106035975E-01
1.32879890E+01 4.25365823207093721E-02 5.04621723135862798E-03 2.16226336036246108E-01
1.33083997E+01 4.24175661567037163E-02 5.02428903706757159E-03 2.16630117858753884E-01
1.33287652E+01 4.22993943814627474E-02 5.00231346162245509E-03 2.17030624184671755E-01
1.33491096E+01 4.21819317316431269E-02 4.98020822377998312E-03 2.17427747642959968E-01
1.33693885E+01 4.20654368328026648E-02 4.95798213026210893E-03 2.17820205716446197E-01
1.33895643E+01 4.19501227895658912E-02 4.93569553247906207E-03 2.18206870715381168E-01
1.34096522E+01 4.18358971086775014E-02 4.91339205177357061E-03 2.18587646763083981E-01
1.34296715E+01 4.17226482036276228E-02 4.89109654786710167E-03 2.18962429697358574E-01
1.34496455E+01 4.16102400221937813E-02 4.86880290441915695E-03 2.19331830485152202E-01
1.34696000E+01 4.14985230901085134E-02 4.84647713702005510E-03 2.19695982646723575E-01
1.34895637E+01 4.13873378650781859E-02 4.82407303978288435E-03 2.20055290266640946E-01
1.35095023E+01 4.12768715282572640E-02 4.80161933299540818E-03 2.20409167058020161E-01
1.35294205E+01 4.11670948778763840E-02 4.77912229983687084E-03 2.20757695776111484E-01
1.35493427E+01 4.10578687482055990E-02 4.75658277343615592E-03 2.21101358678967574E-01
1.35692949E+01 4.09490486549762278E-02 4.73400803088821695E-03 2.21440714423091545E-01
1.35893043E+01 4.08404851356772430E-02 4.71140212867788167E-03 2.21776376731993047E-01
1.36093997E+01 4.07320241513847020E-02 4.68876064412116107E-03 2.22109011737188083E-01
1.36296111E+01 4.06235075045584398E-02 4.66606931416658956E-03 2.22439340265300739E-01
1.36499696E+01 4.05147733942346558E-02 4.64330714743554397E-03 2.22768140456589936E-01
1.36705079E+01 4.04056542758781945E-02 4.62044792375921297E-03 2.23096438459958080E-01
1.36910697E+01 4.02969834567916130E-02 4.59766467761483621E-03 2.23421969999813869E-01
1.37116535E+01 4.01887660539705580E-02 4.57497066443404883E-03 2.23745258173255218E-01
1.37322928E+01 4.00808249966904742E-02 4.55234216534604417E-03 2.24067293459442540E-01
1.37530228E+01 3.99729764877308977E-02 4.52975877845105714E-03 2.24389171112722829E-01
1.37738807E+01 3.98650307500277162E-02 4.50720860195177875E-03 2.24712049880940345E-01
1.37948248E+01 3.97572051841498658E-02 4.48476727924534881E-03 2.25035988728730513E-01
1.38158386E+01 3.96495849287839611E-02 4.46247721328987650E-03 2.25361388724729883E-01
1.38369583E+01 3.95419850402986897E-02 4.44031499406373487E-03 2.25689452425045567E-01
1.38582219E+01 3.94342168483080360E-02 4.41824218966774523E-03 2.26021482345451968E-01
1.38796684E+01 3.93260888694870817E-02 4.39621247739743932E-03 2.26358855067744835E-01
1.39013384E+01 3.92174079391576016E-02 4.37418188270062569E-03 2.26703017584988148E-01
1.39231410E+01 3.91086351877290156E-02 4.35224496504509496E-03 2.27053491224301740E-01
1.39450022E+01 3.90001408621533513E-02 4.33049126771684664E-03 2.27409905121036426E-01
1.39669621E+01 3.88917249082467581E-02 4.30890199895488362E-03 2.27773594529375289E-01
1.39890620E+01 3.87831865683731791E-02 4.28745007075575797E-03 2.28146031239561620E-01
1.40112816E+01 3.86746283642349226E-02 4.26615624442510354E-03 2.28527759507153733E-01
1.40334933E+01 3.85666706345985655E-02 4.24513159683705555E-03 2.28917455724129887E-01
1.40557133E+01 3.84592264224813962E-02 4.22435013904083525E-03 2.29315960115112488E-01
1.40779302E+01 3.83523439925260654E-02 4.20380786564491116E-03 2.29723685690746249E-01
1.41000965E+01 3.82462415934415323E-02 4.18353434834322670E-03 2.30140363348748461E-01
1.41222452E+01 3.81407508455571184E-02 4.16349152907216895E-03 2.30567055492755746E-01
1.41444148E+01 3.80356809247892821E-02 4.14364296772839948E-03 2.31004997843440946E-01
1.41666492E+01 3.79308190800136807E-02 4.12395748887843614E-03 2.31455600413372042E-01
1.41889074E+01 3.78263534684334241E-02 4.10448499889168143E-03 2.31918636645721432E-01
1.42111774E+01 3.77223341500886739E-02 4.08525506903302874E-03 2.32394296515225751E-01
1.42334964E+01 3.76185814501556956E-02 4.06625444459748995E-03 2.32883746246915518E-01
1.42559079E+01 3.75148911052859274E-02 4.04745862674656294E-03 2.33388375511205309E-01
1.42783843E+01 3.74113891186777722E-02 4.02888935818102902E-03 2.33908068160266908E-01
1.43007898E+01 3.73086945430562075E-02 4.01064025602797247E-03 2.34440061400199934E-01
1.43231507E+01 3.72066771066857996E-02 3.99266519792510193E-03 2.34984957652277227E-01
1.43455011E+01 3.71051766999994925E-02 3.97490997765889090E-03 2.35543624470527790E-01
1.43678815E+01 3.70040059004375088E-02 3.95732236351551379E-03 2.36117190524374382E-01
1.43903389E+01 3.69029532816270225E-02 3.93985663196273674E-03 2.36707002701187719E-01
1.44129257E+01 3.68017870384562198E-02 3.92247277710336580E-03 2.37314625877460883E-01
1.44356987E+01 3.67002587699174349E-02 3.90513208758579101E-03 2.37941837563194619E-01
1.44586272E+01 3.65985129870970913E-02 3.88785984705561794E-03 2.38588091846068912E-01
1.44816103E+01 3.64969981843181884E-02 3.87072843914601462E-03 2.39250688037483977E-01
1.45046861E+01 3.63955466987983950E-02 3.85370797623539119E-03 2.39930532804894320E-01
1.45278972E+01 3.62939735274861452E-02 3.83676702845909580E-03 2.40628760084140941E-01
1.45511047E+01 3.61928864350209434E-02 3.82000276991801722E-03 2.41341123724056722E-01
1.45743178E+01 3.60922401386874342E-02 3.80340307455497625E-03 2.42067429513617899E-01
1.45975877E+01 3.59918120083095525E-02 3.78692120628724635E-03 2.42808766046948343E-01
1.46209703E+01 3.58913631837094113E-02 3.77050665211569984E-03 2.43566501767939314E-01
1.46445250E+01 3.57906438770022733E-02 3.75411235013296297E-03 2.44342190687436456E-01
1.46683136E+01 3.56893988393688216E-02 3.73769870843308370E-03 2.45137512780947031E-01
1.46922017E+01 3.55882063370363544E-02 3.72136304660693022E-03 2.45947640552390906E-01
1.47160903E+01 3.54874838154343106E-02 3.70517938588663673E-03 2.46768522089894110E-01
1.47400356E+01 3.53869930702384733E-02 3.68911604589909582E-03 2.47601127805763321E-01
1.47640976E+01 3.52864820970278034E-02 3.67313523698075111E-03 2.48446702604771780E-01
1.47883389E+01 3.51856935094915432E-02 3.65719808091029839E-03 2.49306648924626728E-01
1.48128221E+01 3.50843727040652392E-02 3.64126878060757036E-03 2.50182392744400461E-01
1.48376083E+01 3.49822755180846032E-02 3.62531836223169840E-03 2.51075293846525383E-01
1.48626700E+01 3.48795234914173261E-02 3.60937935055422043E-03 2.51983514464594438E-01
1.48879050E+01 3.47765382698437819E-02 3.59353403211409373E-03 2.52902396016875808E-01
1.49133745E+01 3.46730711355088747E-02 3.57776737727677615E-03 2.53832987667508725E-01
1.49391396E+01 3.45688785149582123E-02 3.56206716519305014E-03 2.54776338740792418E-01
1.49652579E+01 3.44637332459197948E-02 3.54642606745895084E-03 2.55733376770406917E-01
1.49826290E+01 3.43940435556908813E-02 3.53604335842794748E-03 2.56373567238280975E-01
1.50000000E+01 3.43245579886339094E-02 3.52589509054633196E-03 2.57010698741087618E-01
