#  time, MeanKE MeanKEDR MeanP
0 1.24699045417061311E-01 4.67622748076602565E-04 -1.14385921606686266E-17
2.94524311E-02 1.24677469560004209E-01 5.24481303374515974E-04 9.35628487698989572E-04
5.89828090E-02 1.24660110353930320E-01 5.24545772544483314E-04 9.30456480333824876E-04
8.85220048E-02 1.24644105496917304E-01 5.24715920718871621E-04 8.05103477914642044E-04
1.18073324E-01 1.24628482458927256E-01 5.24987190580116663E-04 6.23239404061964918E-04
1.47640497E-01 1.24612912898240683E-01 5.25358439136778990E-04 3.77372238001537211E-04
1.77227363E-01 1.24597283932277481E-01 5.25829772753860043E-04 6.76010274035573612E-05
2.06837749E-01 1.24581554534920452E-01 5.26401816396559205E-04 -3.05960234385402015E-04
2.36470877E-01 1.24565710070274643E-01 5.27075360695816101E-04 -7.42469276550311997E-04
2.66114703E-01 1.24549749962501455E-01 5.27851020089804140E-04 -1.24110589830099343E-03
2.95773155E-01 1.24533667835851569E-01 5.28729817822355111E-04 -1.80098182351154227E-03
3.25450087E-01 1.24517458210803192E-01 5.29712936030069317E-04 -2.42115064853945603E-03
3.55149270E-01 1.24501115905603033E-01 5.30801693920263497E-04 -3.10057872440632713E-03
3.84874376E-01 1.24484635837869326E-01 5.31997542547118108E-04 -3.83813724351531049E-03
4.14628971E-01 1.24468012960420302E-01 5.33302060202340547E-04 -4.63259727715242819E-03
4.44416499E-01 1.24451242242130666E-01 5.34716947924549586E-04 -5.48262425924241244E-03
4.74240271E-01 1.24434318664086468E-01 5.36244024946793394E-04 -6.38677206867368716E-03
5.04103458E-01 1.24417237221095114E-01 5.37885224011221781E-04 -7.34347680541142314E-03
5.34009077E-01 1.24399992925208591E-01 5.39642586520094761E-04 -8.35105033519626012E-03
5.63959987E-01 1.24382580810112220E-01 5.41518257509673146E-04 -9.40767367543552356E-03
5.93958875E-01 1.24364995935972639E-01 5.43514480442981230E-04 -1.05113903020402060E-02
6.24008253E-01 1.24347233394586670E-01 5.45633591818545463E-04 -1.16600994634464983E-02
6.54110447E-01 1.24329288314766778E-01 5.47878015576563058E-04 -1.28515495977386731E-02
6.84267596E-01 1.24311155867920645E-01 5.50250257260307199E-04 -1.40833319565668545E-02
7.14473181E-01 1.24292836374794213E-01 5.52752218980919548E-04 -1.53525219940360957E-02
7.44724775E-01 1.24274327757480804E-01 5.55386056501803722E-04 -1.66561666154996305E-02
7.75024693E-01 1.24255625063433295E-01 5.58154366995499795E-04 -1.79913485346644975E-02
8.05375052E-01 1.24236723406294117E-01 5.61059834589401640E-04 -1.93549883971965465E-02
8.35777763E-01 1.24217617962999086E-01 5.64105202005830541E-04 -2.07438361394694480E-02
8.66234532E-01 1.24198303976685590E-01 5.67293263940043179E-04 -2.21544679584201390E-02
8.96746854E-01 1.24178776761492748E-01 5.70626860309211750E-04 -2.35832843704838931E-02
9.27316010E-01 1.24159031707762865E-01 5.74108869389883801E-04 -2.50265094651347698E-02
9.57943067E-01 1.24139064287106304E-01 5.77742200865300100E-04 -2.64801915073394692E-02
9.88628879E-01 1.24118870057089756E-01 5.81529788804219651E-04 -2.79402050457232716E-02
1.01937408E+00 1.24098444665409188E-01 5.85474584591240540E-04 -2.94022546817970104E-02
1.05017911E+00 1.24077783853433210E-01 5.89579549829520252E-04 -3.08618806400261583E-02
1.08104416E+00 1.24056883459003259E-01 5.93847649246066409E-04 -3.23144662555347323E-02
1.11196925E+00 1.24035739418374077E-01 5.98281843646212663E-04 -3.37552474639505953E-02
1.14295418E+00 1.24014347767166369E-01 6.02885082979323877E-04 -3.51793243836101485E-02
1.17399854E+00 1.23992704640207521E-01 6.07660299585637215E-04 -3.65816751187736725E-02
1.20510174E+00 1.23970806270141204E-01 6.12610401696008140E-04 -3.79571719066498850E-02
1.23626299E+00 1.23948648984688617E-01 6.17738267256850927E-04 -3.93005996098295327E-02
1.26748134E+00 1.23926229202454635E-01 6.23046738154018525E-04 -4.06066764429879809E-02
1.29875562E+00 1.23903543427176271E-01 6.28538614911860680E-04 -4.18700768229938736E-02
1.33008455E+00 1.23880588240323095E-01 6.34216651946717695E-04 -4.30854562604177510E-02
1.36146666E+00 1.23857360291968491E-01 6.40083553457682628E-04 -4.42474781776108980E-02
1.39290035E+00 1.23833856289858601E-01 6.46141970041693922E-04 -4.53508424731670912E-02
1.42438388E+00 1.23810072986630507E-01 6.52394496124169133E-04 -4.63903155842564086E-02
1.45591540E+00 1.23786007165137241E-01 6.58843668299619305E-04 -4.73607617536989517E-02
1.48749294E+00 1.23761655621861907E-01 6.65491964677673940E-04 -4.82571751647259475E-02
1.51911445E+00 1.23737015148421906E-01 6.72341805328352093E-04 -4.90747125710470911E-02
1.55077780E+00 1.23712082511184721E-01 6.79395553916014899E-04 -4.98087260175888238E-02
1.58248081E+00 1.23686854429035265E-01 6.86655520605207481E-04 -5.04547952213040274E-02
1.61422123E+00 1.23661327549357949E-01 6.94123966314438563E-04 -5.10087718205010365E-02
1.64599682E+00 1.23635498422362378E-01 7.01803108381960175E-04 -5.14667446462356015E-02
1.67780530E+00 1.23609363473555250E-01 7.09695127707560226E-04 -5.18252066014602553E-02
1.70964442E+00 1.23582918975092201E-01 7.17802177416227241E-04 -5.20809274782108242E-02
1.74151196E+00 1.23556161015371577E-01 7.26126393083598230E-04 -5.22310715549303833E-02
1.77340574E+00 1.23529085467467756E-01 7.34669904558716961E-04 -5.22731882146328652E-02
1.80532365E+00 1.23501687956333761E-01 7.43434849405141666E-04 -5.22052484715445422E-02
1.83726367E+00 1.23473963824909855E-01 7.52423387975987277E-04 -5.20256053773497859E-02
1.86922391E+00 1.23445908099198379E-01 7.61637720127460172E-04 -5.17331031694156784E-02
1.90120258E+00 1.23417515452433749E-01 7.71080103571337321E-04 -5.13269799815927116E-02
1.93319805E+00 1.23388780168346771E-01 7.80752873857739216E-04 -5.08069355643871942E-02
1.96520886E+00 1.23359696103597330E-01 7.90658465976816016E-04 -5.01731074680156139E-02
1.99723373E+00 1.23330256649374193E-01 8.00799437565205248E-04 -4.94260696859844320E-02
2.02927159E+00 1.23300454692148259E-01 8.11178493702747160E-04 -4.85668237759540322E-02
2.06132159E+00 1.23270282573534576E-01 8.21798513286813004E-04 -4.75967865522953712E-02
2.09338311E+00 1.23239732049193390E-01 8.32662576975500761E-04 -4.65177745278342047E-02
2.12545580E+00 1.23208794246668904E-01 8.43773996696870138E-04 -4.53319854202731062E-02
2.15753956E+00 1.23177459622028460E-01 8.55136346729746416E-04 -4.40419770874102556E-02
2.18963459E+00 1.23145717915155037E-01 8.66753496372152095E-04 -4.26506442919332984E-02
2.22174135E+00 1.23113558103494267E-01 8.78629644226631480E-04 -4.11611937162229408E-02
2.25386062E+00 1.23080968354052453E-01 8.90769354147544212E-04 -3.95771176626531149E-02
2.28599349E+00 1.23047935973403702E-01 9.03177592913524392E-04 -3.79021668739676423E-02
2.31814137E+00 1.23014447355445700E-01 9.15859769708105508E-04 -3.61403229004247581E-02
2.35030596E+00 1.22980487926619794E-01 9.28821777511940169E-04 -3.42957704227169202E-02
2.38248930E+00 1.22946042088292712E-01 9.42070036529637101E-04 -3.23728699136961173E-02
2.41469376E+00 1.22911093155972401E-01 9.55611539792488901E-04 -3.03761309876451994E-02
2.44692202E+00 1.22875623295019248E-01 9.69453901096531162E-04 -2.83101867492946344E-02
2.47917707E+00 1.22839613452495278E-01 9.83605405457620846E-04 -2.61797694102175980E-02
2.51146222E+00 1.22803043284776980E-01 9.98075062300781682E-04 -2.39896873959465594E-02
2.54378087E+00 1.22765891344170736E-01 1.01287256492105476E-03 -2.17448196294476939E-02
2.57612033E+00 1.22728154074691356E-01 1.02800130260205535E-03 -1.94512257007883882E-02
2.60848400E+00 1.22689808740148926E-01 1.04347136635878730E-03 -1.71139629915523193E-02
2.64087557E+00 1.22650831017047240E-01 1.05929431400090222E-03 -1.47380648965873082E-02
2.67329908E+00 1.22611194915408908E-01 1.07548270269778386E-03 -1.23285257003827968E-02
2.70575883E+00 1.22570872682233906E-01 1.09205016617094637E-03 -9.89029669368919097E-03
2.73825944E+00 1.22529834695659756E-01 1.10901149746543606E-03 -7.42827511736640720E-03
2.77080579E+00 1.22488049351963765E-01 1.12638273786065603E-03 -4.94729500421052775E-03
2.80340301E+00 1.22445482946170997E-01 1.14418127181021927E-03 -2.45213189773196057E-03
2.83605650E+00 1.22402099546480556E-01 1.16242592728264338E-03 5.25655190220683681E-05
2.86877187E+00 1.22357860862947768E-01 1.18113708082672516E-03 2.56214420765601839E-03
2.90155492E+00 1.22312726109436623E-01 1.20033676714553826E-03 5.07210145492109458E-03
2.93441168E+00 1.22266621743672324E-01 1.22004810808765433E-03 7.58097272220335534E-03
2.96733136E+00 1.22219544910712921E-01 1.24028753520447803E-03 1.00775006225252480E-02
3.00031197E+00 1.22171466501409365E-01 1.26107646825376700E-03 1.25594310655807225E-02
3.03335981E+00 1.22122338987797993E-01 1.28244305881785518E-03 1.50226242580389999E-02
3.06648131E+00 1.22072110229026490E-01 1.30441815123138040E-03 1.74630498132507424E-02
3.09968311E+00 1.22020724282513718E-01 1.32703507197223596E-03 1.98767806312618416E-02
3.13297196E+00 1.21968121567673088E-01 1.35032986425765236E-03 2.22599901132032388E-02
3.16635472E+00 1.21914238812081493E-01 1.37434152427597231E-03 2.46089493103237161E-02
3.19983838E+00 1.21859008923992762E-01 1.39911222636873527E-03 2.69200238685371740E-02
3.23342997E+00 1.21802360838504459E-01 1.42468752517548860E-03 2.91896710619558401E-02
3.26713663E+00 1.21744219352055025E-01 1.45111653324888267E-03 3.14144371112547519E-02
3.30094515E+00 1.21684541680907032E-01 1.47843722676862469E-03 3.35896433580930021E-02
3.33485440E+00 1.21623262073975322E-01 1.50669690212703201E-03 3.57116037693350485E-02
3.36887191E+00 1.21560295400806845E-01 1.53595358365206944E-03 3.77773179771381459E-02
3.40300526E+00 1.21495551773541183E-01 1.56627020823588712E-03 3.97838756939388957E-02
3.43726204E+00 1.21428936445872784E-01 1.59771419266420043E-03 4.17284587076205762E-02
3.47164986E+00 1.21360349680261187E-01 1.63035771988137633E-03 4.36083408357450034E-02
3.50617632E+00 1.21289686620463050E-01 1.66427793780728412E-03 4.54208858265396781E-02
3.54084676E+00 1.21216841943797463E-01 1.69955498193980229E-03 4.71634331107924354E-02
3.57566193E+00 1.21141715733449173E-01 1.73626891364606030E-03 4.88332078329846847E-02
3.61062450E+00 1.21064200011274881E-01 1.77450449247530434E-03 5.04276825734176759E-02
3.64573176E+00 1.20984195340854528E-01 1.81434421418671639E-03 5.19442278946309691E-02
3.68098817E+00 1.20901582702943627E-01 1.85587850712385987E-03 5.33807061809664432E-02
3.71639348E+00 1.20816250645974968E-01 1.89919499481837535E-03 5.47349072374863146E-02
3.75167673E+00 1.20728775725782750E-01 1.94407694216836512E-03 5.59948434819129912E-02
3.78677568E+00 1.20639269997053447E-01 1.99045516849006556E-03 5.71591350151109470E-02
3.82172376E+00 1.20547607393088813E-01 2.03838887406113719E-03 5.82294814009718525E-02
3.85654915E+00 1.20453667881785034E-01 2.08794513590245022E-03 5.92079748987440063E-02
3.89127522E+00 1.20357339832070531E-01 2.13918107104869686E-03 6.00956314647486112E-02
3.92592086E+00 1.20258521146671724E-01 2.19214276184699327E-03 6.08935551826030458E-02
3.96042565E+00 1.20157347221839919E-01 2.24676113031061549E-03 6.16010221315412831E-02
3.99467365E+00 1.20054152154983107E-01 2.30285064474732926E-03 6.22170918713370186E-02
4.02869665E+00 1.19948844995509105E-01 2.36039737008297921E-03 6.27447079052315254E-02
4.06252075E+00 1.19841344790787882E-01 2.41941104621412606E-03 6.31862423948125335E-02
4.09616715E+00 1.19731581154068970E-01 2.47989314986053278E-03 6.35437541806438966E-02
4.12965294E+00 1.19619493115640491E-01 2.54183922387230931E-03 6.38191317067377251E-02
4.16299196E+00 1.19505027039280134E-01 2.60524151897113592E-03 6.40141430202718076E-02
4.19619564E+00 1.19388133933434448E-01 2.67009188468109518E-03 6.41304233520091083E-02
4.22927384E+00 1.19268766358432171E-01 2.73638483825471316E-03 6.41761305942846472E-02
4.26223571E+00 1.19146875101970071E-01 2.80412078069446806E-03 6.41267933561157633E-02
4.29509042E+00 1.19022405808513809E-01 2.87330935301845355E-03 6.40266529304747006E-02
4.32784790E+00 1.18895295685201546E-01 2.94397285157317569E-03 6.38439514165015931E-02
4.36051943E+00 1.18765470492423253E-01 3.01614938642088323E-03 6.35932055133633656E-02
4.39310670E+00 1.18632890205222691E-01 3.08987310848355236E-03 6.32748625066820725E-02
4.42554797E+00 1.18497788400791462E-01 3.16506127859956989E-03 6.28920997559785505E-02
4.45769098E+00 1.18360830062343172E-01 3.24142195492112132E-03 6.24502184170939445E-02
4.48914691E+00 1.18223826017116493E-01 3.31811171333619859E-03 6.19596453795913105E-02
4.52003038E+00 1.18086432103194819E-01 3.39516641270717684E-03 6.14262756944145977E-02
4.55044586E+00 1.17948291082047338E-01 3.47277499832607381E-03 6.08547727878627834E-02
4.58048405E+00 1.17809072564715608E-01 3.55107545237752769E-03 6.02497065096284368E-02
4.61022378E+00 1.17668478327670106E-01 3.63014350288673286E-03 5.96158971032204332E-02
4.63973350E+00 1.17526244765932791E-01 3.70998348573818105E-03 5.89586163543245056E-02
4.66907248E+00 1.17382143850943602E-01 3.79052230603515615E-03 5.82837667784755209E-02
4.69829211E+00 1.17235959987905342E-01 3.87161018699594102E-03 5.75986941071806244E-02
4.72743711E+00 1.17087542803365890E-01 3.95303479665758736E-03 5.69098764616953606E-02
4.75654697E+00 1.16936756640427131E-01 4.03454914477268702E-03 5.62263928989259545E-02
4.78556620E+00 1.16783975404390741E-01 4.11570695520693287E-03 5.55599561085060797E-02
4.81449440E+00 1.16629288771815609E-01 4.19621653898551595E-03 5.49218294490502745E-02
4.84336592E+00 1.16472575711556878E-01 4.27600039172973661E-03 5.43231726370064644E-02
4.87221206E+00 1.16313698045791003E-01 4.35511247629646360E-03 5.37760428939360255E-02
4.90106271E+00 1.16152490077110329E-01 4.43371111221873074E-03 5.32933525138612682E-02
4.92994756E+00 1.15988749727760701E-01 4.51202611042388936E-03 5.28887823781341998E-02
4.95889695E+00 1.15822231165970707E-01 4.59031637464461274E-03 5.25767119211525621E-02
4.98794232E+00 1.15652638616014311E-01 4.66884008773921656E-03 5.23778089378358000E-02
5.01711605E+00 1.15479625493731350E-01 4.74784236048895851E-03 5.22916633437937595E-02
5.04645097E+00 1.15302803870033291E-01 4.82754748915070232E-03 5.23266123168413463E-02
5.07597938E+00 1.15121763070325692E-01 4.90814978524876325E-03 5.25724368814508777E-02
5.10573193E+00 1.14936094239506043E-01 4.98981206737004416E-03 5.29400726536542743E-02
5.13567634E+00 1.14745812878588663E-01 5.07253350288781966E-03 5.35052595098295530E-02
5.16565911E+00 1.14551807784235474E-01 5.15597277551967798E-03 5.42587918885578460E-02
5.19547943E+00 1.14355437777797803E-01 5.23953260026024763E-03 5.52002474199114468E-02
5.22519638E+00 1.14156476488648878E-01 5.32300576553022646E-03 5.63265751598815215E-02
5.25486942E+00 1.13954763994210131E-01 5.40609050591295270E-03 5.76334174158084495E-02
5.28455656E+00 1.13750220216114126E-01 5.48817319401174921E-03 5.91141840332398555E-02
5.31431289E+00 1.13542842812175832E-01 5.56831202389596654E-03 6.07594219498625160E-02
5.34414379E+00 1.13333017351397392E-01 5.64526123089382700E-03 6.25541514335837129E-02
5.37401960E+00 1.13121391681737071E-01 5.71772264218019157E-03 6.44785969005796794E-02
5.40356133E+00 1.12911080173603309E-01 5.78406134765159854E-03 6.64836808418041297E-02
5.43284680E+00 1.12701893493794211E-01 5.84381977910654153E-03 6.85500843197042464E-02
5.46195334E+00 1.12493529912794821E-01 5.89711851242338304E-03 7.06560399938948869E-02
5.49095792E+00 1.12285576448328261E-01 5.94440293458320217E-03 7.27841678815729504E-02
5.51993746E+00 1.12077512361938331E-01 5.98645154233093391E-03 7.49186241430729455E-02
5.54889826E+00 1.11869224573121526E-01 6.02426730309293251E-03 7.70404778887340130E-02
5.57759595E+00 1.11662320399815065E-01 6.05878450379163189E-03 7.91155420714230867E-02
5.60583688E+00 1.11458004580440556E-01 6.09097880588708573E-03 8.11166519607485342E-02
5.63370634E+00 1.11255455190817851E-01 6.12192737266897911E-03 8.30386631402689340E-02
5.66128366E+00 1.11053873069790587E-01 6.15236739569317587E-03 8.48842218686062938E-02
5.68864262E+00 1.10852485767638370E-01 6.18266860746076192E-03 8.66498274840350746E-02
5.71585208E+00 1.10650549884025159E-01 6.21304705546111419E-03 8.83401914349239425E-02
5.74297673E+00 1.10447352739968280E-01 6.24379677995152548E-03 8.99586660265874194E-02
5.77007777E+00 1.10242211791820810E-01 6.27538325555420523E-03 9.15098846163241997E-02
5.79721377E+00 1.10034469701464119E-01 6.30834192367633450E-03 9.29992037455075055E-02
5.82444156E+00 1.09823485600221010E-01 6.34317309219784714E-03 9.44326590727245091E-02
5.85181719E+00 1.09608625570627297E-01 6.38030321348820231E-03 9.58170004039649859E-02
5.87939706E+00 1.09389250163162310E-01 6.42006982858687233E-03 9.71597285411056610E-02
5.90723916E+00 1.09164694961410624E-01 6.46271357242297895E-03 9.84691095545446038E-02
5.93540448E+00 1.08934247181726798E-01 6.50839281600923154E-03 9.97541520181633584E-02
5.96395856E+00 1.08697120273883480E-01 6.55721166598778084E-03 1.01024529077852490E-01
5.99297340E+00 1.08452426173498928E-01 6.60927241752562542E-03 1.02290474350328744E-01
6.02252943E+00 1.08199145005230188E-01 6.66475394679495129E-03 1.03562641233734168E-01
6.05271801E+00 1.07936095515555983E-01 6.72401112404570102E-03 1.04851914947679703E-01
6.08345868E+00 1.07663573544483845E-01 6.78736002213308799E-03 1.06162064027531089E-01
6.11420698E+00 1.07386202094089944E-01 6.85440473857434635E-03 1.07477585556090799E-01
6.14500038E+00 1.07103686193599626E-01 6.92538203894970186E-03 1.08801800215159464E-01
6.17520871E+00 1.06822134506395577E-01 6.99940909088154779E-03 1.10111375791727237E-01
6.20456931E+00 1.06544667815921867E-01 7.07534790866072832E-03 1.11393286542699185E-01
6.23343683E+00 1.06268647476377390E-01 7.15288754153918516E-03 1.12657853495271396E-01
6.26214476E+00 1.05991500713518441E-01 7.23161450858987066E-03 1.13916392642526204E-01
6.29102202E+00 1.05710600689262371E-01 7.31072877563601706E-03 1.15179831095341967E-01
6.32040830E+00 1.05423134373331340E-01 7.38922056600857698E-03 1.16458442858741462E-01
6.34875108E+00 1.05144895708241704E-01 7.46262019864716263E-03 1.17686853812652079E-01
6.37598871E+00 1.04877048785165725E-01 7.52896128108713602E-03 1.18853751764942756E-01
6.40255287E+00 1.04615648303660450E-01 7.58893976571441576E-03 1.19970644349826738E-01
6.42879935E+00 1.04357312659134588E-01 7.64374585649946724E-03 1.21048187392679960E-01
6.45503998E+00 1.04098989085230173E-01 7.69443297789985155E-03 1.22094405935123010E-01
6.48156244E+00 1.03837796442108568E-01 7.74187553304067806E-03 1.23114895383775527E-01
6.50864197E+00 1.03570933013143671E-01 7.78679067040859499E-03 1.24113004519756681E-01
6.53654571E+00 1.03295652088968334E-01 7.82966859006131721E-03 1.25089725209485553E-01
6.56429672E+00 1.03021543584977518E-01 7.86954392570120113E-03 1.26006645911311027E-01
6.59195331E+00 1.02748034197279153E-01 7.90598101091777999E-03 1.26860265342643497E-01
6.61901148E+00 1.02480141776158884E-01 7.93864280142443472E-03 1.27634650430482777E-01
6.64526359E+00 1.02219987966844561E-01 7.96739145709936085E-03 1.28325884330424134E-01
6.67098121E+00 1.01964915489603264E-01 7.99276009806643845E-03 1.28943378520601448E-01
6.69641971E+00 1.01712378686907745E-01 8.01563408070146872E-03 1.29495378292728308E-01
6.72182652E+00 1.01459875129784660E-01 8.03695214042083814E-03 1.29988386005826240E-01
6.74744992E+00 1.01204873147509783E-01 8.05748815562148599E-03 1.30427260103082199E-01
6.77354835E+00 1.00944725833923374E-01 8.07757174122067378E-03 1.30815387329170724E-01
6.80039999E+00 1.00676558731605456E-01 8.09702163308491200E-03 1.31154798875763007E-01
6.82747081E+00 1.00405615869855427E-01 8.11506868511426178E-03 1.31439893145448294E-01
6.85442690E+00 1.00135181822299218E-01 8.13087044996452582E-03 1.31670356304900621E-01
6.88154079E+00 9.98624289092613776E-02 8.14414559803044481E-03 1.31851641058401942E-01
6.90908924E+00 9.95844068363518631E-02 8.15510241576484704E-03 1.31988937776249093E-01
6.93735726E+00 9.92979876313157123E-02 8.16438886268101849E-03 1.32086098490235726E-01
6.96463426E+00 9.90203982226779134E-02 8.17321658366568747E-03 1.32128042445614519E-01
6.99128967E+00 9.87478889325244524E-02 8.18265850983173650E-03 1.32210804355010758E-01
7.01766822E+00 9.84768939308977714E-02 8.19368535060862116E-03 1.32192684558768037E-01
7.04410008E+00 9.82039583464558580E-02 8.20649714546102353E-03 1.32171978347958463E-01
7.07024128E+00 9.79326303199470477E-02 8.22058108086550117E-03 1.32149402711995045E-01
7.09572547E+00 9.76668084736265207E-02 8.23497114550117079E-03 1.32121523492009535E-01
7.12092716E+00 9.74026515450001906E-02 8.24911964609231947E-03 1.32088130560774647E-01
7.14619802E+00 9.71364317432689695E-02 8.26317566438346425E-03 1.32054457318881463E-01
7.17188443E+00 9.68643672643270670E-02 8.27764611216048191E-03 1.32028498081915718E-01
7.19833970E+00 9.65825074485723994E-02 8.29308515759922919E-03 1.32018295752731968E-01
7.22506986E+00 9.62959650874613271E-02 8.30938271112913185E-03 1.32033842280524255E-01
7.25188982E+00 9.60067039632005736E-02 8.32537149353537037E-03 1.32120160062647735E-01
7.27934227E+00 9.57088160701113355E-02 8.33970322280590259E-03 1.32172411045670929E-01
7.30654126E+00 9.54119239573081174E-02 8.35202696596300080E-03 1.32381542678549763E-01
7.33191749E+00 9.51334834095528131E-02 8.36372282802104981E-03 1.32530241483851507E-01
7.35625069E+00 9.48652851648877221E-02 8.37660607871289729E-03 1.32775012452819252E-01
7.38013256E+00 9.46009686961935270E-02 8.39153621544380494E-03 1.33041651513887166E-01
7.40408041E+00 9.43348707111901635E-02 8.40737766476734073E-03 1.33359915773191728E-01
7.42861117E+00 9.40612425610930364E-02 8.42176509614412858E-03 1.33734845008623426E-01
7.45430799E+00 9.37734903713070972E-02 8.43282470838234086E-03 1.34185063518751646E-01
7.47890647E+00 9.34970543638942025E-02 8.44149953542398454E-03 1.34693814334721607E-01
7.50265577E+00 9.32293334973110233E-02 8.45043417439862200E-03 1.35249169668898966E-01
7.52621649E+00 9.29629803664411697E-02 8.46163931442014614E-03 1.35857515586675026E-01
7.55017803E+00 9.26913444301631778E-02 8.47492763947707041E-03 1.36536254961162867E-01
7.57515801E+00 9.24073400892296282E-02 8.48892580634699918E-03 1.37310901187683659E-01
7.60149101E+00 9.21069594417840420E-02 8.50286402590842184E-03 1.38207771669105806E-01
7.62711201E+00 9.18136622781196426E-02 8.51761044538382542E-03 1.39182776846884043E-01
7.65233670E+00 9.15238688861289701E-02 8.53402549195429044E-03 1.40231213400286603E-01
7.67743986E+00 9.12344141601378472E-02 8.55240797357413249E-03 1.41356518691083455E-01
7.70266911E+00 9.09424022050668440E-02 8.57218681140089339E-03 1.42568793071448013E-01
7.72825288E+00 9.06451543681433963E-02 8.59284863922999201E-03 1.43879515620270626E-01
7.75413172E+00 9.03433857090115283E-02 8.61382985655363177E-03 1.45287797895073151E-01
7.77978667E+00 9.00432650013885533E-02 8.63416972489365088E-03 1.46765496147600233E-01
7.80484924E+00 8.97492950644491888E-02 8.65301038616859280E-03 1.48282663192564057E-01
7.82911847E+00 8.94640406604493565E-02 8.66984740896614009E-03 1.49815154834658931E-01
7.85288838E+00 8.91842028100361950E-02 8.68487079704882529E-03 1.51368883893891609E-01
7.87642115E+00 8.89068013344654767E-02 8.69889442843380621E-03 1.52954463022851817E-01
7.89995924E+00 8.86290729828017598E-02 8.71274160357072766E-03 1.54584471741598589E-01
7.92373487E+00 8.83483804947795270E-02 8.72688031531306148E-03 1.56272687522753195E-01
7.94797767E+00 8.80621279552904618E-02 8.74133535173688553E-03 1.58034718447243705E-01
7.97292048E+00 8.77676920347961603E-02 8.75583205437477884E-03 1.59888192638856758E-01
7.99851159E+00 8.74658176494573780E-02 8.76995989474001029E-03 1.61832181658591839E-01
8.02408410E+00 8.71645092704651792E-02 8.78323135649092084E-03 1.63819530657903667E-01
8.04991921E+00 8.68605863300744713E-02 8.79511463340632016E-03 1.65864451366531024E-01
8.07628684E+00 8.65509968139506064E-02 8.80526329303352347E-03 1.67983730521474667E-01
8.10345357E+00 8.62327259722185657E-02 8.81306931041054425E-03 1.70196275423675270E-01
8.13143115E+00 8.59057374134356844E-02 8.81781206637444886E-03 1.72501671200119028E-01
8.15854214E+00 8.55896854893045678E-02 8.81938923263749820E-03 1.74767169676671080E-01
8.18494741E+00 8.52826854612594859E-02 8.81716294529233564E-03 1.76990276609005820E-01
8.21106488E+00 8.49798603542055719E-02 8.81101326054198677E-03 1.79194464418343330E-01
8.23728796E+00 8.46766602811040159E-02 8.80064553247218891E-03 1.81406762565495094E-01
8.26401991E+00 8.43684809554382936E-02 8.78550882840236150E-03 1.83654825994366111E-01
8.29063463E+00 8.40626190353455927E-02 8.76615108022702448E-03 1.85884758312440362E-01
8.31651815E+00 8.37661689146930316E-02 8.74375205984222713E-03 1.88040509382247256E-01
8.34198664E+00 8.34755098681492086E-02 8.71865532305235273E-03 1.90138262704039773E-01
8.36751870E+00 8.31851780266900931E-02 8.69051946465953552E-03 1.92210352461087447E-01
8.39358991E+00 8.28897663799119250E-02 8.65860270965647036E-03 1.94289464035413501E-01
8.41925440E+00 8.25999273324268812E-02 8.62451466786758915E-03 1.96302272687797819E-01
8.44431052E+00 8.23177599150504147E-02 8.58988534771955824E-03 1.98230330227780693E-01
8.46921057E+00 8.20379959806306625E-02 8.55563416660854933E-03 2.00103770874248160E-01
8.49440328E+00 8.17554502659443433E-02 8.52172092400593079E-03 2.01953521032590705E-01
8.52038737E+00 8.14643985963707934E-02 8.48694986310404714E-03 2.03812076203241543E-01
8.54612996E+00 8.11762694710133903E-02 8.45206198714581330E-03 2.05609434016272602E-01
8.57151967E+00 8.08921954826866130E-02 8.41759177441042152E-03 2.07337508327164882E-01
8.59683070E+00 8.06090671811204584E-02 8.38461823762750441E-03 2.09013657772738864E-01
8.62232927E+00 8.03239321299226983E-02 8.35359558531420347E-03 2.10655321000612822E-01
8.64829139E+00 8.00337688469409808E-02 8.32372542040350945E-03 2.12279140692868018E-01
8.67502132E+00 7.97352803792456405E-02 8.29324592658685009E-03 2.13901341158288322E-01
8.70287327E+00 7.94246699760858127E-02 8.26007847544426091E-03 2.15538578963137911E-01
8.72956754E+00 7.91274907486327478E-02 8.22703974827005032E-03 2.17066833807686044E-01
8.75538053E+00 7.88407616286389556E-02 8.19551864248847448E-03 2.18500389719611138E-01
8.78071606E+00 7.85600836547318826E-02 8.16708301633606477E-03 2.19861542235849278E-01
8.80592089E+00 7.82817115884110182E-02 8.14165012345834105E-03 2.21169974727418811E-01
8.83131937E+00 7.80021761689676241E-02 8.11711384479599923E-03 2.22441576982251671E-01
8.85724047E+00 7.77179782050611417E-02 8.09035880066929711E-03 2.23689717880568018E-01
8.88404345E+00 7.74253094767312494E-02 8.05902715416241013E-03 2.24926250811421508E-01
8.91214681E+00 7.71197548205569544E-02 8.02306197165248043E-03 2.26162163863500604E-01
8.94012134E+00 7.68169295462930724E-02 7.98714188343033551E-03 2.27334850456656273E-01
8.96715984E+00 7.65255508073225815E-02 7.95468075113367826E-03 2.28411853926009933E-01
8.99373113E+00 7.62405496422740303E-02 7.92525574487174672E-03 2.29410826353510233E-01
9.02022172E+00 7.59577733197995542E-02 7.89730715352829349E-03 2.30347000558966147E-01
9.04697963E+00 7.56734705039204536E-02 7.86916330421803985E-03 2.31232419135647099E-01
9.07434439E+00 7.53839544323928606E-02 7.83992319680677265E-03 2.32076525662643363E-01
9.10267068E+00 7.50853353802297951E-02 7.80959037402812785E-03 2.32887144500341731E-01
9.13234872E+00 7.47732949766667099E-02 7.77874685087954262E-03 2.33670966007330866E-01
9.16262962E+00 7.44554115547560874E-02 7.74922625020037052E-03 2.34409158271671803E-01
9.19263447E+00 7.41406023089061367E-02 7.72220812917865426E-03 2.35085547695125435E-01
9.22267902E+00 7.38253695529152015E-02 7.69725539039163055E-03 2.35709898954498204E-01
9.25306241E+00 7.35065370230561094E-02 7.67412983217802096E-03 2.36291805161877339E-01
9.28351711E+00 7.31869989643012392E-02 7.65279842172486569E-03 2.36831218761243495E-01
9.31424164E+00 7.28648634406264678E-02 7.63192212592688195E-03 2.37333545738438845E-01
9.34414273E+00 7.25517698078769757E-02 7.61085590863533681E-03 2.37788298210754590E-01
9.37338890E+00 7.22461094074380306E-02 7.58770004433267573E-03 2.38199438052873164E-01
9.40234137E+00 7.19442308151973520E-02 7.56158098976279867E-03 2.38573910319201110E-01
9.43132589E+00 7.16428487503648209E-02 7.53262837500710131E-03 2.38916895593141526E-01
9.46065737E+00 7.13388085301097097E-02 7.50175972826964792E-03 2.39231543891503834E-01
9.49066123E+00 7.10288816502207404E-02 7.47021431797203692E-03 2.39519166358417301E-01
9.52169409E+00 7.07095471528561420E-02 7.43892781864291357E-03 2.39779251483927924E-01
9.55361390E+00 7.03823854532401871E-02 7.40888759478022969E-03 2.40007025254820400E-01
9.58631910E+00 7.00484899920801596E-02 7.38051309103472490E-03 2.40196729283712440E-01
9.62005308E+00 6.97054132543535460E-02 7.35378948359735694E-03 2.40343169553313168E-01
9.65398292E+00 6.93615935426249580E-02 7.32957676680586097E-03 2.40415621602299900E-01
9.68789612E+00 6.90191948555462509E-02 7.30718200329274602E-03 2.40521544062090170E-01
9.72162285E+00 6.86800460185129635E-02 7.28532308947147170E-03 2.40499818557912609E-01
9.75452633E+00 6.83506724392188292E-02 7.26322819593021914E-03 2.40392738172411857E-01
9.78706416E+00 6.80266623793730485E-02 7.23985971550562390E-03 2.40294920996370759E-01
9.81962241E+00 6.77043977501586153E-02 7.21510693154668332E-03 2.40109666922245085E-01
9.85255495E+00 6.73806604618696625E-02 7.18912328988174226E-03 2.39870592600178900E-01
9.88499741E+00 6.70641274162497164E-02 7.16292502144096500E-03 2.39570827252380103E-01
9.91683643E+00 6.67559447966668967E-02 7.13585224108387577E-03 2.39217344075528499E-01
9.94847847E+00 6.64521586053085922E-02 7.10656544818093552E-03 2.38803606255542117E-01
9.98027238E+00 6.61494204678088199E-02 7.07433239622816054E-03 2.38324098997268086E-01
1.00125352E+01 6.58448091430725302E-02 7.03907265010000633E-03 2.37771469896699117E-01
1.00455685E+01 6.55356833846312548E-02 7.00136818149905103E-03 2.37136421409534864E-01
1.00785732E+01 6.52296761711595313E-02 6.96380182248855940E-03 2.36432735318499926E-01
1.01113863E+01 6.49283933639104721E-02 6.92758971357758380E-03 2.35664218644445755E-01
1.01444113E+01 6.46283158372136929E-02 6.89212193189069674E-03 2.34820120978160740E-01
1.01780552E+01 6.43260745082137181E-02 6.85542160198892876E-03 2.33886398549900842E-01
1.02127616E+01 6.40181488649680941E-02 6.81419475414031875E-03 2.32843858823949285E-01
1.02490483E+01 6.37005246071671860E-02 6.76443451259984944E-03 2.31665767514425330E-01
1.02846260E+01 6.33933126261854857E-02 6.70763013038076870E-03 2.30422464708097074E-01
1.03186137E+01 6.31035067817014989E-02 6.64707585492186562E-03 2.29149751766767246E-01
1.03514294E+01 6.28268610986718740E-02 6.58605031104295916E-03 2.27838718470832285E-01
1.03834357E+01 6.25597825361988713E-02 6.52722896128666175E-03 2.26480341935463791E-01
1.04149611E+01 6.22991256833914167E-02 6.47188807354454054E-03 2.25064025434313614E-01
1.04463173E+01 6.20420322181682790E-02 6.41986455172152779E-03 2.23576837225747532E-01
1.04778153E+01 6.17857889812706354E-02 6.36982791294183389E-03 2.22002940982404112E-01
1.05097815E+01 6.15276904239114020E-02 6.31975357605809272E-03 2.20322783588142168E-01
1.05425740E+01 6.12648876746439627E-02 6.26754712326948755E-03 2.18511847539588550E-01
1.05766030E+01 6.09942158016860969E-02 6.21175077566072601E-03 2.16538937292791250E-01
1.06123543E+01 6.07119996081527738E-02 6.15222308009025047E-03 2.14364128821962596E-01
1.06504189E+01 6.04138463514434856E-02 6.09022832721031401E-03 2.11935911860221066E-01
1.06877713E+01 6.01234154686679859E-02 6.03285552637561166E-03 2.09444541527501749E-01
1.07250247E+01 5.98357669992139671E-02 5.98014772893980511E-03 2.06857590648903744E-01
1.07628139E+01 5.95459560212976899E-02 5.93036667707068192E-03 2.04136727379862798E-01
1.08017928E+01 5.92490420823384087E-02 5.88090245586462765E-03 2.01239384826541162E-01
1.08427179E+01 5.89395011666863436E-02 5.82894352542573033E-03 1.98113021825927077E-01
1.08853560E+01 5.86194270666526365E-02 5.77377654341129296E-03 1.94783179494720821E-01
1.09277402E+01 5.83038110663719328E-02 5.71859542892271498E-03 1.91424691698032112E-01
1.09702360E+01 5.79900820279418694E-02 5.66458311302884144E-03 1.88029515268677672E-01
1.10131685E+01 5.76760536299908561E-02 5.61246425572452766E-03 1.84593625919206389E-01
1.10568322E+01 5.73598394982863455E-02 5.56201639052519761E-03 1.81118787504459977E-01
1.10988387E+01 5.70586934753918515E-02 5.51537770988502849E-03 1.77822805477913903E-01
1.11396638E+01 5.67689410157250982E-02 5.47133211454292872E-03 1.74681158702181594E-01
1.11801201E+01 5.64846872335479019E-02 5.42877890748640676E-03 1.71643214278945966E-01
1.12209256E+01 5.62008840631235893E-02 5.38696141646711167E-03 1.68673852086222126E-01
1.12623599E+01 5.59156487562814247E-02 5.34581292009884013E-03 1.65777816466541966E-01
1.13038530E+01 5.56329161918425533E-02 5.30616591583682462E-03 1.63023158969812482E-01
1.13448800E+01 5.53561807970744391E-02 5.26842144500919412E-03 1.60466189242285201E-01
1.13854679E+01 5.50851691377233221E-02 5.23192556628215497E-03 1.58119079575235910E-01
1.14263064E+01 5.48152912023832858E-02 5.19522254320335403E-03 1.55957434308587523E-01
1.14679742E+01 5.45428912057625559E-02 5.15720227327670384E-03 1.53979094390963744E-01
1.15088761E+01 5.42784497190095874E-02 5.11905850787983206E-03 1.52294232520843092E-01
1.15496236E+01 5.40180056056344740E-02 5.08031528566921849E-03 1.50880076333496843E-01
1.15907869E+01 5.37580440244794025E-02 5.04059097096142602E-03 1.49729606453663150E-01
1.16329412E+01 5.34951843196287899E-02 4.99921534553492142E-03 1.48854262134183873E-01
1.16767107E+01 5.32259043788348013E-02 4.95506271400890375E-03 1.48278847647066003E-01
1.17197861E+01 5.29644576518390198E-02 4.90960667426349525E-03 1.48071073638748885E-01
1.17627911E+01 5.27068838971931006E-02 4.86191336872479271E-03 1.48187825390121847E-01
1.18063063E+01 5.24496229259518235E-02 4.81169126075564873E-03 1.48652651042847195E-01
1.18508916E+01 5.21893514274186093E-02 4.75942486205633338E-03 1.49429329351107060E-01
1.18959409E+01 5.19295133625434086E-02 4.70729438030110126E-03 1.50527059327341617E-01
1.19400915E+01 5.16776494865222452E-02 4.65809058499309057E-03 1.51873293613325133E-01
1.19841177E+01 5.14290511772667186E-02 4.61147348600656620E-03 1.53428014032523125E-01
1.20287438E+01 5.11795205572291093E-02 4.56625161959604495E-03 1.55168299253588077E-01
1.20732511E+01 5.09329722104858995E-02 4.52215983824775635E-03 1.57023860366491769E-01
1.21156745E+01 5.06999902132414110E-02 4.48020402947592669E-03 1.58860109704420882E-01
1.21568478E+01 5.04756962929293687E-02 4.43946719831496504E-03 1.60653523625068406E-01
1.21974292E+01 5.02563344933998207E-02 4.39966229389360166E-03 1.62393174920775402E-01
1.22379839E+01 5.00387668343249339E-02 4.36066412925447365E-03 1.64073477099869913E-01
1.22790364E+01 4.98201649580207739E-02 4.32224339993705301E-03 1.65689409136056037E-01
1.23211093E+01 4.95977919640133852E-02 4.28400303335595232E-03 1.67236042546588082E-01
1.23647571E+01 4.93688273403569758E-02 4.24539355805960035E-03 1.68708392846783045E-01
1.24099585E+01 4.91335195828457166E-02 4.20629648982252542E-03 1.70083210687816261E-01
1.24547067E+01 4.89023077650918708E-02 4.16819779651523593E-03 1.71293747457962997E-01
1.24988553E+01 4.86758663372081693E-02 4.13108570989597582E-03 1.72348782202834450E-01
1.25430161E+01 4.84510488649726456E-02 4.09434986929104860E-03 1.73279955034388949E-01
1.25877307E+01 4.82251666439579979E-02 4.05748597186049529E-03 1.74114882868311699E-01
1.26325896E+01 4.80003425967842137E-02 4.02079139057643850E-03 1.74865355391175148E-01
1.26769975E+01 4.77795333879157680E-02 3.98481259035771401E-03 1.75546050224890893E-01
1.27211058E+01 4.75619361421199677E-02 3.94959671248641241E-03 1.76184331345034056E-01
1.27650615E+01 4.73467838171316852E-02 3.91518483433533470E-03 1.76805271441678236E-01
1.28090079E+01 4.71333380196914120E-02 3.88161437650154676E-03 1.77431768378236848E-01
1.28530845E+01 4.69208889609759455E-02 3.84889839237286761E-03 1.78084747896550794E-01
1.28974281E+01 4.67087576645113037E-02 3.81698707706568845E-03 1.78783378403649773E-01
1.29416746E+01 4.64986412302895516E-02 3.78607050948149681E-03 1.79537379743024111E-01
1.29853987E+01 4.62924733278809036E-02 3.75630280967780309E-03 1.80350442508260406E-01
1.30287760E+01 4.60893352441318419E-02 3.72743228215906058E-03 1.81231564956954444E-01
1.30719762E+01 4.58883569558813167E-02 3.69924793369570378E-03 1.82188766221114462E-01
1.31151639E+01 4.56887080766743905E-02 3.67162847696139976E-03 1.83229489563936282E-01
1.31578660E+01 4.54924859882769525E-02 3.64490336841573684E-03 1.84344919599740142E-01
1.31999388E+01 4.53002418435953375E-02 3.61924748741704241E-03 1.85528850226191283E-01
1.32415468E+01 4.51111258525927900E-02 3.59462822606876342E-03 1.86781652416708133E-01
1.32828428E+01 4.49243615592550272E-02 3.57097142275853048E-03 1.88104584669460340E-01
1.33239696E+01 4.47392338122688735E-02 3.54817671225916148E-03 1.89499380407075702E-01
1.33650611E+01 4.45550802754184766E-02 3.52613308383155832E-03 1.90967990608955362E-01
1.34062433E+01 4.43712841166907096E-02 3.50472991852641231E-03 1.92512538058681987E-01
1.34476361E+01 4.41872686646097509E-02 3.48387832430825575E-03 1.94135250982239799E-01
1.34893538E+01 4.40024953003360017E-02 3.46351768398675715E-03 1.95838382287951834E-01
1.35315072E+01 4.38164598228363081E-02 3.44360899737069549E-03 1.97624129655690539E-01
1.35737514E+01 4.36306747289726404E-02 3.42432887160238611E-03 1.99475058104578329E-01
1.36159546E+01 4.34457149099979831E-02 3.40575553945455124E-03 2.01380261897270013E-01
1.36580711E+01 4.32617897448919764E-02 3.38791882831791531E-03 2.03331718375203002E-01
1.36992796E+01 4.30824865974033522E-02 3.37113914508856225E-03 2.05285050781364276E-01
1.37398096E+01 4.29068105190461777E-02 3.35527112767426607E-03 2.07242627928222178E-01
1.37798688E+01 4.27338899623047191E-02 3.34016304128418803E-03 2.09206939229436506E-01
1.38196469E+01 4.25629456225467689E-02 3.32565844774923656E-03 2.11183436491578697E-01
1.38593196E+01 4.23932822105216600E-02 3.31158807312002031E-03 2.13175688861990648E-01
1.38990511E+01 4.22242738344108665E-02 3.29776374273336569E-03 2.15188107362420944E-01
1.39389964E+01 4.20553529688022509E-02 3.28397376422827911E-03 2.17225299767848878E-01
1.39793029E+01 4.18860027190298412E-02 3.26998214239304294E-03 2.19292028819187107E-01
1.40201110E+01 4.17157518644539343E-02 3.25553378687757364E-03 2.21393174300841628E-01
1.40612433E+01 4.15454578735615920E-02 3.24048000916679017E-03 2.23517653725456122E-01
1.41020683E+01 4.13778024439817940E-02 3.22486722813896147E-03 2.25631166303929431E-01
1.41427352E+01 4.12122056021793637E-02 3.20851416628340500E-03 2.27739600993990904E-01
1.41833781E+01 4.10481482532348493E-02 3.19131275249864713E-03 2.29848356105875978E-01
1.42241187E+01 4.08851581803472280E-02 3.17322626398782760E-03 2.31962493926867436E-01
1.42650687E+01 4.07227987396509838E-02 3.15428321127213295E-03 2.34086535449378463E-01
1.43063323E+01 4.05606589383650101E-02 3.13456416509479965E-03 2.36224440169833683E-01
1.43480076E+01 4.03983447982592461E-02 3.11418157447631606E-03 2.38379570446277750E-01
1.43895513E+01 4.02379234854099363E-02 3.09355306645616758E-03 2.40521922743026473E-01
1.44310490E+01 4.00789812063890999E-02 3.07282090638309226E-03 2.42653638916008246E-01
1.44726487E+01 3.99208690873738420E-02 3.05206829066959626E-03 2.44779950647184497E-01
1.45144861E+01 3.97630015045314991E-02 3.03137946853114298E-03 2.46903264499968411E-01
1.45560420E+01 3.96072504211210097E-02 3.01114211278228489E-03 2.48994079121659162E-01
1.45969917E+01 3.94547285788647145E-02 2.99165753862190879E-03 2.51032218318397282E-01
1.46375338E+01 3.93046033790678956E-02 2.97295410510021963E-03 2.53024956855239902E-01
1.46778442E+01 3.91561627026128928E-02 2.95501139448631125E-03 2.54976474645198348E-01
1.47180816E+01 3.90087923216439481E-02 2.93776016777931625E-03 2.56889993017240192E-01
1.47583904E+01 3.88619583770210275E-02 2.92107671664475601E-03 2.58767457213272101E-01
1.47989043E+01 3.87151931834199201E-02 2.90478831179411933E-03 2.60609638044094205E-01
1.48397485E+01 3.85680834203767711E-02 2.88868848958977317E-03 2.62416233347058325E-01
1.48810416E+01 3.84202580743944339E-02 2.87255604813974616E-03 2.64186248182652794E-01
1.49228970E+01 3.82713895915516578E-02 2.85617154466863291E-03 2.65916821298573025E-01
1.49614485E+01 3.81351766105980303E-02 2.84084774959485675E-03 2.67448819519875647E-01
1.50000000E+01 3.79998728007474654E-02 2.82531576984823519E-03 2.68920494120486853E-01
